2569.000000
2794.000000
3487.000000
3752.000000
4684.000000
4687.000000
3886.000000
3637.000000
2292.000000
2641.000000
3688.000000
3312.000000
4751.000000
5459.000000
4833.000000
3946.000000
2608.000000
2925.000000
1654.000000
431.000000
2066.000000
4721.000000
4558.000000
3708.000000
2938.000000
3012.000000
390.000000
375.000000
6937.000000
4646.000000
4003.000000
4034.000000
2859.000000
3069.000000
3641.000000
1446.000000
6663.000000
1945.000000
3763.000000
3621.000000
2736.000000
1994.000000
1817.000000
2744.000000
1174.000000
1926.000000
4018.000000
3494.000000
2448.000000
3188.000000
3042.000000
3128.000000
3190.000000
3767.000000
3961.000000
3067.000000
2580.000000
2910.000000
2801.000000
2939.000000
3552.000000
5062.000000
3556.000000
2926.000000
