4907.000000
5965.000000
6898.000000
6464.000000
5401.000000
6100.000000
3361.000000
6356.000000
4248.000000
7706.000000
6895.000000
6274.000000
4989.000000
4893.000000
5891.000000
6479.000000
2399.000000
2523.000000
3344.000000
4329.000000
2167.000000
1565.000000
3707.000000
6223.000000
5622.000000
4429.000000
5097.000000
6517.000000
5787.000000
2225.000000
2149.000000
3246.000000
2998.000000
1706.000000
2620.000000
1344.000000
6613.000000
6009.000000
4804.000000
5335.000000
6583.000000
5575.000000
2384.000000
2121.000000
3778.000000
3375.000000
3199.000000
2667.000000
1715.000000
7344.000000
6541.000000
5395.000000
5845.000000
6915.000000
7031.000000
1436.000000
2666.000000
4289.000000
3590.000000
2770.000000
2459.000000
4777.000000
7695.000000
7105.000000
5979.000000
6466.000000
7300.000000
7636.000000
3012.000000
2231.000000
3290.000000
2870.000000
1302.000000
2639.000000
8033.000000
7939.000000
7252.000000
6298.000000
6794.000000
7513.000000
7884.000000
7028.000000
1690.000000
2922.000000
2541.000000
1312.000000
3207.000000
8239.000000
8010.000000
7213.000000
5369.000000
5162.000000
6135.000000
6875.000000
7039.000000
2776.000000
2647.000000
2705.000000
1567.000000
6126.000000
7387.000000
6904.000000
6194.000000
4916.000000
5062.000000
5932.000000
6216.000000
6340.000000
6514.000000
2326.000000
2349.000000
2032.000000
4815.000000
5625.000000
5311.000000
5027.000000
3816.000000
4166.000000
4489.000000
5224.000000
4984.000000
4645.000000
3023.000000
2023.000000
3168.000000
3190.000000
3469.000000
3348.000000
2740.000000
2506.000000
2790.000000
2424.000000
2860.000000
3064.000000
3266.000000
2896.000000
1949.000000
2364.000000
2988.000000
2860.000000
2140.000000
1553.000000
1836.000000
1672.000000
2058.000000
1949.000000
1999.000000
2625.000000
1961.000000
2266.000000
745.000000
3045.000000
2827.000000
1809.000000
1331.000000
1759.000000
1310.000000
2174.000000
1551.000000
1478.000000
3042.000000
2254.000000
1766.000000
1576.000000
2164.000000
1908.000000
1572.000000
1535.000000
802.000000
