1406.000000
1216.000000
1243.000000
1481.000000
1732.000000
1819.000000
1748.000000
1642.000000
1502.000000
1452.000000
1478.000000
1530.000000
1733.000000
1923.000000
1414.000000
1352.000000
1467.000000
1764.000000
1993.000000
2002.000000
1900.000000
1686.000000
1549.000000
1506.000000
1469.000000
1547.000000
1738.000000
1938.000000
1446.000000
1558.000000
1814.000000
2035.000000
2198.000000
2136.000000
2009.000000
1812.000000
1710.000000
1614.000000
1572.000000
1631.000000
1847.000000
2016.000000
1525.000000
1850.000000
2076.000000
2185.000000
2235.000000
2202.000000
2050.000000
1944.000000
1805.000000
1695.000000
1690.000000
1749.000000
1979.000000
2085.000000
1774.000000
2047.000000
2268.000000
2348.000000
2408.000000
2315.000000
2125.000000
1972.000000
1885.000000
1855.000000
1898.000000
1948.000000
2098.000000
2212.000000
1963.000000
2241.000000
2391.000000
2481.000000
2474.000000
2352.000000
2136.000000
1975.000000
1921.000000
2013.000000
2081.000000
2132.000000
2208.000000
2308.000000
2061.000000
2299.000000
2475.000000
2518.000000
2490.000000
2297.000000
2063.000000
1977.000000
1978.000000
2119.000000
2246.000000
2300.000000
2336.000000
2386.000000
3894.000000
4131.000000
2578.000000
2432.000000
2335.000000
2162.000000
1891.000000
1898.000000
1937.000000
2261.000000
2433.000000
2494.000000
2459.000000
2432.000000
2741.000000
3190.000000
3995.000000
2306.000000
2145.000000
2050.000000
1812.000000
946.000000
1807.000000
6080.000000
2832.000000
2675.000000
2665.000000
2496.000000
2041.000000
2901.000000
3477.000000
2096.000000
1928.000000
1821.000000
2199.000000
3852.000000
3944.000000
4159.000000
4080.000000
5677.000000
2812.000000
2681.000000
1771.000000
2821.000000
3239.000000
2063.000000
1932.000000
416.000000
4317.000000
2731.000000
2884.000000
3590.000000
3542.000000
3747.000000
4709.000000
2872.000000
1411.000000
2113.000000
1572.000000
993.000000
363.000000
2383.000000
4265.000000
3904.000000
4154.000000
3179.000000
3277.000000
3175.000000
3507.000000
4181.000000
2636.000000
807.000000
598.000000
251.000000
288.000000
5377.000000
5043.000000
4319.000000
2525.000000
2545.000000
2515.000000
3584.000000
2774.000000
2978.000000
1041.000000
490.000000
402.000000
266.000000
5740.000000
4980.000000
4914.000000
4236.000000
2599.000000
2489.000000
1996.000000
2116.000000
2787.000000
1383.000000
319.000000
710.000000
417.000000
337.000000
5277.000000
4543.000000
4029.000000
3360.000000
2482.000000
2596.000000
2518.000000
2731.000000
2572.000000
2714.000000
383.000000
348.000000
683.000000
5716.000000
4555.000000
3853.000000
3310.000000
2693.000000
2513.000000
2598.000000
2630.000000
2624.000000
2620.000000
2627.000000
2273.000000
320.000000
240.000000
4380.000000
3462.000000
3269.000000
3207.000000
2767.000000
2751.000000
2704.000000
2663.000000
2580.000000
2592.000000
2630.000000
504.000000
176.000000
245.000000
3254.000000
2747.000000
2890.000000
2649.000000
2854.000000
2863.000000
2804.000000
2676.000000
2564.000000
2544.000000
2562.000000
133.000000
193.000000
34.000000
174.000000
2270.000000
1713.000000
2957.000000
2917.000000
2936.000000
2837.000000
2704.000000
2552.000000
2512.000000
2511.000000
1963.000000
2028.000000
301.000000
50.000000
39.000000
1550.000000
2846.000000
2928.000000
2931.000000
2905.000000
2777.000000
2582.000000
2465.000000
2501.000000
2002.000000
2156.000000
2356.000000
2570.000000
54.000000
2368.000000
2830.000000
2902.000000
2891.000000
2809.000000
2727.000000
2540.000000
2490.000000
2543.000000
803.000000
1018.000000
2383.000000
2676.000000
130.000000
2760.000000
2860.000000
2907.000000
2861.000000
2750.000000
2592.000000
2502.000000
2520.000000
2634.000000
2013.000000
2119.000000
1606.000000
2670.000000
1890.000000
2889.000000
2840.000000
2868.000000
2789.000000
2703.000000
2511.000000
2517.000000
2542.000000
2680.000000
2071.000000
2312.000000
2537.000000
1237.000000
2636.000000
3499.000000
3653.000000
3468.000000
2812.000000
2698.000000
2522.000000
2548.000000
2604.000000
2692.000000
2152.000000
2367.000000
2595.000000
2738.000000
2012.000000
3042.000000
2948.000000
2473.000000
1762.000000
4550.000000
2566.000000
2611.000000
2662.000000
2725.000000
2214.000000
2416.000000
2585.000000
2733.000000
2402.000000
2894.000000
2865.000000
2846.000000
2747.000000
2688.000000
1519.000000
4453.000000
2728.000000
2788.000000
2256.000000
2446.000000
2621.000000
2733.000000
2280.000000
2816.000000
2851.000000
2825.000000
2747.000000
2697.000000
2642.000000
2675.000000
2649.000000
833.000000
2251.000000
2422.000000
2611.000000
2706.000000
2722.000000
2739.000000
2817.000000
2877.000000
2781.000000
2743.000000
2701.000000
2709.000000
2670.000000
2629.000000
2260.000000
2390.000000
2517.000000
2661.000000
2864.000000
2754.000000
2754.000000
2802.000000
2752.000000
2704.000000
2707.000000
2692.000000
2672.000000
2614.000000
