3253.000000
3779.000000
4039.000000
4130.000000
4154.000000
4071.000000
3866.000000
3542.000000
2863.000000
2617.000000
2504.000000
2290.000000
5157.000000
8878.000000
6731.000000
4238.000000
2881.000000
3399.000000
4571.000000
5559.000000
6110.000000
6405.000000
6744.000000
6944.000000
6953.000000
6783.000000
6596.000000
6093.000000
4421.000000
3106.000000
3469.000000
3785.000000
3850.000000
3920.000000
3986.000000
4974.000000
4894.000000
4001.000000
4867.000000
6034.000000
5618.000000
5391.000000
3746.000000
4140.000000
4357.000000
4502.000000
4446.000000
4365.000000
4282.000000
4152.000000
3506.000000
2971.000000
2885.000000
2815.000000
5625.000000
8249.000000
8185.000000
7999.000000
5348.000000
3668.000000
4099.000000
4958.000000
5710.000000
6077.000000
6305.000000
6399.000000
6404.000000
6256.000000
5967.000000
5122.000000
3617.000000
3108.000000
3451.000000
3892.000000
4044.000000
5291.000000
7598.000000
8679.000000
7397.000000
4033.000000
4423.000000
5618.000000
5563.000000
5164.000000
4193.000000
4432.000000
4588.000000
4661.000000
4619.000000
4605.000000
4590.000000
4485.000000
3895.000000
3309.000000
3203.000000
3255.000000
5573.000000
8921.000000
8652.000000
8097.000000
7730.000000
5471.000000
3946.000000
4386.000000
5084.000000
5473.000000
5666.000000
5728.000000
5657.000000
5437.000000
5046.000000
4088.000000
3346.000000
3116.000000
3398.000000
4052.000000
5842.000000
8056.000000
7506.000000
7214.000000
7352.000000
4073.000000
4088.000000
4872.000000
5375.000000
4987.000000
4401.000000
4633.000000
4725.000000
4767.000000
4844.000000
4854.000000
4893.000000
4883.000000
4370.000000
3780.000000
3782.000000
3675.000000
5819.000000
9088.000000
8817.000000
8422.000000
8020.000000
7694.000000
5540.000000
4133.000000
4473.000000
4704.000000
4898.000000
4945.000000
4756.000000
4464.000000
3973.000000
3472.000000
3215.000000
2969.000000
3370.000000
6212.000000
8011.000000
7607.000000
7690.000000
7584.000000
6938.000000
4083.000000
3880.000000
4117.000000
4686.000000
4887.000000
4412.000000
4651.000000
4832.000000
4893.000000
5027.000000
5130.000000
5246.000000
5256.000000
4729.000000
4277.000000
4208.000000
3955.000000
5788.000000
8782.000000
8907.000000
8625.000000
8259.000000
7795.000000
7870.000000
5534.000000
4280.000000
4255.000000
4279.000000
4214.000000
3967.000000
3619.000000
3381.000000
3204.000000
3009.000000
3401.000000
6730.000000
8480.000000
7476.000000
7775.000000
8060.000000
7834.000000
6876.000000
4073.000000
3824.000000
3673.000000
3614.000000
4403.000000
4126.000000
4453.000000
4799.000000
4943.000000
5174.000000
5365.000000
5445.000000
5386.000000
4928.000000
4582.000000
4476.000000
4338.000000
5837.000000
8529.000000
8668.000000
8761.000000
8388.000000
7892.000000
7775.000000
8595.000000
7002.000000
4681.000000
4058.000000
4361.000000
4779.000000
4234.000000
3676.000000
3402.000000
4443.000000
7451.000000
9175.000000
7724.000000
7985.000000
8013.000000
8170.000000
7753.000000
6765.000000
4055.000000
3916.000000
3608.000000
2928.000000
3228.000000
3575.000000
3978.000000
4344.000000
4658.000000
5044.000000
5161.000000
5361.000000
5486.000000
5198.000000
4963.000000
4784.000000
4787.000000
5699.000000
8154.000000
8534.000000
8758.000000
8369.000000
7859.000000
6974.000000
7687.000000
10076.000000
7945.000000
7143.000000
8483.000000
9347.000000
8969.000000
8155.000000
7945.000000
9619.000000
10183.000000
7743.000000
7848.000000
8050.000000
8110.000000
8072.000000
7676.000000
6456.000000
4083.000000
3934.000000
3438.000000
2732.000000
2538.000000
3423.000000
3839.000000
4169.000000
4392.000000
4596.000000
4695.000000
5043.000000
5289.000000
5160.000000
4975.000000
4900.000000
5112.000000
5383.000000
7587.000000
8114.000000
8369.000000
8395.000000
7892.000000
6977.000000
6493.000000
9182.000000
10247.000000
10587.000000
10444.000000
10019.000000
10149.000000
10538.000000
10847.000000
10811.000000
8145.000000
7028.000000
7554.000000
7696.000000
7973.000000
7605.000000
8073.000000
6141.000000
3990.000000
3735.000000
3119.000000
2645.000000
2500.000000
3657.000000
4017.000000
4230.000000
4404.000000
4559.000000
4730.000000
4919.000000
5040.000000
5026.000000
4947.000000
5263.000000
5793.000000
5934.000000
7553.000000
8007.000000
7885.000000
7662.000000
7177.000000
6361.000000
6110.000000
8009.000000
9116.000000
10368.000000
10411.000000
9512.000000
9332.000000
10397.000000
10219.000000
9767.000000
6979.000000
6519.000000
7585.000000
7830.000000
7249.000000
6918.000000
7931.000000
5399.000000
3683.000000
3162.000000
2824.000000
2556.000000
2480.000000
4006.000000
4261.000000
4338.000000
4424.000000
4518.000000
4687.000000
4767.000000
4859.000000
5367.000000
6538.000000
7967.000000
8626.000000
8708.000000
9061.000000
8348.000000
8032.000000
6867.000000
6610.000000
6576.000000
6834.000000
7560.000000
8581.000000
9474.000000
10084.000000
9684.000000
9826.000000
10092.000000
8999.000000
8156.000000
6716.000000
5931.000000
7027.000000
7757.000000
7118.000000
6142.000000
7166.000000
4631.000000
3634.000000
2984.000000
2762.000000
2568.000000
2544.000000
4044.000000
4245.000000
4349.000000
4343.000000
4418.000000
4639.000000
4954.000000
5599.000000
7307.000000
9156.000000
9731.000000
9923.000000
10249.000000
10124.000000
8346.000000
6671.000000
6040.000000
6368.000000
7364.000000
7870.000000
7273.000000
6945.000000
7517.000000
8623.000000
8490.000000
9164.000000
8842.000000
8462.000000
7405.000000
7289.000000
6757.000000
6650.000000
6631.000000
6743.000000
6856.000000
8071.000000
6203.000000
4989.000000
3975.000000
3134.000000
2582.000000
2569.000000
4830.000000
4534.000000
4272.000000
4316.000000
4499.000000
5136.000000
6200.000000
7567.000000
9098.000000
9722.000000
9970.000000
10382.000000
10699.000000
10521.000000
7707.000000
5623.000000
6465.000000
7402.000000
7718.000000
7291.000000
6448.000000
6034.000000
6131.000000
7024.000000
6844.000000
7537.000000
6235.000000
6247.000000
6925.000000
7340.000000
7244.000000
6366.000000
4820.000000
4708.000000
6590.000000
9148.000000
7239.000000
5691.000000
4818.000000
4053.000000
3029.000000
2544.000000
6524.000000
6023.000000
5110.000000
5125.000000
5853.000000
7101.000000
8058.000000
8939.000000
9799.000000
10211.000000
10563.000000
10763.000000
10820.000000
10803.000000
8050.000000
5546.000000
7328.000000
8094.000000
7827.000000
7054.000000
6605.000000
6490.000000
5959.000000
6595.000000
5320.000000
5927.000000
5340.000000
5392.000000
6396.000000
6430.000000
6969.000000
6910.000000
5115.000000
4001.000000
6718.000000
9807.000000
8054.000000
6295.000000
5247.000000
4488.000000
3790.000000
2805.000000
7329.000000
7332.000000
6993.000000
6867.000000
7862.000000
8543.000000
8591.000000
9210.000000
9957.000000
10479.000000
10686.000000
10810.000000
10893.000000
10828.000000
8275.000000
5905.000000
7540.000000
7898.000000
7810.000000
7320.000000
7084.000000
6381.000000
5910.000000
6461.000000
5107.000000
6066.000000
5124.000000
5334.000000
5785.000000
5974.000000
6596.000000
7107.000000
6041.000000
4459.000000
7871.000000
10195.000000
8541.000000
7007.000000
5787.000000
4799.000000
4329.000000
3382.000000
7667.000000
8117.000000
8192.000000
8243.000000
8669.000000
8796.000000
8872.000000
9404.000000
10157.000000
10548.000000
10721.000000
10839.000000
10908.000000
10885.000000
9014.000000
7157.000000
7519.000000
7816.000000
7794.000000
7855.000000
7700.000000
6295.000000
5600.000000
5909.000000
4993.000000
5999.000000
5200.000000
5315.000000
5914.000000
6174.000000
6311.000000
6591.000000
5900.000000
4915.000000
8938.000000
10520.000000
8772.000000
7366.000000
6339.000000
5054.000000
4525.000000
3934.000000
8119.000000
8508.000000
8612.000000
8907.000000
8942.000000
8969.000000
9178.000000
9651.000000
10403.000000
10637.000000
10802.000000
10812.000000
10921.000000
10986.000000
9347.000000
7634.000000
7891.000000
7986.000000
8013.000000
7626.000000
8045.000000
6929.000000
5864.000000
5280.000000
5001.000000
5290.000000
5531.000000
5424.000000
6875.000000
6290.000000
6295.000000
6443.000000
6183.000000
6115.000000
8900.000000
10668.000000
9266.000000
8011.000000
7219.000000
5452.000000
4989.000000
4318.000000
8367.000000
8626.000000
8839.000000
9218.000000
9063.000000
9116.000000
9385.000000
9868.000000
10468.000000
10614.000000
10795.000000
10820.000000
10929.000000
10873.000000
8621.000000
7587.000000
8589.000000
8477.000000
8339.000000
7517.000000
8132.000000
7241.000000
6318.000000
4859.000000
4983.000000
5033.000000
6014.000000
5935.000000
7121.000000
5828.000000
6492.000000
6446.000000
6451.000000
6146.000000
8255.000000
10823.000000
10604.000000
10060.000000
9657.000000
7872.000000
7635.000000
6247.000000
8510.000000
8666.000000
8993.000000
9349.000000
9068.000000
9120.000000
9570.000000
10044.000000
10504.000000
10585.000000
10772.000000
10803.000000
10844.000000
10777.000000
8258.000000
7929.000000
8829.000000
8467.000000
8618.000000
8165.000000
8423.000000
7579.000000
6933.000000
5509.000000
5521.000000
5481.000000
6438.000000
6773.000000
7196.000000
6514.000000
6869.000000
6691.000000
6967.000000
6006.000000
7420.000000
10773.000000
11176.000000
11123.000000
11063.000000
10862.000000
10768.000000
10192.000000
8505.000000
8625.000000
9004.000000
9322.000000
9027.000000
9081.000000
9635.000000
10191.000000
10535.000000
10587.000000
10741.000000
10769.000000
10792.000000
10761.000000
8513.000000
7826.000000
7344.000000
6932.000000
5918.000000
5819.000000
6610.000000
7920.000000
6848.000000
6239.000000
6480.000000
6366.000000
6163.000000
7437.000000
7698.000000
6144.000000
6807.000000
6591.000000
6911.000000
6060.000000
7073.000000
10727.000000
11167.000000
11175.000000
11026.000000
10620.000000
10703.000000
10443.000000
8559.000000
8690.000000
9031.000000
9324.000000
9094.000000
8969.000000
9503.000000
10259.000000
10531.000000
10561.000000
10639.000000
10688.000000
10735.000000
10824.000000
8861.000000
6746.000000
5248.000000
6533.000000
5643.000000
5665.000000
4156.000000
6334.000000
7545.000000
6579.000000
7244.000000
6379.000000
6432.000000
7019.000000
4442.000000
3386.000000
3893.000000
4614.000000
5176.000000
5504.000000
6851.000000
10742.000000
11148.000000
11113.000000
10391.000000
9635.000000
9816.000000
9777.000000
8662.000000
8796.000000
9110.000000
9385.000000
9149.000000
8944.000000
9358.000000
10181.000000
10521.000000
10494.000000
10502.000000
10581.000000
10595.000000
10782.000000
8779.000000
7258.000000
6967.000000
6851.000000
6681.000000
4471.000000
5168.000000
4598.000000
7580.000000
7428.000000
7593.000000
6360.000000
7349.000000
4509.000000
3949.000000
4191.000000
5076.000000
4837.000000
3774.000000
4348.000000
5977.000000
10111.000000
11021.000000
10841.000000
9798.000000
8818.000000
8864.000000
8930.000000
8725.000000
8850.000000
9072.000000
9394.000000
9209.000000
9064.000000
9348.000000
10101.000000
10471.000000
10488.000000
10442.000000
10480.000000
10557.000000
10742.000000
9180.000000
8209.000000
7173.000000
5664.000000
6400.000000
5708.000000
5522.000000
3504.000000
6532.000000
7946.000000
7563.000000
7318.000000
5354.000000
3428.000000
4515.000000
4322.000000
6413.000000
4939.000000
4261.000000
3618.000000
5120.000000
8460.000000
10070.000000
10009.000000
9505.000000
8427.000000
7549.000000
7679.000000
8754.000000
8772.000000
8903.000000
9345.000000
9387.000000
9396.000000
9573.000000
10047.000000
10372.000000
10493.000000
10463.000000
10319.000000
10426.000000
10615.000000
10293.000000
9045.000000
7703.000000
5984.000000
4914.000000
5665.000000
7540.000000
7383.000000
6552.000000
7902.000000
7453.000000
7217.000000
5168.000000
6208.000000
5662.000000
5679.000000
4779.000000
4402.000000
5297.000000
4137.000000
4235.000000
4760.000000
6753.000000
8199.000000
8570.000000
7429.000000
6979.000000
6084.000000
8593.000000
8726.000000
8785.000000
9207.000000
9540.000000
9735.000000
9835.000000
10006.000000
10220.000000
10298.000000
10298.000000
10227.000000
9870.000000
9757.000000
10366.000000
9475.000000
8340.000000
7316.000000
5608.000000
5103.000000
5981.000000
7251.000000
6629.000000
7860.000000
7593.000000
6460.000000
6272.000000
8068.000000
5528.000000
4363.000000
4604.000000
5464.000000
6059.000000
5019.000000
3720.000000
2543.000000
3861.000000
5556.000000
6658.000000
7272.000000
6568.000000
5450.000000
8156.000000
8708.000000
8562.000000
8833.000000
9382.000000
9781.000000
9866.000000
9837.000000
9973.000000
10016.000000
9902.000000
9694.000000
9236.000000
9324.000000
10139.000000
9128.000000
6647.000000
6909.000000
6616.000000
6277.000000
6320.000000
6666.000000
6933.000000
7920.000000
7673.000000
6352.000000
5936.000000
6277.000000
5144.000000
4680.000000
5432.000000
6544.000000
6296.000000
4938.000000
2939.000000
2131.000000
3128.000000
3769.000000
5025.000000
6564.000000
5572.000000
4539.000000
7451.000000
8055.000000
8167.000000
8257.000000
8675.000000
9382.000000
9560.000000
9428.000000
9519.000000
9608.000000
9439.000000
9365.000000
8692.000000
8293.000000
9715.000000
9845.000000
7953.000000
7604.000000
7499.000000
6916.000000
6927.000000
8045.000000
6950.000000
6939.000000
6831.000000
5645.000000
6270.000000
6237.000000
5641.000000
5177.000000
5880.000000
5863.000000
5621.000000
4168.000000
1932.000000
1589.000000
1548.000000
2195.000000
3582.000000
4287.000000
4189.000000
3965.000000
6534.000000
6786.000000
7011.000000
7422.000000
7730.000000
8205.000000
8384.000000
8315.000000
8511.000000
8844.000000
8713.000000
8750.000000
8064.000000
7584.000000
9120.000000
10821.000000
9860.000000
8470.000000
8336.000000
8089.000000
8485.000000
9253.000000
6719.000000
5197.000000
5308.000000
4561.000000
7380.000000
7117.000000
5947.000000
5793.000000
5277.000000
4409.000000
3997.000000
2817.000000
1211.000000
1011.000000
1226.000000
1787.000000
2090.000000
3122.000000
3303.000000
3230.000000
5591.000000
5395.000000
5451.000000
6217.000000
6603.000000
6935.000000
7100.000000
7284.000000
7579.000000
7768.000000
7863.000000
8129.000000
7597.000000
7115.000000
8091.000000
10812.000000
10700.000000
9337.000000
8977.000000
9477.000000
9133.000000
9464.000000
7937.000000
5023.000000
4713.000000
5930.000000
8602.000000
7882.000000
7055.000000
6331.000000
5886.000000
5026.000000
3753.000000
2119.000000
1434.000000
1252.000000
1487.000000
1888.000000
1996.000000
3079.000000
2833.000000
2800.000000
5144.000000
4964.000000
4936.000000
5671.000000
6210.000000
6559.000000
6737.000000
6902.000000
7114.000000
6751.000000
6054.000000
6437.000000
6099.000000
5636.000000
6820.000000
10194.000000
10905.000000
9967.000000
9156.000000
9205.000000
9061.000000
9444.000000
9359.000000
5755.000000
4550.000000
8654.000000
9029.000000
8548.000000
8097.000000
6573.000000
5116.000000
4039.000000
2741.000000
1404.000000
1667.000000
1534.000000
1682.000000
2844.000000
2920.000000
3608.000000
2816.000000
3132.000000
5077.000000
4945.000000
4819.000000
5610.000000
6356.000000
6628.000000
6721.000000
6893.000000
6993.000000
6157.000000
5048.000000
5022.000000
5017.000000
4552.000000
5556.000000
9119.000000
10935.000000
10268.000000
9369.000000
9198.000000
8844.000000
8861.000000
8450.000000
4823.000000
5507.000000
8675.000000
8660.000000
8179.000000
7351.000000
5938.000000
4849.000000
3507.000000
1623.000000
1150.000000
1739.000000
1687.000000
2747.000000
4316.000000
5097.000000
5048.000000
3771.000000
3589.000000
4503.000000
4560.000000
4507.000000
5206.000000
6385.000000
6765.000000
6859.000000
7065.000000
6957.000000
5787.000000
5239.000000
5105.000000
5098.000000
4609.000000
5386.000000
8229.000000
10847.000000
10432.000000
9625.000000
8958.000000
8432.000000
7613.000000
6187.000000
3603.000000
4239.000000
6553.000000
7198.000000
7117.000000
6517.000000
5344.000000
4747.000000
3146.000000
1506.000000
1353.000000
2061.000000
3182.000000
3392.000000
4694.000000
6215.000000
5297.000000
5304.000000
3813.000000
4006.000000
4253.000000
4383.000000
4757.000000
5952.000000
6791.000000
7205.000000
7371.000000
6813.000000
5779.000000
5238.000000
5259.000000
4842.000000
4355.000000
4838.000000
6785.000000
10581.000000
10764.000000
9846.000000
9025.000000
8368.000000
7555.000000
6834.000000
5849.000000
5679.000000
5656.000000
5879.000000
5897.000000
6261.000000
5333.000000
3579.000000
1840.000000
1726.000000
1930.000000
3034.000000
3769.000000
3255.000000
5259.000000
5941.000000
5206.000000
5208.000000
3934.000000
3511.000000
3907.000000
4205.000000
4501.000000
5314.000000
6561.000000
7356.000000
7244.000000
6598.000000
6300.000000
5753.000000
5045.000000
4690.000000
4466.000000
4612.000000
6924.000000
9546.000000
10925.000000
10360.000000
9323.000000
8412.000000
7867.000000
7495.000000
7063.000000
6905.000000
6371.000000
5350.000000
4856.000000
5042.000000
4491.000000
2642.000000
1744.000000
1327.000000
2522.000000
3762.000000
3615.000000
3496.000000
4821.000000
4336.000000
5107.000000
4823.000000
4050.000000
3159.000000
3451.000000
3839.000000
4121.000000
4400.000000
5103.000000
5935.000000
6326.000000
6418.000000
6251.000000
5779.000000
5289.000000
5149.000000
4408.000000
4907.000000
5406.000000
6856.000000
10799.000000
10776.000000
9880.000000
8709.000000
7902.000000
7289.000000
6700.000000
6088.000000
4987.000000
4402.000000
3775.000000
3077.000000
3260.000000
2563.000000
1755.000000
1650.000000
2546.000000
3772.000000
2982.000000
3540.000000
4176.000000
3582.000000
4160.000000
3337.000000
3578.000000
2951.000000
3155.000000
3538.000000
3756.000000
3839.000000
4049.000000
4337.000000
4878.000000
5334.000000
5346.000000
5151.000000
5175.000000
4754.000000
4411.000000
5245.000000
4180.000000
6008.000000
9811.000000
10910.000000
10275.000000
9100.000000
8178.000000
7264.000000
6126.000000
5026.000000
3763.000000
3067.000000
2730.000000
2173.000000
2272.000000
2496.000000
1773.000000
2044.000000
2800.000000
3601.000000
2642.000000
3433.000000
3518.000000
3310.000000
3375.000000
2588.000000
3144.000000
2885.000000
3032.000000
3280.000000
3526.000000
3712.000000
3743.000000
3873.000000
4136.000000
4265.000000
4178.000000
4103.000000
4373.000000
4042.000000
4959.000000
4348.000000
4064.000000
4591.000000
7677.000000
10702.000000
10570.000000
9524.000000
8478.000000
7321.000000
5805.000000
4848.000000
3691.000000
3090.000000
2707.000000
2212.000000
2431.000000
2679.000000
2276.000000
2201.000000
2610.000000
3082.000000
2574.000000
3383.000000
2787.000000
2884.000000
3054.000000
2678.000000
2880.000000
2822.000000
2955.000000
3115.000000
3284.000000
3442.000000
3556.000000
3582.000000
3673.000000
3721.000000
3709.000000
4026.000000
4249.000000
4424.000000
4559.000000
3797.000000
4203.000000
4101.000000
6245.000000
10100.000000
10766.000000
9934.000000
8697.000000
7191.000000
6025.000000
5290.000000
3947.000000
3784.000000
3115.000000
2588.000000
2261.000000
2279.000000
2450.000000
2021.000000
2296.000000
2590.000000
2329.000000
3090.000000
2591.000000
2766.000000
3031.000000
2937.000000
2635.000000
2768.000000
2957.000000
3109.000000
3208.000000
3296.000000
3372.000000
3517.000000
3642.000000
3639.000000
3619.000000
3781.000000
3818.000000
4344.000000
4014.000000
3839.000000
4202.000000
4218.000000
5569.000000
8379.000000
10675.000000
10385.000000
8965.000000
7485.000000
6617.000000
5087.000000
4664.000000
4093.000000
3355.000000
2655.000000
2085.000000
2196.000000
2593.000000
1824.000000
2246.000000
2534.000000
2750.000000
2854.000000
2647.000000
2872.000000
2613.000000
3028.000000
2657.000000
2662.000000
2859.000000
3010.000000
3129.000000
3249.000000
3354.000000
3475.000000
3596.000000
3621.000000
3623.000000
4011.000000
3853.000000
4103.000000
3785.000000
3800.000000
4057.000000
4025.000000
4286.000000
7127.000000
10032.000000
10505.000000
9287.000000
8023.000000
6542.000000
5332.000000
5356.000000
4220.000000
3251.000000
2457.000000
2047.000000
2708.000000
2710.000000
2014.000000
2607.000000
3180.000000
3149.000000
2374.000000
2730.000000
3103.000000
2342.000000
2893.000000
2794.000000
2527.000000
2712.000000
2893.000000
3036.000000
3168.000000
3304.000000
3464.000000
3588.000000
3645.000000
3647.000000
3700.000000
3709.000000
3977.000000
3823.000000
3866.000000
4091.000000
4053.000000
4234.000000
5894.000000
8604.000000
10419.000000
9611.000000
8097.000000
6147.000000
5800.000000
5563.000000
4158.000000
3265.000000
2603.000000
2195.000000
3043.000000
2761.000000
2739.000000
3337.000000
3180.000000
3300.000000
2337.000000
2691.000000
3362.000000
2516.000000
2518.000000
2620.000000
2383.000000
2585.000000
2774.000000
2945.000000
3099.000000
3260.000000
3457.000000
3590.000000
3671.000000
3672.000000
3691.000000
3912.000000
3986.000000
3837.000000
3985.000000
4092.000000
4171.000000
4316.000000
4690.000000
6932.000000
9980.000000
9839.000000
7945.000000
6030.000000
6151.000000
5402.000000
4224.000000
3566.000000
2990.000000
2378.000000
2893.000000
2930.000000
3519.000000
3368.000000
2746.000000
3370.000000
2469.000000
2575.000000
3409.000000
2675.000000
2276.000000
2510.000000
2337.000000
2546.000000
2740.000000
2901.000000
3057.000000
3194.000000
3376.000000
3514.000000
3608.000000
3654.000000
3767.000000
3978.000000
3988.000000
3962.000000
4042.000000
4095.000000
4146.000000
4164.000000
4347.000000
5942.000000
9824.000000
10039.000000
7698.000000
6545.000000
6331.000000
5360.000000
4427.000000
3689.000000
3181.000000
2591.000000
2688.000000
3022.000000
3698.000000
3013.000000
2471.000000
3378.000000
2490.000000
2333.000000
3321.000000
2879.000000
2246.000000
2529.000000
