6198.000000
3478.000000
1282.000000
3003.000000
2930.000000
3543.000000
7820.000000
9194.000000
8059.000000
2259.000000
3909.000000
4837.000000
2146.000000
10044.000000
5227.000000
3615.000000
2750.000000
2996.000000
4559.000000
11110.000000
9768.000000
13474.000000
2254.000000
3336.000000
5772.000000
2227.000000
15086.000000
10295.000000
2679.000000
13631.000000
14775.000000
14447.000000
12514.000000
3687.000000
7416.000000
1882.000000
3582.000000
6667.000000
2351.000000
16048.000000
16541.000000
2374.000000
15623.000000
14062.000000
10458.000000
7517.000000
6253.000000
8154.000000
2533.000000
4480.000000
7114.000000
2305.000000
8155.000000
16797.000000
6089.000000
14200.000000
10595.000000
8808.000000
11058.000000
6123.000000
11441.000000
2861.000000
3142.000000
8187.000000
2211.000000
656.000000
13898.000000
12154.000000
14661.000000
9023.000000
12825.000000
4002.000000
1946.000000
10586.000000
8510.000000
2652.000000
9047.000000
2462.000000
392.000000
2886.000000
11177.000000
14741.000000
11720.000000
6092.000000
4472.000000
2179.000000
3144.000000
8069.000000
8511.000000
8034.000000
2998.000000
213.000000
290.000000
8838.000000
14101.000000
8971.000000
6298.000000
9473.000000
4965.000000
5867.000000
2063.000000
4371.000000
4735.000000
3132.000000
208.000000
177.000000
2016.000000
16437.000000
9323.000000
9830.000000
6681.000000
11363.000000
6558.000000
1475.000000
1711.000000
1866.000000
4348.000000
1128.000000
1571.000000
1967.000000
15863.000000
15934.000000
14391.000000
13824.000000
12896.000000
11304.000000
2456.000000
1479.000000
1649.000000
2790.000000
2489.000000
1633.000000
3451.000000
16235.000000
14562.000000
12081.000000
13946.000000
10920.000000
11493.000000
6967.000000
1585.000000
1255.000000
1665.000000
2436.000000
2446.000000
6039.000000
15334.000000
15328.000000
13610.000000
12356.000000
14226.000000
10218.000000
15100.000000
3769.000000
547.000000
512.000000
2203.000000
2376.000000
5530.000000
9095.000000
11378.000000
1612.000000
6324.000000
13195.000000
13548.000000
13731.000000
10590.000000
419.000000
768.000000
