5087.000000
5094.000000
5147.000000
5180.000000
4921.000000
4966.000000
5578.000000
5261.000000
5149.000000
4479.000000
4219.000000
4062.000000
5704.000000
5738.000000
5569.000000
5359.000000
5125.000000
6201.000000
5875.000000
5254.000000
5042.000000
5305.000000
4507.000000
3738.000000
5740.000000
5214.000000
6093.000000
5633.000000
5592.000000
5598.000000
7265.000000
4527.000000
6889.000000
4366.000000
4516.000000
4075.000000
5359.000000
5470.000000
5586.000000
5301.000000
5451.000000
7165.000000
9226.000000
6743.000000
8323.000000
5722.000000
5217.000000
4846.000000
5208.000000
5775.000000
7805.000000
7645.000000
5260.000000
7506.000000
6266.000000
7047.000000
4313.000000
4323.000000
5225.000000
4491.000000
7655.000000
8653.000000
7954.000000
8657.000000
6534.000000
8814.000000
8138.000000
8659.000000
6417.000000
5000.000000
5198.000000
4561.000000
7284.000000
8118.000000
7502.000000
8039.000000
4478.000000
8110.000000
8511.000000
8474.000000
5991.000000
4619.000000
4279.000000
4595.000000
7854.000000
9038.000000
6734.000000
5846.000000
4766.000000
7951.000000
7011.000000
4163.000000
6486.000000
6526.000000
4347.000000
4377.000000
7786.000000
10084.000000
9432.000000
5592.000000
5981.000000
8804.000000
8118.000000
5644.000000
7232.000000
6492.000000
4351.000000
4387.000000
8030.000000
9991.000000
9337.000000
7683.000000
7346.000000
8436.000000
6987.000000
8025.000000
8825.000000
4834.000000
4115.000000
3854.000000
6181.000000
9058.000000
8735.000000
7285.000000
7732.000000
5768.000000
6570.000000
6369.000000
6138.000000
8090.000000
3362.000000
3637.000000
7472.000000
7608.000000
6916.000000
7510.000000
4661.000000
3814.000000
6472.000000
6839.000000
1215.000000
6359.000000
7666.000000
4147.000000
