2493.000000
2399.000000
2336.000000
2100.000000
1816.000000
1596.000000
1489.000000
1538.000000
1637.000000
1709.000000
1647.000000
977.000000
821.000000
811.000000
718.000000
2091.000000
1382.000000
1124.000000
1865.000000
1453.000000
942.000000
1210.000000
1170.000000
1123.000000
1128.000000
1332.000000
1469.000000
1563.000000
1619.000000
1714.000000
1737.000000
1724.000000
1005.000000
749.000000
706.000000
944.000000
2430.000000
1312.000000
1376.000000
1839.000000
1270.000000
1143.000000
1036.000000
1138.000000
1118.000000
1180.000000
1312.000000
1475.000000
1677.000000
1673.000000
1780.000000
1759.000000
1786.000000
1064.000000
737.000000
773.000000
1413.000000
2473.000000
1423.000000
1746.000000
1710.000000
1119.000000
1201.000000
1088.000000
1174.000000
1184.000000
1269.000000
1398.000000
1426.000000
1659.000000
1763.000000
1808.000000
1802.000000
1821.000000
1134.000000
752.000000
865.000000
1595.000000
2258.000000
1625.000000
1886.000000
1482.000000
1098.000000
1187.000000
1211.000000
1259.000000
1270.000000
1402.000000
1594.000000
1554.000000
1623.000000
1798.000000
1865.000000
1828.000000
1819.000000
1248.000000
708.000000
906.000000
1387.000000
2130.000000
1818.000000
1819.000000
1244.000000
1087.000000
1148.000000
1270.000000
1309.000000
1279.000000
1383.000000
1663.000000
1768.000000
1671.000000
1811.000000
1905.000000
1896.000000
1913.000000
1415.000000
898.000000
1175.000000
1784.000000
2493.000000
1968.000000
1490.000000
1130.000000
1176.000000
1151.000000
1326.000000
1404.000000
1845.000000
1235.000000
1425.000000
1581.000000
1711.000000
1854.000000
1946.000000
1810.000000
1194.000000
1048.000000
1206.000000
1407.000000
1527.000000
2144.000000
1453.000000
1105.000000
1124.000000
1162.000000
1092.000000
1372.000000
1405.000000
1553.000000
1998.000000
1746.000000
1157.000000
1427.000000
1809.000000
1579.000000
1020.000000
921.000000
1091.000000
1284.000000
1551.000000
1654.000000
1857.000000
1164.000000
824.000000
1084.000000
1148.000000
1020.000000
1434.000000
1450.000000
1426.000000
1918.000000
2435.000000
1830.000000
1335.000000
1271.000000
1350.000000
1599.000000
1342.000000
1543.000000
2769.000000
1785.000000
1949.000000
2210.000000
1780.000000
840.000000
1092.000000
1170.000000
1003.000000
1503.000000
1596.000000
1688.000000
1632.000000
1795.000000
2073.000000
1579.000000
1255.000000
1427.000000
1408.000000
1380.000000
2169.000000
1854.000000
2250.000000
2202.000000
1628.000000
1340.000000
949.000000
990.000000
1113.000000
944.000000
1668.000000
1751.000000
1885.000000
1793.000000
1844.000000
1986.000000
2051.000000
2268.000000
1465.000000
1404.000000
1346.000000
2000.000000
1984.000000
2257.000000
745.000000
1635.000000
1328.000000
920.000000
936.000000
1024.000000
921.000000
1795.000000
1786.000000
1827.000000
1776.000000
1759.000000
1517.000000
1463.000000
1602.000000
1801.000000
2152.000000
2080.000000
2445.000000
2185.000000
2083.000000
1674.000000
1317.000000
1667.000000
917.000000
839.000000
925.000000
933.000000
1740.000000
1713.000000
1678.000000
1670.000000
1717.000000
1406.000000
703.000000
1370.000000
1725.000000
1340.000000
971.000000
1221.000000
2200.000000
1730.000000
1855.000000
2417.000000
1874.000000
1439.000000
902.000000
963.000000
1020.000000
1665.000000
1708.000000
1768.000000
1854.000000
1911.000000
1891.000000
1072.000000
1435.000000
1175.000000
2285.000000
2073.000000
2248.000000
1359.000000
1563.000000
1428.000000
2630.000000
1836.000000
1646.000000
1284.000000
1210.000000
1211.000000
1690.000000
1833.000000
1944.000000
1982.000000
2051.000000
2099.000000
1471.000000
1255.000000
1235.000000
1325.000000
1603.000000
3209.000000
1078.000000
668.000000
1429.000000
2056.000000
2700.000000
2735.000000
1454.000000
1366.000000
1493.000000
1893.000000
2010.000000
2028.000000
2050.000000
2096.000000
2102.000000
2008.000000
866.000000
1355.000000
1961.000000
2146.000000
2556.000000
1946.000000
1267.000000
1972.000000
2111.000000
2993.000000
2438.000000
1475.000000
1716.000000
1653.000000
2031.000000
2033.000000
2036.000000
2014.000000
2018.000000
2032.000000
2037.000000
1348.000000
1364.000000
1461.000000
2388.000000
2273.000000
2071.000000
1275.000000
1205.000000
2636.000000
2883.000000
2156.000000
1652.000000
1659.000000
1830.000000
1977.000000
1968.000000
1962.000000
1955.000000
1965.000000
2000.000000
2058.000000
1917.000000
1272.000000
1505.000000
2622.000000
2655.000000
1634.000000
1499.000000
2201.000000
2751.000000
2743.000000
2914.000000
1781.000000
1688.000000
1736.000000
1920.000000
1920.000000
1921.000000
1928.000000
1942.000000
1982.000000
2009.000000
2342.000000
2001.000000
1832.000000
1851.000000
2662.000000
3027.000000
2752.000000
2689.000000
2373.000000
2634.000000
3099.000000
2399.000000
1571.000000
1528.000000
1876.000000
1887.000000
1882.000000
1874.000000
1888.000000
1821.000000
1728.000000
3081.000000
2773.000000
2590.000000
2232.000000
2471.000000
2348.000000
2202.000000
2123.000000
2202.000000
2590.000000
3085.000000
2914.000000
1605.000000
1568.000000
1834.000000
1825.000000
1819.000000
1749.000000
1612.000000
1408.000000
1489.000000
3380.000000
3324.000000
2998.000000
2888.000000
2626.000000
2154.000000
2042.000000
2231.000000
2351.000000
2737.000000
3234.000000
3531.000000
2210.000000
1672.000000
