1648.000000
872.000000
1157.000000
767.000000
648.000000
2940.000000
1960.000000
1491.000000
990.000000
1270.000000
1262.000000
1360.000000
1740.000000
3329.000000
2859.000000
2015.000000
3264.000000
3892.000000
2905.000000
2480.000000
2018.000000
3256.000000
2925.000000
3197.000000
3500.000000
4389.000000
3391.000000
4375.000000
4254.000000
3671.000000
4779.000000
4664.000000
654.000000
855.000000
873.000000
777.000000
641.000000
1277.000000
786.000000
973.000000
1032.000000
1119.000000
1322.000000
1426.000000
1794.000000
1855.000000
1809.000000
2745.000000
3104.000000
3436.000000
3009.000000
1411.000000
1269.000000
1548.000000
2984.000000
2931.000000
2584.000000
2438.000000
3320.000000
3477.000000
3921.000000
4959.000000
5159.000000
4616.000000
725.000000
842.000000
918.000000
677.000000
622.000000
777.000000
736.000000
769.000000
1356.000000
1061.000000
1301.000000
3238.000000
4238.000000
2746.000000
1314.000000
2598.000000
3026.000000
3724.000000
2335.000000
1900.000000
1456.000000
1826.000000
2722.000000
2210.000000
2622.000000
2130.000000
2478.000000
2932.000000
3783.000000
4382.000000
4599.000000
4210.000000
806.000000
690.000000
886.000000
729.000000
796.000000
748.000000
781.000000
774.000000
1214.000000
1229.000000
1606.000000
3301.000000
2819.000000
3376.000000
1830.000000
2099.000000
2096.000000
3010.000000
1830.000000
1800.000000
1830.000000
2005.000000
2487.000000
2134.000000
2010.000000
2052.000000
2921.000000
2728.000000
2782.000000
3467.000000
3734.000000
4182.000000
987.000000
744.000000
822.000000
655.000000
684.000000
1086.000000
909.000000
993.000000
1233.000000
1224.000000
3440.000000
3770.000000
3010.000000
2697.000000
3853.000000
1490.000000
2556.000000
1543.000000
1547.000000
1638.000000
1597.000000
2018.000000
3266.000000
2121.000000
2700.000000
3868.000000
2722.000000
3254.000000
3689.000000
4505.000000
4652.000000
4627.000000
1330.000000
1046.000000
1035.000000
1559.000000
968.000000
845.000000
700.000000
1917.000000
1281.000000
3083.000000
1907.000000
1447.000000
3074.000000
2540.000000
3341.000000
1622.000000
1959.000000
1182.000000
1030.000000
1375.000000
1526.000000
2281.000000
3084.000000
2765.000000
2511.000000
2486.000000
2500.000000
2428.000000
3847.000000
3487.000000
3049.000000
4560.000000
1176.000000
1348.000000
1544.000000
856.000000
1066.000000
1055.000000
1207.000000
1489.000000
1303.000000
2041.000000
1216.000000
2450.000000
3041.000000
3276.000000
3393.000000
2320.000000
1794.000000
1024.000000
1771.000000
1154.000000
2009.000000
1841.000000
2737.000000
3678.000000
2580.000000
2901.000000
2949.000000
2574.000000
3618.000000
3289.000000
5549.000000
4157.000000
1378.000000
1414.000000
1098.000000
1140.000000
1301.000000
1105.000000
1581.000000
1762.000000
1362.000000
1657.000000
1030.000000
960.000000
2669.000000
2376.000000
2965.000000
3784.000000
1483.000000
1703.000000
1461.000000
2089.000000
1148.000000
2371.000000
2740.000000
2595.000000
3011.000000
3394.000000
2016.000000
2446.000000
5034.000000
2615.000000
2366.000000
5579.000000
1849.000000
2426.000000
1334.000000
1773.000000
1715.000000
1465.000000
1793.000000
2417.000000
960.000000
2393.000000
4079.000000
2477.000000
1933.000000
2689.000000
2687.000000
3861.000000
1292.000000
991.000000
918.000000
1562.000000
1517.000000
2425.000000
2590.000000
3214.000000
3504.000000
3957.000000
1910.000000
1646.000000
1627.000000
2856.000000
2976.000000
1902.000000
1728.000000
2536.000000
1563.000000
1268.000000
1320.000000
1689.000000
1169.000000
1599.000000
1118.000000
2843.000000
3840.000000
1919.000000
1654.000000
1933.000000
3339.000000
4547.000000
5542.000000
2189.000000
6318.000000
5384.000000
5577.000000
5972.000000
3332.000000
1908.000000
3427.000000
2647.000000
3108.000000
2988.000000
2761.000000
2931.000000
1855.000000
1800.000000
1711.000000
1913.000000
2262.000000
1671.000000
1335.000000
1581.000000
3017.000000
1605.000000
1777.000000
3893.000000
3408.000000
1659.000000
1326.000000
1929.000000
3140.000000
3661.000000
5102.000000
7314.000000
7178.000000
6001.000000
5710.000000
5638.000000
5742.000000
6187.000000
2372.000000
1906.000000
1937.000000
2100.000000
4226.000000
2588.000000
3300.000000
3738.000000
2237.000000
1888.000000
2756.000000
1506.000000
1680.000000
1458.000000
2012.000000
1779.000000
1265.000000
1853.000000
1321.000000
1360.000000
2061.000000
2521.000000
2345.000000
2432.000000
3069.000000
6511.000000
7362.000000
6639.000000
5218.000000
4754.000000
4162.000000
4595.000000
5279.000000
1635.000000
2430.000000
2806.000000
3869.000000
3976.000000
2707.000000
3519.000000
3328.000000
3350.000000
1987.000000
1984.000000
2604.000000
1704.000000
1885.000000
1556.000000
1160.000000
1460.000000
1496.000000
1970.000000
2319.000000
2603.000000
2443.000000
1988.000000
2386.000000
3928.000000
7356.000000
7320.000000
5683.000000
4892.000000
3511.000000
2900.000000
3713.000000
3374.000000
5388.000000
3732.000000
3795.000000
3863.000000
3650.000000
6322.000000
3279.000000
3161.000000
2704.000000
2540.000000
2195.000000
2124.000000
2363.000000
2178.000000
1111.000000
787.000000
751.000000
1906.000000
2375.000000
2503.000000
2262.000000
1641.000000
1854.000000
2808.000000
6581.000000
7350.000000
7294.000000
5290.000000
2173.000000
1983.000000
2937.000000
4510.000000
3557.000000
3067.000000
3252.000000
3690.000000
3666.000000
3420.000000
2017.000000
3099.000000
2434.000000
2251.000000
1992.000000
2104.000000
2910.000000
1181.000000
959.000000
690.000000
625.000000
1735.000000
2401.000000
2529.000000
2051.000000
1376.000000
2067.000000
2632.000000
5063.000000
6978.000000
6226.000000
4913.000000
1046.000000
1575.000000
3384.000000
3736.000000
2886.000000
2732.000000
3116.000000
3217.000000
2691.000000
2506.000000
1456.000000
2247.000000
3147.000000
3734.000000
2651.000000
2576.000000
3381.000000
1081.000000
924.000000
606.000000
771.000000
1916.000000
2525.000000
2368.000000
1976.000000
1355.000000
1506.000000
2422.000000
3880.000000
5949.000000
4628.000000
4146.000000
1217.000000
1748.000000
3001.000000
4051.000000
4219.000000
3404.000000
1937.000000
2327.000000
4690.000000
3321.000000
1632.000000
2060.000000
1938.000000
4395.000000
1893.000000
3641.000000
3835.000000
1221.000000
1228.000000
689.000000
1145.000000
2026.000000
2718.000000
3061.000000
2387.000000
1232.000000
1219.000000
1851.000000
3384.000000
5392.000000
3972.000000
3148.000000
1228.000000
1750.000000
2863.000000
4119.000000
4229.000000
5538.000000
3589.000000
4382.000000
4926.000000
3620.000000
2620.000000
2923.000000
1703.000000
2558.000000
4134.000000
2506.000000
2997.000000
1825.000000
1350.000000
789.000000
1933.000000
2310.000000
2292.000000
2342.000000
1976.000000
1123.000000
844.000000
1405.000000
3016.000000
4724.000000
3679.000000
2552.000000
1300.000000
2006.000000
2736.000000
4035.000000
5071.000000
4055.000000
4214.000000
4182.000000
5077.000000
2659.000000
2872.000000
2821.000000
2938.000000
2885.000000
3228.000000
2656.000000
4715.000000
1134.000000
1337.000000
1326.000000
1801.000000
2373.000000
2088.000000
1617.000000
1814.000000
1480.000000
1318.000000
1396.000000
2866.000000
4364.000000
2974.000000
2272.000000
1292.000000
2381.000000
2725.000000
3717.000000
4648.000000
3234.000000
3965.000000
3089.000000
3458.000000
2868.000000
3483.000000
3677.000000
2876.000000
2543.000000
3580.000000
2187.000000
4092.000000
1066.000000
1511.000000
2308.000000
1959.000000
2497.000000
1874.000000
1736.000000
1318.000000
1392.000000
1438.000000
1469.000000
2502.000000
4112.000000
2864.000000
1132.000000
1172.000000
2567.000000
2519.000000
3685.000000
4834.000000
3232.000000
3919.000000
4288.000000
4752.000000
4500.000000
3238.000000
2347.000000
3843.000000
3637.000000
3980.000000
4627.000000
2135.000000
1156.000000
1519.000000
2212.000000
2326.000000
2652.000000
2390.000000
1728.000000
888.000000
936.000000
967.000000
1181.000000
1971.000000
2876.000000
2448.000000
738.000000
1320.000000
2812.000000
3334.000000
3660.000000
4248.000000
4575.000000
4728.000000
4593.000000
4267.000000
4745.000000
4380.000000
3783.000000
2407.000000
3277.000000
3083.000000
4390.000000
2904.000000
1096.000000
1407.000000
1598.000000
1739.000000
2748.000000
2360.000000
2111.000000
791.000000
784.000000
877.000000
1124.000000
1409.000000
1764.000000
1482.000000
1087.000000
2426.000000
1394.000000
2151.000000
3373.000000
3570.000000
3854.000000
5134.000000
5409.000000
4484.000000
4843.000000
3609.000000
4670.000000
2950.000000
3825.000000
4186.000000
4306.000000
3751.000000
1211.000000
1558.000000
1433.000000
1745.000000
2453.000000
2540.000000
3823.000000
2551.000000
816.000000
932.000000
1096.000000
1301.000000
1617.000000
878.000000
1106.000000
2801.000000
1642.000000
2214.000000
2403.000000
4350.000000
5630.000000
4133.000000
5553.000000
6208.000000
4463.000000
3772.000000
3669.000000
3498.000000
3316.000000
3403.000000
3569.000000
3002.000000
1380.000000
1643.000000
1415.000000
1603.000000
1548.000000
1898.000000
2895.000000
4024.000000
3526.000000
3069.000000
3257.000000
3171.000000
856.000000
904.000000
1189.000000
3746.000000
1837.000000
3201.000000
2361.000000
3684.000000
4290.000000
5276.000000
3563.000000
4327.000000
4847.000000
3844.000000
4218.000000
5543.000000
3513.000000
3601.000000
4242.000000
3813.000000
1046.000000
1548.000000
1403.000000
1305.000000
1754.000000
2015.000000
2592.000000
2686.000000
3990.000000
3691.000000
3383.000000
3591.000000
843.000000
912.000000
1238.000000
4014.000000
3470.000000
2057.000000
2463.000000
3552.000000
4004.000000
4274.000000
4245.000000
4161.000000
4735.000000
3587.000000
3688.000000
4113.000000
3147.000000
4146.000000
3747.000000
3182.000000
1013.000000
1384.000000
1192.000000
1788.000000
1885.000000
2027.000000
2683.000000
3477.000000
3702.000000
3868.000000
3820.000000
2459.000000
779.000000
892.000000
1293.000000
3670.000000
4190.000000
2061.000000
2463.000000
2641.000000
3874.000000
3596.000000
2855.000000
3512.000000
4512.000000
2748.000000
3379.000000
3540.000000
3150.000000
3993.000000
3692.000000
3704.000000
918.000000
1248.000000
1121.000000
1289.000000
1803.000000
1786.000000
2128.000000
3267.000000
3496.000000
3647.000000
3187.000000
2777.000000
1099.000000
914.000000
1486.000000
4076.000000
3353.000000
1677.000000
2151.000000
2215.000000
4491.000000
4982.000000
5220.000000
4133.000000
4410.000000
3219.000000
2581.000000
3390.000000
3677.000000
3727.000000
4075.000000
4371.000000
913.000000
1163.000000
1181.000000
1575.000000
1479.000000
2088.000000
2691.000000
2738.000000
2815.000000
2826.000000
2768.000000
2912.000000
2364.000000
2668.000000
2384.000000
3241.000000
3730.000000
1582.000000
1632.000000
2055.000000
4306.000000
3544.000000
4442.000000
4794.000000
5029.000000
3859.000000
3820.000000
3626.000000
2722.000000
3225.000000
3659.000000
3995.000000
883.000000
937.000000
1224.000000
1409.000000
1160.000000
1942.000000
2982.000000
2723.000000
2718.000000
3301.000000
1307.000000
2324.000000
3180.000000
3064.000000
2459.000000
2992.000000
2886.000000
1732.000000
1603.000000
1549.000000
5172.000000
4839.000000
4887.000000
4909.000000
5589.000000
3878.000000
4205.000000
4191.000000
3445.000000
3505.000000
3668.000000
2861.000000
896.000000
925.000000
1043.000000
1234.000000
1541.000000
1790.000000
2591.000000
1889.000000
2707.000000
2706.000000
3638.000000
3347.000000
4163.000000
3225.000000
2399.000000
3046.000000
2932.000000
2562.000000
1675.000000
3383.000000
4514.000000
5133.000000
5420.000000
4627.000000
5071.000000
3537.000000
4011.000000
3638.000000
3512.000000
3688.000000
4460.000000
3211.000000
1433.000000
944.000000
1049.000000
1274.000000
996.000000
2922.000000
2580.000000
2477.000000
3129.000000
3369.000000
3642.000000
4733.000000
4571.000000
4814.000000
4514.000000
3877.000000
4172.000000
5584.000000
4146.000000
4936.000000
4873.000000
5542.000000
4764.000000
4718.000000
4197.000000
4354.000000
3943.000000
5059.000000
4393.000000
3580.000000
3658.000000
3302.000000
3429.000000
1795.000000
1267.000000
1645.000000
2150.000000
2847.000000
3272.000000
3329.000000
3706.000000
4172.000000
4218.000000
4681.000000
3299.000000
5159.000000
5482.000000
4732.000000
5109.000000
5248.000000
4858.000000
5182.000000
4624.000000
5113.000000
4645.000000
4931.000000
3875.000000
