6253.000000
6571.000000
6619.000000
6086.000000
6205.000000
6695.000000
7335.000000
7119.000000
7837.000000
7891.000000
7892.000000
8494.000000
7942.000000
7358.000000
8064.000000
7224.000000
6949.000000
7753.000000
7702.000000
6980.000000
7373.000000
6827.000000
7535.000000
7348.000000
7132.000000
6943.000000
7282.000000
7632.000000
7614.000000
7683.000000
8213.000000
7460.000000
8625.000000
8702.000000
8188.000000
7704.000000
7663.000000
7491.000000
8184.000000
7987.000000
8228.000000
7615.000000
7132.000000
7418.000000
7635.000000
7766.000000
7742.000000
7552.000000
7620.000000
7371.000000
7513.000000
5461.000000
5763.000000
7913.000000
8948.000000
8490.000000
8231.000000
8724.000000
8583.000000
7942.000000
7180.000000
7251.000000
6430.000000
7168.000000
7262.000000
7345.000000
7878.000000
7897.000000
7599.000000
7427.000000
7088.000000
5354.000000
4113.000000
4122.000000
5250.000000
7828.000000
8133.000000
8058.000000
8303.000000
8307.000000
7151.000000
6983.000000
6987.000000
6716.000000
6524.000000
6302.000000
7103.000000
7768.000000
7751.000000
7909.000000
7282.000000
5747.000000
4665.000000
2706.000000
3145.000000
3910.000000
7944.000000
7644.000000
7124.000000
7046.000000
7057.000000
7235.000000
6629.000000
7048.000000
7712.000000
5539.000000
5618.000000
6346.000000
6573.000000
7096.000000
6607.000000
7176.000000
4621.000000
4698.000000
2668.000000
2985.000000
3468.000000
7572.000000
6893.000000
5947.000000
5752.000000
7120.000000
6182.000000
5710.000000
6347.000000
6729.000000
6780.000000
6636.000000
6701.000000
6283.000000
6523.000000
6909.000000
5396.000000
5836.000000
3465.000000
3346.000000
2025.000000
2881.000000
6163.000000
5791.000000
5349.000000
6097.000000
6078.000000
5348.000000
5996.000000
6186.000000
6084.000000
7076.000000
6543.000000
6791.000000
6722.000000
6901.000000
7148.000000
4344.000000
6079.000000
4718.000000
4402.000000
4432.000000
2857.000000
5896.000000
7001.000000
6278.000000
6115.000000
4895.000000
6218.000000
6103.000000
4918.000000
5623.000000
6854.000000
6398.000000
7189.000000
6988.000000
7080.000000
6871.000000
6114.000000
7394.000000
4443.000000
1596.000000
2951.000000
3372.000000
5897.000000
7071.000000
6776.000000
6248.000000
5650.000000
5857.000000
6324.000000
5508.000000
6101.000000
6771.000000
6778.000000
6914.000000
7212.000000
3975.000000
2714.000000
3633.000000
7008.000000
3367.000000
2356.000000
2934.000000
1576.000000
5992.000000
7201.000000
7766.000000
7304.000000
6525.000000
6120.000000
7132.000000
6571.000000
6733.000000
6268.000000
6471.000000
7185.000000
6043.000000
3988.000000
3499.000000
4512.000000
5757.000000
2968.000000
1942.000000
6023.000000
2169.000000
6379.000000
7444.000000
7294.000000
6805.000000
6926.000000
5809.000000
6174.000000
6524.000000
5987.000000
6481.000000
6697.000000
7123.000000
5131.000000
4131.000000
3455.000000
3844.000000
4267.000000
2733.000000
3331.000000
3782.000000
2694.000000
7201.000000
7598.000000
7594.000000
6949.000000
6242.000000
5609.000000
6993.000000
5666.000000
5684.000000
6613.000000
6837.000000
7566.000000
3986.000000
3637.000000
3116.000000
3641.000000
3689.000000
2558.000000
3218.000000
4631.000000
3719.000000
4729.000000
8134.000000
7731.000000
7312.000000
6632.000000
7091.000000
7618.000000
7210.000000
6576.000000
6861.000000
7020.000000
7745.000000
3686.000000
3386.000000
2871.000000
3375.000000
4002.000000
1780.000000
3940.000000
6313.000000
3437.000000
3324.000000
7923.000000
7755.000000
7347.000000
6785.000000
6048.000000
6611.000000
7223.000000
6182.000000
7323.000000
7115.000000
6943.000000
2995.000000
2940.000000
2727.000000
3131.000000
3898.000000
2052.000000
3984.000000
8065.000000
5064.000000
1420.000000
5050.000000
7826.000000
6645.000000
7195.000000
5947.000000
6152.000000
6731.000000
7740.000000
6927.000000
6448.000000
5756.000000
2974.000000
2781.000000
2862.000000
3051.000000
3696.000000
2489.000000
6143.000000
2367.000000
3437.000000
1778.000000
2300.000000
7683.000000
6824.000000
7373.000000
7778.000000
7106.000000
6752.000000
8138.000000
5903.000000
6004.000000
4389.000000
2866.000000
2727.000000
2860.000000
3250.000000
3659.000000
3294.000000
3336.000000
1647.000000
2335.000000
2675.000000
2397.000000
6600.000000
6973.000000
8278.000000
7613.000000
7594.000000
7934.000000
7120.000000
6158.000000
5625.000000
3893.000000
2744.000000
2602.000000
3088.000000
3216.000000
3532.000000
3785.000000
1902.000000
1533.000000
1399.000000
1761.000000
3338.000000
4119.000000
7509.000000
9088.000000
6925.000000
8299.000000
7801.000000
7264.000000
5783.000000
5666.000000
6241.000000
2878.000000
1803.000000
2595.000000
3136.000000
3401.000000
3413.000000
3290.000000
1358.000000
744.000000
1132.000000
5798.000000
3371.000000
8492.000000
8360.000000
7049.000000
8738.000000
7573.000000
7478.000000
5846.000000
5649.000000
9121.000000
4855.000000
2419.000000
1810.000000
3048.000000
3408.000000
3410.000000
3509.000000
795.000000
423.000000
941.000000
6276.000000
7802.000000
7412.000000
7291.000000
7735.000000
8104.000000
7944.000000
7806.000000
5117.000000
5958.000000
8398.000000
10188.000000
7378.000000
1802.000000
1894.000000
3364.000000
3573.000000
4181.000000
2220.000000
348.000000
1140.000000
6135.000000
7476.000000
7749.000000
6898.000000
8480.000000
8101.000000
8259.000000
8730.000000
