3935.000000
4101.000000
4844.000000
4515.000000
1435.000000
1783.000000
1867.000000
2070.000000
3557.000000
3621.000000
1688.000000
2740.000000
1839.000000
2941.000000
2232.000000
2819.000000
3613.000000
3204.000000
3809.000000
3201.000000
4194.000000
4367.000000
1741.000000
2061.000000
2697.000000
2586.000000
3298.000000
3338.000000
3129.000000
3936.000000
3096.000000
3604.000000
4480.000000
4040.000000
4243.000000
4507.000000
2901.000000
2743.000000
3345.000000
2961.000000
2667.000000
3590.000000
4371.000000
3903.000000
4158.000000
3654.000000
3516.000000
3673.000000
3224.000000
3109.000000
3085.000000
3457.000000
2555.000000
3207.000000
2768.000000
3168.000000
3467.000000
1916.000000
3055.000000
2634.000000
2962.000000
2317.000000
3252.000000
3485.000000
3757.000000
2949.000000
1292.000000
1417.000000
1948.000000
1962.000000
2031.000000
2130.000000
2775.000000
2173.000000
2528.000000
2967.000000
2332.000000
2208.000000
2729.000000
2701.000000
2428.000000
1063.000000
2491.000000
3889.000000
786.000000
794.000000
822.000000
894.000000
1114.000000
1171.000000
2366.000000
1889.000000
1461.000000
1808.000000
1801.000000
1358.000000
1109.000000
882.000000
2431.000000
3656.000000
3069.000000
4623.000000
319.000000
550.000000
424.000000
431.000000
413.000000
451.000000
1439.000000
1550.000000
837.000000
594.000000
653.000000
532.000000
1682.000000
2967.000000
2632.000000
922.000000
2945.000000
3428.000000
2535.000000
1935.000000
327.000000
293.000000
375.000000
363.000000
1643.000000
1872.000000
1178.000000
717.000000
387.000000
1969.000000
2221.000000
2216.000000
2618.000000
730.000000
2596.000000
2246.000000
2501.000000
2330.000000
399.000000
238.000000
312.000000
398.000000
1511.000000
1827.000000
1666.000000
845.000000
567.000000
1200.000000
1327.000000
2631.000000
3279.000000
3016.000000
3765.000000
2950.000000
1880.000000
2143.000000
760.000000
342.000000
293.000000
393.000000
1721.000000
1488.000000
1724.000000
925.000000
942.000000
2178.000000
1578.000000
1456.000000
1765.000000
3397.000000
1755.000000
1330.000000
1210.000000
2459.000000
2111.000000
244.000000
258.000000
105.000000
1657.000000
1336.000000
1970.000000
1371.000000
2075.000000
1549.000000
2101.000000
2456.000000
3990.000000
3654.000000
3415.000000
2070.000000
1351.000000
2185.000000
1740.000000
318.000000
183.000000
197.000000
1877.000000
1675.000000
2153.000000
1795.000000
1467.000000
856.000000
2044.000000
2066.000000
3365.000000
3572.000000
3358.000000
3075.000000
1166.000000
2124.000000
1406.000000
761.000000
377.000000
392.000000
2285.000000
2089.000000
2218.000000
2146.000000
5000.000000
812.000000
628.000000
1335.000000
2654.000000
2888.000000
3130.000000
5498.000000
5237.000000
1984.000000
1879.000000
1563.000000
458.000000
520.000000
3095.000000
3237.000000
2069.000000
2271.000000
4575.000000
1151.000000
444.000000
978.000000
3321.000000
2255.000000
1936.000000
5197.000000
3946.000000
2248.000000
2225.000000
1383.000000
442.000000
495.000000
3436.000000
3197.000000
2962.000000
2213.000000
2950.000000
1295.000000
1370.000000
681.000000
1922.000000
1151.000000
1252.000000
4259.000000
1346.000000
2009.000000
1769.000000
992.000000
855.000000
698.000000
4075.000000
3530.000000
3595.000000
4126.000000
2820.000000
1048.000000
1109.000000
1136.000000
801.000000
813.000000
745.000000
1543.000000
1806.000000
1569.000000
1968.000000
2368.000000
1497.000000
1529.000000
3628.000000
3411.000000
3798.000000
3490.000000
1932.000000
2282.000000
1789.000000
1352.000000
811.000000
934.000000
880.000000
1334.000000
2034.000000
2181.000000
4118.000000
4132.000000
4180.000000
4207.000000
4093.000000
3388.000000
4204.000000
4310.000000
4264.000000
4096.000000
4140.000000
4031.000000
4282.000000
4156.000000
4236.000000
3862.000000
3815.000000
3729.000000
4280.000000
4398.000000
4416.000000
4074.000000
4080.000000
3853.000000
3956.000000
3762.000000
3852.000000
3732.000000
3695.000000
3778.000000
4274.000000
4021.000000
3692.000000
3975.000000
3711.000000
3720.000000
3998.000000
4214.000000
3539.000000
3794.000000
