1742.000000
1836.000000
1891.000000
1932.000000
2012.000000
2135.000000
2261.000000
2362.000000
2457.000000
2602.000000
2781.000000
2921.000000
3066.000000
3172.000000
3193.000000
3124.000000
3047.000000
2988.000000
2933.000000
2894.000000
2823.000000
2787.000000
2771.000000
2700.000000
2648.000000
2641.000000
2667.000000
2674.000000
2679.000000
2739.000000
2791.000000
2818.000000
2815.000000
2714.000000
2550.000000
2335.000000
2154.000000
2044.000000
1923.000000
1820.000000
1753.000000
1633.000000
1742.000000
1836.000000
1891.000000
1932.000000
2012.000000
2135.000000
2261.000000
2362.000000
2457.000000
2602.000000
2768.000000
2895.000000
3042.000000
3144.000000
3191.000000
3174.000000
3189.000000
3171.000000
3130.000000
3070.000000
2981.000000
2856.000000
2823.000000
2767.000000
2728.000000
2730.000000
2686.000000
2662.000000
2658.000000
2674.000000
2691.000000
2669.000000
2627.000000
2528.000000
2354.000000
2168.000000
2038.000000
1948.000000
1837.000000
1730.000000
1679.000000
1589.000000
1742.000000
1836.000000
1891.000000
1932.000000
2012.000000
2135.000000
2261.000000
2362.000000
2457.000000
2603.000000
2768.000000
2881.000000
3016.000000
3124.000000
3191.000000
3197.000000
3242.000000
3266.000000
3316.000000
3328.000000
3258.000000
3220.000000
3180.000000
3038.000000
2886.000000
2819.000000
2701.000000
2645.000000
2631.000000
2599.000000
2570.000000
2511.000000
2457.000000
2348.000000
2186.000000
2024.000000
1925.000000
1860.000000
1754.000000
1646.000000
1596.000000
1547.000000
1725.000000
1816.000000
1885.000000
1947.000000
2023.000000
2144.000000
2268.000000
2371.000000
2454.000000
2548.000000
2696.000000
2866.000000
2996.000000
3104.000000
3187.000000
3230.000000
3325.000000
3457.000000
3751.000000
4585.000000
5399.000000
5725.000000
5855.000000
5181.000000
3613.000000
2887.000000
2776.000000
2650.000000
2574.000000
2555.000000
2497.000000
2430.000000
2333.000000
2239.000000
2086.000000
1938.000000
1873.000000
1828.000000
1737.000000
1612.000000
1547.000000
1525.000000
1757.000000
1846.000000
1918.000000
1977.000000
2056.000000
2180.000000
2301.000000
2391.000000
2441.000000
2490.000000
2610.000000
2758.000000
2880.000000
3021.000000
3179.000000
3363.000000
3513.000000
4383.000000
5693.000000
5206.000000
5094.000000
4765.000000
4660.000000
5007.000000
5250.000000
4363.000000
3163.000000
2773.000000
2646.000000
2532.000000
2497.000000
2450.000000
2358.000000
2213.000000
2058.000000
1928.000000
1865.000000
1827.000000
1737.000000
1612.000000
1547.000000
1525.000000
1768.000000
1856.000000
1933.000000
1995.000000
2061.000000
2157.000000
2279.000000
2381.000000
2435.000000
2453.000000
2464.000000
2585.000000
2787.000000
3011.000000
3242.000000
3490.000000
4651.000000
5190.000000
4625.000000
4350.000000
4262.000000
4348.000000
4542.000000
4686.000000
4948.000000
5284.000000
4703.000000
3474.000000
2665.000000
2583.000000
2541.000000
2469.000000
2368.000000
2236.000000
2100.000000
1991.000000
1903.000000
1824.000000
1731.000000
1630.000000
1564.000000
1548.000000
1773.000000
1860.000000
1948.000000
2018.000000
2077.000000
2150.000000
2256.000000
2323.000000
2342.000000
2370.000000
2400.000000
2569.000000
2781.000000
3012.000000
3292.000000
4181.000000
5067.000000
4573.000000
4098.000000
3807.000000
4148.000000
4611.000000
4609.000000
4404.000000
4287.000000
4780.000000
5435.000000
4393.000000
2937.000000
2751.000000
2660.000000
2560.000000
2493.000000
2377.000000
2204.000000
2044.000000
1914.000000
1810.000000
1727.000000
1647.000000
1588.000000
1561.000000
1803.000000
1893.000000
1987.000000
2048.000000
2117.000000
2179.000000
2260.000000
2318.000000
2347.000000
2384.000000
2473.000000
2628.000000
2792.000000
2978.000000
3483.000000
4485.000000
4243.000000
3794.000000
3663.000000
4028.000000
4181.000000
4114.000000
3776.000000
3374.000000
3240.000000
3567.000000
4337.000000
4872.000000
3867.000000
2916.000000
2745.000000
2621.000000
2575.000000
2453.000000
2339.000000
2207.000000
2035.000000
1914.000000
1826.000000
1757.000000
1723.000000
1696.000000
1859.000000
1919.000000
1990.000000
2056.000000
2123.000000
2182.000000
2269.000000
2345.000000
2378.000000
2418.000000
2524.000000
2644.000000
2849.000000
3150.000000
3979.000000
4511.000000
3633.000000
3321.000000
3480.000000
3720.000000
4022.000000
3842.000000
3169.000000
2782.000000
2679.000000
2761.000000
3559.000000
4582.000000
4605.000000
3332.000000
2921.000000
2766.000000
2679.000000
2559.000000
2432.000000
2321.000000
2176.000000
2015.000000
1920.000000
1856.000000
1815.000000
1791.000000
1859.000000
1919.000000
1990.000000
2056.000000
2131.000000
2191.000000
2274.000000
2343.000000
2386.000000
2469.000000
2598.000000
3165.000000
4002.000000
3552.000000
4147.000000
4210.000000
3520.000000
3315.000000
3406.000000
3665.000000
3543.000000
3305.000000
2914.000000
2572.000000
2403.000000
2295.000000
2793.000000
3798.000000
4991.000000
4137.000000
3033.000000
2857.000000
2789.000000
2669.000000
2564.000000
2469.000000
2322.000000
2139.000000
2028.000000
1989.000000
1950.000000
1919.000000
1859.000000
1919.000000
1990.000000
2056.000000
2128.000000
2188.000000
2288.000000
2402.000000
2517.000000
2618.000000
2836.000000
4084.000000
5923.000000
6214.000000
5953.000000
4437.000000
3180.000000
3494.000000
3699.000000
3664.000000
3716.000000
3137.000000
2619.000000
2334.000000
2205.000000
2040.000000
2371.000000
3255.000000
4705.000000
4429.000000
3171.000000
2994.000000
2900.000000
2782.000000
2681.000000
2596.000000
2448.000000
2238.000000
2128.000000
2064.000000
1947.000000
1909.000000
1911.000000
1971.000000
2033.000000
2099.000000
2164.000000
2219.000000
2332.000000
2499.000000
2634.000000
2730.000000
2916.000000
3856.000000
5065.000000
5283.000000
5655.000000
4210.000000
3140.000000
3761.000000
3950.000000
3614.000000
3180.000000
2733.000000
2371.000000
2184.000000
2201.000000
2042.000000
2049.000000
2777.000000
4556.000000
4824.000000
3475.000000
3044.000000
3015.000000
2910.000000
2819.000000
2732.000000
2530.000000
2331.000000
2195.000000
2131.000000
2020.000000
1969.000000
1952.000000
2009.000000
2055.000000
2104.000000
2171.000000
2243.000000
2383.000000
2575.000000
2721.000000
2813.000000
2946.000000
3643.000000
5006.000000
4888.000000
5050.000000
4165.000000
3351.000000
3955.000000
4207.000000
4052.000000
3124.000000
2414.000000
2080.000000
1920.000000
2158.000000
2484.000000
2101.000000
2643.000000
4845.000000
5051.000000
3668.000000
3256.000000
3044.000000
2975.000000
2928.000000
2852.000000
2651.000000
2424.000000
2239.000000
2116.000000
1991.000000
1986.000000
1982.000000
2026.000000
2056.000000
2102.000000
2184.000000
2294.000000
2477.000000
2685.000000
2782.000000
2852.000000
3016.000000
3834.000000
5267.000000
4230.000000
3895.000000
3985.000000
3543.000000
4204.000000
4639.000000
4531.000000
3771.000000
2720.000000
2126.000000
2136.000000
2472.000000
2993.000000
2692.000000
3304.000000
4494.000000
5362.000000
3950.000000
3162.000000
2999.000000
2972.000000
2925.000000
2827.000000
2650.000000
2456.000000
2261.000000
2102.000000
1965.000000
1963.000000
2016.000000
2044.000000
2077.000000
2134.000000
2260.000000
2429.000000
2648.000000
2822.000000
2862.000000
2920.000000
3042.000000
3807.000000
5239.000000
3864.000000
3099.000000
4017.000000
3652.000000
4210.000000
4728.000000
4798.000000
4570.000000
4393.000000
4535.000000
4778.000000
4634.000000
4540.000000
4135.000000
2514.000000
3078.000000
4641.000000
3839.000000
3068.000000
2952.000000
2927.000000
2863.000000
2786.000000
2620.000000
2428.000000
2241.000000
2093.000000
1972.000000
1975.000000
2047.000000
2076.000000
2106.000000
2188.000000
2369.000000
2595.000000
2819.000000
2972.000000
2992.000000
3041.000000
3197.000000
4577.000000
5817.000000
4300.000000
3852.000000
4521.000000
4145.000000
4117.000000
4298.000000
4815.000000
4968.000000
5240.000000
4937.000000
3947.000000
3710.000000
3812.000000
2661.000000
1556.000000
2582.000000
3992.000000
3495.000000
3020.000000
2841.000000
2820.000000
2803.000000
2749.000000
2577.000000
2366.000000
2214.000000
2081.000000
1961.000000
2007.000000
2124.000000
2150.000000
2230.000000
2356.000000
2543.000000
2786.000000
2978.000000
3068.000000
3135.000000
3170.000000
4325.000000
6229.000000
5984.000000
4994.000000
4388.000000
4726.000000
4086.000000
3758.000000
4577.000000
4882.000000
5031.000000
4751.000000
2589.000000
1680.000000
3114.000000
3836.000000
2646.000000
2941.000000
3798.000000
3470.000000
3207.000000
2884.000000
2800.000000
2785.000000
2730.000000
2679.000000
2574.000000
2403.000000
2218.000000
2091.000000
1977.000000
1956.000000
2166.000000
2234.000000
2351.000000
2503.000000
2740.000000
3002.000000
3214.000000
3347.000000
3450.000000
4508.000000
6215.000000
6010.000000
5607.000000
5597.000000
5179.000000
4600.000000
3836.000000
3614.000000
4311.000000
4891.000000
4382.000000
2671.000000
1893.000000
2144.000000
3462.000000
4358.000000
2799.000000
3900.000000
4182.000000
3316.000000
3113.000000
2780.000000
2702.000000
2698.000000
2681.000000
2642.000000
2543.000000
2391.000000
2219.000000
2096.000000
1983.000000
1959.000000
2357.000000
2456.000000
2603.000000
2795.000000
3074.000000
3339.000000
3564.000000
3896.000000
4965.000000
5638.000000
5246.000000
4164.000000
4462.000000
5537.000000
5453.000000
5203.000000
4096.000000
3438.000000
4309.000000
4479.000000
3986.000000
3780.000000
3137.000000
2615.000000
4165.000000
5262.000000
5554.000000
5550.000000
3854.000000
3112.000000
3088.000000
2815.000000
2735.000000
2716.000000
2664.000000
2594.000000
2503.000000
2377.000000
2219.000000
2096.000000
1983.000000
1959.000000
2668.000000
2795.000000
2962.000000
3182.000000
3413.000000
3664.000000
4218.000000
5295.000000
5193.000000
4698.000000
4124.000000
3671.000000
3600.000000
4397.000000
4876.000000
5089.000000
4232.000000
3385.000000
3700.000000
3970.000000
3701.000000
4522.000000
4876.000000
5179.000000
5630.000000
5917.000000
5704.000000
5400.000000
4075.000000
3444.000000
3113.000000
2875.000000
2774.000000
2721.000000
2676.000000
2631.000000
2568.000000
2451.000000
2259.000000
2128.000000
2063.000000
2037.000000
3076.000000
3208.000000
3396.000000
3617.000000
3865.000000
4329.000000
5344.000000
4975.000000
4200.000000
3731.000000
3440.000000
3490.000000
3361.000000
3803.000000
5225.000000
5185.000000
3870.000000
3173.000000
3869.000000
3876.000000
3242.000000
4007.000000
5236.000000
5758.000000
5841.000000
5868.000000
5612.000000
5334.000000
4387.000000
3560.000000
3079.000000
2864.000000
2853.000000
2809.000000
2747.000000
2709.000000
2649.000000
2524.000000
2327.000000
2195.000000
2113.000000
2052.000000
3583.000000
3699.000000
3841.000000
4044.000000
4363.000000
5112.000000
5161.000000
4077.000000
3712.000000
3857.000000
3757.000000
3046.000000
3281.000000
3179.000000
3982.000000
4367.000000
3800.000000
3626.000000
3917.000000
3616.000000
2856.000000
3569.000000
4406.000000
5094.000000
5999.000000
5738.000000
5984.000000
5445.000000
4427.000000
3573.000000
2955.000000
2911.000000
2915.000000
2864.000000
2815.000000
2777.000000
2712.000000
2587.000000
2391.000000
2250.000000
2160.000000
2089.000000
4048.000000
4140.000000
4218.000000
4451.000000
5271.000000
5281.000000
4207.000000
3614.000000
3832.000000
3919.000000
3400.000000
3907.000000
3889.000000
3208.000000
3310.000000
4040.000000
4100.000000
3886.000000
3691.000000
3087.000000
2079.000000
2376.000000
4379.000000
5093.000000
5348.000000
5615.000000
6081.000000
5880.000000
4677.000000
3429.000000
3041.000000
2961.000000
2943.000000
2886.000000
2844.000000
2809.000000
2743.000000
2627.000000
2419.000000
2260.000000
2169.000000
2079.000000
4406.000000
4461.000000
4613.000000
5183.000000
4946.000000
4282.000000
3466.000000
3424.000000
3785.000000
3832.000000
3825.000000
4016.000000
3879.000000
3822.000000
3475.000000
3381.000000
4082.000000
4161.000000
3741.000000
2833.000000
1834.000000
1647.000000
3018.000000
4940.000000
5689.000000
4401.000000
4300.000000
5769.000000
4619.000000
3180.000000
3126.000000
3015.000000
2961.000000
2912.000000
2874.000000
2824.000000
2765.000000
2650.000000
2440.000000
2275.000000
2150.000000
2008.000000
4708.000000
4832.000000
5321.000000
4799.000000
4304.000000
3784.000000
3187.000000
3347.000000
3524.000000
3695.000000
3947.000000
4055.000000
4089.000000
4062.000000
3528.000000
3427.000000
3941.000000
4047.000000
3455.000000
2589.000000
2586.000000
2872.000000
3759.000000
4763.000000
5245.000000
5410.000000
5398.000000
6042.000000
4786.000000
3251.000000
3099.000000
3036.000000
2964.000000
2911.000000
2869.000000
2799.000000
2700.000000
2602.000000
2422.000000
2233.000000
2068.000000
1939.000000
5044.000000
5390.000000
4440.000000
3877.000000
3632.000000
3228.000000
3438.000000
3704.000000
3702.000000
3940.000000
4061.000000
4009.000000
4077.000000
4045.000000
3866.000000
3843.000000
2820.000000
2445.000000
2872.000000
3077.000000
2934.000000
2139.000000
3368.000000
4710.000000
5060.000000
5301.000000
4978.000000
5103.000000
4860.000000
3308.000000
3101.000000
3016.000000
2960.000000
2902.000000
2854.000000
2812.000000
2755.000000
2656.000000
2443.000000
2207.000000
2029.000000
1900.000000
5166.000000
4615.000000
3964.000000
3326.000000
3200.000000
3272.000000
3570.000000
3821.000000
4067.000000
3840.000000
3860.000000
4172.000000
4223.000000
4035.000000
3862.000000
4006.000000
4054.000000
3014.000000
2624.000000
3256.000000
3790.000000
2511.000000
2419.000000
3370.000000
3888.000000
4466.000000
5537.000000
5792.000000
4538.000000
3217.000000
3026.000000
2985.000000
2937.000000
2894.000000
2847.000000
2811.000000
2782.000000
2682.000000
2439.000000
2170.000000
1980.000000
1850.000000
4484.000000
3432.000000
2820.000000
2783.000000
2926.000000
3251.000000
3625.000000
4068.000000
4106.000000
3719.000000
3841.000000
4199.000000
4103.000000
3921.000000
3837.000000
3968.000000
4161.000000
4084.000000
3463.000000
2754.000000
3601.000000
3465.000000
2718.000000
3943.000000
4602.000000
5051.000000
5134.000000
5016.000000
3634.000000
3068.000000
2960.000000
2930.000000
2874.000000
2807.000000
2770.000000
2779.000000
2773.000000
2637.000000
2336.000000
2106.000000
1975.000000
1824.000000
3672.000000
3036.000000
2680.000000
2838.000000
2913.000000
3476.000000
4066.000000
4297.000000
3816.000000
3303.000000
3741.000000
4107.000000
3931.000000
3677.000000
3728.000000
3997.000000
4047.000000
4416.000000
4098.000000
3101.000000
2744.000000
3268.000000
2851.000000
3350.000000
3799.000000
3844.000000
4079.000000
4020.000000
3170.000000
2906.000000
2882.000000
2845.000000
2811.000000
2779.000000
2777.000000
2794.000000
2759.000000
2562.000000
2271.000000
2064.000000
1926.000000
1772.000000
3000.000000
2533.000000
2462.000000
2628.000000
2799.000000
3778.000000
4265.000000
4110.000000
3557.000000
3562.000000
3872.000000
3872.000000
3963.000000
3746.000000
3672.000000
3984.000000
3970.000000
4436.000000
4547.000000
3810.000000
2845.000000
2589.000000
2900.000000
2890.000000
3139.000000
3487.000000
4096.000000
3496.000000
2970.000000
2881.000000
2826.000000
2768.000000
2760.000000
2764.000000
2746.000000
2723.000000
2643.000000
2422.000000
2155.000000
1964.000000
1849.000000
1719.000000
2770.000000
2525.000000
2330.000000
2505.000000
2916.000000
3812.000000
3925.000000
4038.000000
3817.000000
3653.000000
3915.000000
3956.000000
3940.000000
3752.000000
3674.000000
3859.000000
4239.000000
4408.000000
4525.000000
4626.000000
3786.000000
2760.000000
3498.000000
5334.000000
5738.000000
4280.000000
3400.000000
3104.000000
2862.000000
2796.000000
2753.000000
2674.000000
2681.000000
2689.000000
2678.000000
2630.000000
2522.000000
2315.000000
2063.000000
1904.000000
1806.000000
1699.000000
2592.000000
2528.000000
2339.000000
2425.000000
2744.000000
3680.000000
3960.000000
4196.000000
4074.000000
3904.000000
4015.000000
4043.000000
3996.000000
3822.000000
3531.000000
3737.000000
4188.000000
4276.000000
4605.000000
4975.000000
4603.000000
4275.000000
5087.000000
6310.000000
5982.000000
4100.000000
3380.000000
2971.000000
2765.000000
2733.000000
2651.000000
2537.000000
2551.000000
2564.000000
2547.000000
2508.000000
2380.000000
2160.000000
1948.000000
1841.000000
1790.000000
1676.000000
2824.000000
2707.000000
2648.000000
2552.000000
2631.000000
3467.000000
3871.000000
4338.000000
4131.000000
4030.000000
4090.000000
4248.000000
3934.000000
3869.000000
3873.000000
3928.000000
4155.000000
4340.000000
4708.000000
5037.000000
4693.000000
4631.000000
5752.000000
6644.000000
5898.000000
4181.000000
3291.000000
2936.000000
2750.000000
2639.000000
2576.000000
2526.000000
2498.000000
2475.000000
2469.000000
2404.000000
2231.000000
2036.000000
1886.000000
1805.000000
1759.000000
1713.000000
2913.000000
2906.000000
2678.000000
2448.000000
2496.000000
3141.000000
3916.000000
4484.000000
4473.000000
4209.000000
4162.000000
4311.000000
4244.000000
4159.000000
4198.000000
4052.000000
4176.000000
4436.000000
4840.000000
5125.000000
4790.000000
5234.000000
6115.000000
6348.000000
5284.000000
3976.000000
3313.000000
2941.000000
2708.000000
2570.000000
2505.000000
2459.000000
2428.000000
2407.000000
2371.000000
2275.000000
2112.000000
1957.000000
1865.000000
1816.000000
1750.000000
1681.000000
2848.000000
2814.000000
2770.000000
2579.000000
2291.000000
2869.000000
3577.000000
4300.000000
4437.000000
4209.000000
4231.000000
4306.000000
4398.000000
4281.000000
4184.000000
4102.000000
4363.000000
4697.000000
4873.000000
4892.000000
5182.000000
5666.000000
6288.000000
5888.000000
4469.000000
3798.000000
3344.000000
2950.000000
2677.000000
2507.000000
2433.000000
2391.000000
2359.000000
2336.000000
2280.000000
2172.000000
2018.000000
1909.000000
1871.000000
1824.000000
1730.000000
1667.000000
2838.000000
2970.000000
2873.000000
2936.000000
2740.000000
2855.000000
3496.000000
4208.000000
4322.000000
4160.000000
4443.000000
4605.000000
4659.000000
4343.000000
4245.000000
4064.000000
4300.000000
4736.000000
4846.000000
5008.000000
5568.000000
5965.000000
6045.000000
5361.000000
4425.000000
3775.000000
3289.000000
2898.000000
2646.000000
2502.000000
2403.000000
2320.000000
2250.000000
2212.000000
2136.000000
2046.000000
1967.000000
1877.000000
1809.000000
1744.000000
1695.000000
1646.000000
3027.000000
2937.000000
2938.000000
2804.000000
2803.000000
2566.000000
2961.000000
3963.000000
4046.000000
4046.000000
4487.000000
4741.000000
4616.000000
4596.000000
4487.000000
4239.000000
4317.000000
4548.000000
4739.000000
5165.000000
5770.000000
6059.000000
5805.000000
4923.000000
4253.000000
3814.000000
3301.000000
2884.000000
2629.000000
2469.000000
2371.000000
2286.000000
2198.000000
2106.000000
1998.000000
1904.000000
1828.000000
1752.000000
1678.000000
1601.000000
1567.000000
1573.000000
3106.000000
3005.000000
2921.000000
2838.000000
2929.000000
2828.000000
2724.000000
3456.000000
3579.000000
3991.000000
4787.000000
4860.000000
4902.000000
4618.000000
4556.000000
4389.000000
4284.000000
4438.000000
4782.000000
5316.000000
6052.000000
6280.000000
5911.000000
5044.000000
4218.000000
3766.000000
3286.000000
2867.000000
2602.000000
2455.000000
2338.000000
2236.000000
2154.000000
2057.000000
1947.000000
1844.000000
1761.000000
1693.000000
1620.000000
1537.000000
1526.000000
1534.000000
2937.000000
2887.000000
2734.000000
2654.000000
3199.000000
3283.000000
2873.000000
3232.000000
3297.000000
3960.000000
4572.000000
4929.000000
4834.000000
4538.000000
4493.000000
4313.000000
4284.000000
4315.000000
4783.000000
5639.000000
6304.000000
6307.000000
5806.000000
4959.000000
4257.000000
3793.000000
3290.000000
2838.000000
2561.000000
2415.000000
2289.000000
2181.000000
2106.000000
2015.000000
1912.000000
1814.000000
1742.000000
1688.000000
1612.000000
1518.000000
1475.000000
1475.000000
2834.000000
3072.000000
2980.000000
2859.000000
3095.000000
3294.000000
2970.000000
2962.000000
3133.000000
3928.000000
4465.000000
4798.000000
4484.000000
4319.000000
4433.000000
4422.000000
4272.000000
4525.000000
4987.000000
5807.000000
6255.000000
6153.000000
5689.000000
4784.000000
4223.000000
3741.000000
3236.000000
2800.000000
2522.000000
2352.000000
2220.000000
2113.000000
2033.000000
1946.000000
1868.000000
1784.000000
1709.000000
1658.000000
1579.000000
1473.000000
1415.000000
1415.000000
2776.000000
2997.000000
2852.000000
2871.000000
2977.000000
3242.000000
3278.000000
2862.000000
2805.000000
3773.000000
4398.000000
4465.000000
4234.000000
4326.000000
4490.000000
4174.000000
4369.000000
4622.000000
5121.000000
5969.000000
6287.000000
5934.000000
5725.000000
4860.000000
4153.000000
3673.000000
3177.000000
2708.000000
2444.000000
2283.000000
2174.000000
2097.000000
2025.000000
1927.000000
1837.000000
1771.000000
1720.000000
1638.000000
1536.000000
1486.000000
1443.000000
1409.000000
2629.000000
2910.000000
3077.000000
3217.000000
3193.000000
3169.000000
3079.000000
2749.000000
2458.000000
3565.000000
4276.000000
4124.000000
4227.000000
4485.000000
4056.000000
4107.000000
4154.000000
4585.000000
5389.000000
6167.000000
6232.000000
5684.000000
5733.000000
5387.000000
4443.000000
3620.000000
2990.000000
2605.000000
2383.000000
2243.000000
2149.000000
2066.000000
2004.000000
1945.000000
1869.000000
1798.000000
1749.000000
1668.000000
1561.000000
1500.000000
1443.000000
1409.000000
2613.000000
2786.000000
3115.000000
3065.000000
3057.000000
3148.000000
3062.000000
2790.000000
2476.000000
3658.000000
4101.000000
4091.000000
4424.000000
4011.000000
3716.000000
4199.000000
4150.000000
4684.000000
5488.000000
6142.000000
5894.000000
5231.000000
5183.000000
5705.000000
5082.000000
3673.000000
2848.000000
2515.000000
2322.000000
2213.000000
2121.000000
2034.000000
1985.000000
1962.000000
1899.000000
1825.000000
1779.000000
1695.000000
1587.000000
1524.000000
1443.000000
1409.000000
