2927.000000
2661.000000
3538.000000
3357.000000
3477.000000
3317.000000
3368.000000
2362.000000
4450.000000
4480.000000
4525.000000
4329.000000
4329.000000
4357.000000
4399.000000
3804.000000
3463.000000
2807.000000
2045.000000
2498.000000
3008.000000
3499.000000
3499.000000
3888.000000
3856.000000
3921.000000
3903.000000
4135.000000
4131.000000
4346.000000
4389.000000
4305.000000
4323.000000
4339.000000
4209.000000
4028.000000
3901.000000
3201.000000
2991.000000
3424.000000
3655.000000
3664.000000
3977.000000
4180.000000
4144.000000
4168.000000
5817.000000
4137.000000
4398.000000
4261.000000
4173.000000
4133.000000
4158.000000
4287.000000
4030.000000
3651.000000
3266.000000
3322.000000
3603.000000
3837.000000
3900.000000
3965.000000
4159.000000
4090.000000
6412.000000
6063.000000
6998.000000
4290.000000
4289.000000
4195.000000
4170.000000
4096.000000
4059.000000
3797.000000
3481.000000
3121.000000
3360.000000
3715.000000
4165.000000
4408.000000
4295.000000
4424.000000
5337.000000
825.000000
4123.000000
5767.000000
5738.000000
4462.000000
4272.000000
4184.000000
3993.000000
4028.000000
4087.000000
3701.000000
3478.000000
3621.000000
4096.000000
4469.000000
4234.000000
4207.000000
4556.000000
4042.000000
5682.000000
5210.000000
4858.000000
2978.000000
4028.000000
4129.000000
4186.000000
4375.000000
4265.000000
4364.000000
4270.000000
3724.000000
3021.000000
3081.000000
3960.000000
3897.000000
4364.000000
4233.000000
3771.000000
3098.000000
4340.000000
2480.000000
2489.000000
3764.000000
4324.000000
4553.000000
4800.000000
4131.000000
3997.000000
3579.000000
3074.000000
3142.000000
3441.000000
3615.000000
3626.000000
3989.000000
3861.000000
3851.000000
2808.000000
1160.000000
1933.000000
3796.000000
3722.000000
3837.000000
3775.000000
3656.000000
3247.000000
3268.000000
3023.000000
2572.000000
3178.000000
3611.000000
3534.000000
3867.000000
3980.000000
4407.000000
3951.000000
4951.000000
2608.000000
3324.000000
6315.000000
3380.000000
3784.000000
3328.000000
3520.000000
3419.000000
3480.000000
3723.000000
3229.000000
2756.000000
3193.000000
3122.000000
3455.000000
4149.000000
3718.000000
3724.000000
5022.000000
4412.000000
4844.000000
5463.000000
3756.000000
4035.000000
3930.000000
4007.000000
4176.000000
3537.000000
3552.000000
3251.000000
3416.000000
3169.000000
3320.000000
3520.000000
3459.000000
3427.000000
3472.000000
4685.000000
4936.000000
5683.000000
5643.000000
6874.000000
3632.000000
3509.000000
3585.000000
3265.000000
3495.000000
3153.000000
3090.000000
3082.000000
3499.000000
3670.000000
3878.000000
4241.000000
3765.000000
4008.000000
5851.000000
4807.000000
5702.000000
5380.000000
6553.000000
6009.000000
3985.000000
4039.000000
3554.000000
3135.000000
3319.000000
3027.000000
2967.000000
3454.000000
3014.000000
3875.000000
3342.000000
4272.000000
5390.000000
4549.000000
4919.000000
5295.000000
4374.000000
5467.000000
6783.000000
3632.000000
3470.000000
3667.000000
3241.000000
3706.000000
3262.000000
3209.000000
3375.000000
4335.000000
3002.000000
3140.000000
3287.000000
6097.000000
3963.000000
5235.000000
5946.000000
3165.000000
4456.000000
5545.000000
7120.000000
3140.000000
2997.000000
2764.000000
3103.000000
2398.000000
2703.000000
2859.000000
2982.000000
3721.000000
3540.000000
3632.000000
5541.000000
2997.000000
5537.000000
4914.000000
2979.000000
3848.000000
4622.000000
5695.000000
5481.000000
2832.000000
2951.000000
3356.000000
2547.000000
2565.000000
2525.000000
3279.000000
3243.000000
3053.000000
2993.000000
5510.000000
2734.000000
4966.000000
4307.000000
3220.000000
3401.000000
4208.000000
1928.000000
5754.000000
3929.000000
3230.000000
3628.000000
2589.000000
2510.000000
2505.000000
3221.000000
3255.000000
3050.000000
2640.000000
3945.000000
2661.000000
4005.000000
2994.000000
2242.000000
2442.000000
3595.000000
2613.000000
3924.000000
3065.000000
2654.000000
3425.000000
2306.000000
1972.000000
2954.000000
3510.000000
3451.000000
3037.000000
2749.000000
3355.000000
2626.000000
3563.000000
2922.000000
3755.000000
3388.000000
3518.000000
3420.000000
3502.000000
3262.000000
3492.000000
2808.000000
2510.000000
2290.000000
2712.000000
2969.000000
2306.000000
3278.000000
3267.000000
3829.000000
4020.000000
4297.000000
3779.000000
3263.000000
4016.000000
4376.000000
3442.000000
3915.000000
3815.000000
2665.000000
2352.000000
2135.000000
