4984.000000
5316.000000
5455.000000
5416.000000
5374.000000
5200.000000
4868.000000
4683.000000
5128.000000
5348.000000
5126.000000
5257.000000
5283.000000
5352.000000
5245.000000
5085.000000
4686.000000
4579.000000
4718.000000
5109.000000
5095.000000
5028.000000
4865.000000
4723.000000
4424.000000
4562.000000
5059.000000
5378.000000
5480.000000
6433.000000
5350.000000
5236.000000
5222.000000
5145.000000
4910.000000
5052.000000
4846.000000
4896.000000
5289.000000
5411.000000
5332.000000
5169.000000
5162.000000
4939.000000
4949.000000
4645.000000
4483.000000
4704.000000
4654.000000
4442.000000
4394.000000
4149.000000
5041.000000
4984.000000
5735.000000
5915.000000
5018.000000
4927.000000
4848.000000
4956.000000
4954.000000
5184.000000
5260.000000
5329.000000
5295.000000
5077.000000
4914.000000
5387.000000
5123.000000
5044.000000
5038.000000
4971.000000
4856.000000
4800.000000
4442.000000
4563.000000
4513.000000
4513.000000
4725.000000
4720.000000
6914.000000
5291.000000
5053.000000
5096.000000
5120.000000
5320.000000
4917.000000
4944.000000
5359.000000
5474.000000
5409.000000
5380.000000
5335.000000
5196.000000
5117.000000
4853.000000
5090.000000
4915.000000
4788.000000
4910.000000
4888.000000
4996.000000
5051.000000
4871.000000
5186.000000
4858.000000
8530.000000
5767.000000
5353.000000
5270.000000
5301.000000
5180.000000
4956.000000
5062.000000
5176.000000
5123.000000
5215.000000
5162.000000
5270.000000
5103.000000
5330.000000
5187.000000
4955.000000
5009.000000
4869.000000
5283.000000
5230.000000
5205.000000
4923.000000
4767.000000
5008.000000
5419.000000
8056.000000
5402.000000
5134.000000
5169.000000
5225.000000
5032.000000
5340.000000
5511.000000
5150.000000
5224.000000
5315.000000
4864.000000
5238.000000
5422.000000
5824.000000
5194.000000
5098.000000
5144.000000
5595.000000
5606.000000
4785.000000
4857.000000
4986.000000
4964.000000
5102.000000
5122.000000
6810.000000
4811.000000
5241.000000
5137.000000
4748.000000
4762.000000
4783.000000
5128.000000
5147.000000
5487.000000
5166.000000
5186.000000
4973.000000
4542.000000
4555.000000
4845.000000
5565.000000
5332.000000
3734.000000
4557.000000
5466.000000
4977.000000
4662.000000
4579.000000
4674.000000
5238.000000
4916.000000
3946.000000
4843.000000
4734.000000
4443.000000
4862.000000
4747.000000
4773.000000
4729.000000
4914.000000
4602.000000
5278.000000
5096.000000
4993.000000
4652.000000
4886.000000
2842.000000
2804.000000
2725.000000
3180.000000
2767.000000
6341.000000
5483.000000
4984.000000
4789.000000
4696.000000
5225.000000
4165.000000
4833.000000
4226.000000
4503.000000
4102.000000
4115.000000
4373.000000
4151.000000
4706.000000
5082.000000
4457.000000
4627.000000
4982.000000
5163.000000
2594.000000
1341.000000
3806.000000
3034.000000
3328.000000
4227.000000
7478.000000
5576.000000
4402.000000
4229.000000
5140.000000
4835.000000
3925.000000
3854.000000
4391.000000
3504.000000
4322.000000
4050.000000
4592.000000
4615.000000
4546.000000
4243.000000
4787.000000
4091.000000
3903.000000
7550.000000
2549.000000
1504.000000
1430.000000
2771.000000
2571.000000
3341.000000
7723.000000
5168.000000
4629.000000
4289.000000
4323.000000
4496.000000
4389.000000
3739.000000
4020.000000
4284.000000
4031.000000
3845.000000
3781.000000
3974.000000
3630.000000
2688.000000
1913.000000
2296.000000
3085.000000
7879.000000
5794.000000
3664.000000
5168.000000
4847.000000
4350.000000
3879.000000
4276.000000
4343.000000
4193.000000
4141.000000
4592.000000
4617.000000
5187.000000
3714.000000
3827.000000
4512.000000
4232.000000
2138.000000
2108.000000
1797.000000
2411.000000
1202.000000
1405.000000
1126.000000
3049.000000
3871.000000
6738.000000
7082.000000
7067.000000
5577.000000
4322.000000
4381.000000
4034.000000
4340.000000
4375.000000
4126.000000
4550.000000
4159.000000
4904.000000
4351.000000
4610.000000
4397.000000
3955.000000
1972.000000
792.000000
672.000000
138.000000
110.000000
471.000000
206.000000
3056.000000
2938.000000
8199.000000
8544.000000
8514.000000
4294.000000
4119.000000
4293.000000
4286.000000
4791.000000
4962.000000
4345.000000
4268.000000
4307.000000
4187.000000
4582.000000
5411.000000
5679.000000
4515.000000
1308.000000
719.000000
472.000000
413.000000
356.000000
249.000000
77.000000
2181.000000
2990.000000
6051.000000
8866.000000
8481.000000
3605.000000
3331.000000
3854.000000
4123.000000
3962.000000
4302.000000
4016.000000
4376.000000
4872.000000
3883.000000
5161.000000
5132.000000
7121.000000
5081.000000
2364.000000
963.000000
838.000000
771.000000
625.000000
406.000000
392.000000
1188.000000
3768.000000
5548.000000
8925.000000
8551.000000
4591.000000
4206.000000
4172.000000
4285.000000
4552.000000
4487.000000
3781.000000
3811.000000
4052.000000
4105.000000
8684.000000
8475.000000
8684.000000
6182.000000
4927.000000
2564.000000
1802.000000
475.000000
479.000000
781.000000
596.000000
999.000000
2586.000000
6238.000000
8877.000000
6947.000000
4895.000000
4593.000000
3759.000000
4034.000000
4105.000000
4367.000000
3849.000000
3861.000000
3809.000000
3723.000000
8737.000000
8920.000000
5644.000000
5379.000000
4628.000000
4382.000000
4119.000000
4333.000000
4602.000000
4547.000000
4353.000000
1530.000000
4012.000000
8391.000000
8547.000000
3896.000000
3996.000000
3948.000000
4067.000000
4553.000000
4249.000000
3880.000000
3539.000000
3467.000000
3832.000000
3125.000000
8853.000000
8825.000000
4511.000000
4790.000000
4937.000000
4542.000000
4572.000000
4292.000000
4385.000000
4122.000000
4253.000000
3848.000000
5550.000000
8258.000000
7561.000000
3275.000000
3537.000000
3548.000000
3835.000000
3508.000000
4068.000000
4048.000000
4302.000000
4183.000000
4226.000000
3840.000000
8882.000000
6164.000000
4518.000000
5178.000000
5013.000000
4643.000000
4401.000000
4420.000000
4588.000000
3747.000000
3687.000000
3788.000000
4629.000000
8029.000000
8319.000000
3526.000000
3016.000000
3185.000000
3098.000000
2969.000000
3519.000000
3457.000000
3620.000000
4228.000000
4920.000000
7714.000000
7993.000000
4891.000000
4472.000000
4560.000000
4876.000000
4280.000000
4152.000000
4329.000000
3281.000000
3604.000000
4121.000000
4172.000000
4621.000000
8179.000000
8250.000000
3839.000000
2734.000000
3771.000000
3527.000000
4128.000000
3976.000000
3489.000000
4018.000000
2052.000000
5807.000000
8578.000000
5175.000000
2760.000000
2622.000000
2353.000000
2038.000000
2131.000000
2429.000000
2223.000000
2053.000000
2406.000000
3908.000000
4226.000000
4097.000000
8073.000000
8129.000000
3602.000000
3430.000000
3828.000000
3382.000000
3680.000000
3554.000000
4159.000000
3484.000000
1566.000000
7100.000000
6783.000000
6051.000000
2425.000000
1984.000000
1891.000000
2004.000000
1662.000000
1516.000000
1165.000000
1521.000000
1782.000000
1767.000000
2503.000000
3580.000000
7511.000000
8448.000000
4205.000000
4182.000000
4208.000000
3572.000000
3353.000000
3765.000000
3622.000000
3966.000000
1269.000000
7871.000000
4168.000000
4874.000000
6683.000000
3850.000000
3525.000000
4023.000000
4083.000000
4001.000000
3304.000000
2217.000000
2172.000000
1794.000000
3618.000000
3913.000000
6945.000000
8129.000000
5576.000000
3777.000000
3981.000000
4441.000000
3327.000000
3798.000000
3655.000000
4023.000000
2642.000000
8743.000000
4214.000000
4398.000000
3782.000000
4048.000000
3761.000000
4232.000000
4262.000000
4226.000000
4322.000000
4154.000000
3923.000000
3879.000000
3652.000000
2896.000000
4436.000000
8598.000000
5010.000000
4725.000000
3833.000000
3963.000000
4520.000000
3840.000000
3542.000000
4062.000000
4791.000000
7399.000000
5935.000000
4378.000000
4546.000000
3776.000000
4139.000000
4081.000000
3856.000000
4053.000000
3587.000000
4479.000000
3588.000000
3020.000000
4052.000000
3833.000000
4712.000000
5320.000000
5565.000000
4646.000000
4007.000000
3734.000000
3870.000000
3882.000000
3353.000000
