1010.000000
982.000000
1038.000000
1124.000000
1083.000000
1186.000000
1209.000000
1198.000000
1102.000000
1110.000000
1049.000000
1083.000000
1044.000000
1031.000000
967.000000
1011.000000
930.000000
1015.000000
966.000000
1169.000000
1401.000000
1538.000000
1680.000000
1809.000000
2082.000000
2306.000000
2379.000000
2421.000000
2339.000000
2345.000000
2224.000000
2174.000000
2215.000000
2213.000000
2239.000000
2406.000000
2380.000000
1283.000000
1241.000000
1165.000000
1123.000000
1040.000000
1091.000000
2952.000000
6495.000000
8735.000000
9528.000000
9832.000000
10400.000000
11075.000000
11585.000000
11405.000000
11457.000000
11260.000000
10376.000000
8765.000000
7053.000000
4474.000000
1141.000000
1278.000000
1472.000000
1684.000000
1761.000000
1757.000000
1736.000000
1801.000000
1803.000000
1783.000000
1747.000000
1843.000000
1820.000000
1935.000000
1899.000000
1998.000000
923.000000
949.000000
963.000000
1018.000000
6549.000000
11005.000000
12026.000000
12155.000000
12597.000000
12603.000000
12862.000000
13090.000000
13696.000000
13551.000000
13450.000000
13238.000000
12999.000000
12512.000000
11979.000000
12302.000000
12008.000000
11564.000000
6057.000000
1096.000000
1146.000000
1151.000000
1020.000000
915.000000
1006.000000
1001.000000
1063.000000
1153.000000
1100.000000
1020.000000
1124.000000
1302.000000
1401.000000
978.000000
1050.000000
1124.000000
7684.000000
12053.000000
12191.000000
11469.000000
9928.000000
7100.000000
4655.000000
5353.000000
10256.000000
12815.000000
13816.000000
13836.000000
12925.000000
6988.000000
3473.000000
5086.000000
10448.000000
12330.000000
12862.000000
13401.000000
4917.000000
566.000000
463.000000
337.000000
213.000000
217.000000
317.000000
363.000000
322.000000
272.000000
324.000000
399.000000
574.000000
722.000000
2075.000000
2100.000000
2160.000000
12703.000000
13347.000000
13392.000000
12985.000000
13228.000000
12457.000000
10284.000000
9383.000000
7490.000000
12112.000000
13095.000000
12892.000000
11940.000000
9350.000000
11355.000000
12605.000000
12859.000000
13525.000000
13168.000000
13123.000000
12457.000000
761.000000
490.000000
126.000000
82.000000
202.000000
217.000000
676.000000
383.000000
533.000000
755.000000
887.000000
1143.000000
1357.000000
2756.000000
2783.000000
2763.000000
12445.000000
11912.000000
11593.000000
12710.000000
13361.000000
13666.000000
13526.000000
13461.000000
12562.000000
10105.000000
9430.000000
8774.000000
10409.000000
12044.000000
13370.000000
13656.000000
13612.000000
13351.000000
12425.000000
12694.000000
12702.000000
8821.000000
660.000000
393.000000
419.000000
579.000000
817.000000
1104.000000
1474.000000
1748.000000
2091.000000
2394.000000
2666.000000
2814.000000
3699.000000
3602.000000
3531.000000
11867.000000
11787.000000
10847.000000
11403.000000
10840.000000
10422.000000
10012.000000
10329.000000
10845.000000
11528.000000
11965.000000
11676.000000
11329.000000
11382.000000
11026.000000
10671.000000
10529.000000
10704.000000
10095.000000
11000.000000
11965.000000
11786.000000
5606.000000
1510.000000
1617.000000
1640.000000
1959.000000
2460.000000
2931.000000
3316.000000
3567.000000
3765.000000
3887.000000
3858.000000
3332.000000
3198.000000
6204.000000
11868.000000
12380.000000
12731.000000
12722.000000
11198.000000
10738.000000
10184.000000
10183.000000
9151.000000
8080.000000
7825.000000
8464.000000
9061.000000
9615.000000
10802.000000
11046.000000
10743.000000
10132.000000
6375.000000
6117.000000
7293.000000
8217.000000
8714.000000
8105.000000
6391.000000
3263.000000
3414.000000
3705.000000
3917.000000
4183.000000
4457.000000
4586.000000
4597.000000
4517.000000
3483.000000
3523.000000
7526.000000
12256.000000
10680.000000
9529.000000
9120.000000
8840.000000
9026.000000
8892.000000
8935.000000
9234.000000
9791.000000
10040.000000
10258.000000
10650.000000
11163.000000
11645.000000
11303.000000
8728.000000
5653.000000
6327.000000
5157.000000
5058.000000
5923.000000
7046.000000
7351.000000
5802.000000
6064.000000
4428.000000
4611.000000
4737.000000
4737.000000
4658.000000
4616.000000
4350.000000
4103.000000
4114.000000
4179.000000
6810.000000
11697.000000
10623.000000
10672.000000
10224.000000
9349.000000
8300.000000
8577.000000
9834.000000
9727.000000
9638.000000
9497.000000
9736.000000
9630.000000
10626.000000
12775.000000
10764.000000
7716.000000
6025.000000
5279.000000
5948.000000
7903.000000
8710.000000
10378.000000
10725.000000
6995.000000
6742.000000
5061.000000
5165.000000
5192.000000
5126.000000
4832.000000
4688.000000
4414.000000
4165.000000
4541.000000
4771.000000
6417.000000
4657.000000
11188.000000
8712.000000
9473.000000
10020.000000
10663.000000
11105.000000
11214.000000
11089.000000
11126.000000
11355.000000
10871.000000
9970.000000
8802.000000
10326.000000
12699.000000
7221.000000
5744.000000
5183.000000
5986.000000
7928.000000
6895.000000
7116.000000
7027.000000
6499.000000
6026.000000
5232.000000
5194.000000
5119.000000
5058.000000
4854.000000
4593.000000
4335.000000
4139.000000
5143.000000
5216.000000
5356.000000
9702.000000
4109.000000
6915.000000
8039.000000
8291.000000
8857.000000
9297.000000
10412.000000
11845.000000
11820.000000
11100.000000
10633.000000
10131.000000
9409.000000
8143.000000
11394.000000
11459.000000
9147.000000
4774.000000
4447.000000
5491.000000
5752.000000
6595.000000
5549.000000
6758.000000
3509.000000
5175.000000
5511.000000
5203.000000
4956.000000
4896.000000
4782.000000
4739.000000
4280.000000
5584.000000
5714.000000
5500.000000
5358.000000
7184.000000
5898.000000
5518.000000
7836.000000
6656.000000
7263.000000
8600.000000
8874.000000
8606.000000
8519.000000
8642.000000
8464.000000
7669.000000
7515.000000
7397.000000
7148.000000
4856.000000
4047.000000
4800.000000
4367.000000
3533.000000
6422.000000
8376.000000
10172.000000
10107.000000
6678.000000
5985.000000
5558.000000
5430.000000
5462.000000
5341.000000
5147.000000
5055.000000
5490.000000
5668.000000
5660.000000
5656.000000
5806.000000
5817.000000
5579.000000
4159.000000
5280.000000
6561.000000
6287.000000
7031.000000
6760.000000
6332.000000
6443.000000
7240.000000
7753.000000
7748.000000
7937.000000
7568.000000
4230.000000
4327.000000
4194.000000
5952.000000
4418.000000
4566.000000
6516.000000
6656.000000
7937.000000
7203.000000
8041.000000
6195.000000
5878.000000
5672.000000
5697.000000
5828.000000
6431.000000
5349.000000
5370.000000
5429.000000
5610.000000
5852.000000
5747.000000
5710.000000
5748.000000
4799.000000
4352.000000
7139.000000
7708.000000
9645.000000
8094.000000
7989.000000
7469.000000
7210.000000
9578.000000
10237.000000
9489.000000
7697.000000
4142.000000
4814.000000
6711.000000
5985.000000
3962.000000
6211.000000
7232.000000
6900.000000
6620.000000
7533.000000
7721.000000
8846.000000
9406.000000
8302.000000
6814.000000
8373.000000
5288.000000
5425.000000
5719.000000
5545.000000
5520.000000
5655.000000
5639.000000
5648.000000
5799.000000
5931.000000
6426.000000
6619.000000
7628.000000
7585.000000
8722.000000
9016.000000
8426.000000
7925.000000
8816.000000
8643.000000
8497.000000
8300.000000
9053.000000
9451.000000
6142.000000
5348.000000
6714.000000
6662.000000
6258.000000
6564.000000
7811.000000
7492.000000
7286.000000
7240.000000
7545.000000
9015.000000
7044.000000
5529.000000
5668.000000
5742.000000
5784.000000
6098.000000
6104.000000
6186.000000
6214.000000
6860.000000
8582.000000
6965.000000
8882.000000
9320.000000
6380.000000
9528.000000
10078.000000
10508.000000
7925.000000
5598.000000
10256.000000
11730.000000
11810.000000
9451.000000
7725.000000
7374.000000
6149.000000
6415.000000
5442.000000
5695.000000
7559.000000
5872.000000
5491.000000
5579.000000
6762.000000
5235.000000
5719.000000
5845.000000
5725.000000
5797.000000
5913.000000
6037.000000
6249.000000
6326.000000
8802.000000
9719.000000
9625.000000
10760.000000
10828.000000
10912.000000
7515.000000
7858.000000
10914.000000
8121.000000
9629.000000
10428.000000
10091.000000
11204.000000
9704.000000
8870.000000
10206.000000
8911.000000
8653.000000
10256.000000
9354.000000
5244.000000
5817.000000
6855.000000
5445.000000
5634.000000
5905.000000
6250.000000
6473.000000
6233.000000
5472.000000
