5490.000000
5364.000000
5522.000000
6005.000000
6018.000000
6031.000000
6069.000000
6090.000000
6001.000000
4051.000000
3619.000000
3544.000000
3358.000000
3247.000000
4311.000000
3697.000000
2378.000000
2254.000000
2531.000000
1986.000000
3033.000000
3340.000000
5002.000000
2867.000000
1378.000000
1422.000000
3229.000000
4249.000000
4132.000000
4175.000000
4156.000000
3940.000000
2683.000000
3357.000000
4060.000000
4589.000000
3717.000000
3061.000000
4050.000000
4117.000000
5184.000000
4832.000000
5316.000000
4812.000000
3066.000000
2780.000000
4573.000000
4627.000000
3789.000000
2482.000000
2060.000000
1739.000000
5173.000000
5096.000000
4690.000000
3985.000000
3875.000000
4184.000000
4998.000000
3904.000000
5982.000000
5705.000000
5068.000000
2552.000000
2665.000000
3108.000000
3266.000000
3673.000000
3174.000000
3769.000000
5410.000000
5680.000000
4766.000000
4767.000000
3262.000000
3415.000000
5718.000000
5371.000000
3800.000000
3767.000000
3830.000000
3858.000000
3985.000000
3228.000000
2970.000000
2191.000000
3668.000000
641.000000
2169.000000
395.000000
3937.000000
3763.000000
3778.000000
3784.000000
3310.000000
3061.000000
2908.000000
2909.000000
3008.000000
2710.000000
2773.000000
2977.000000
3153.000000
2591.000000
4750.000000
4971.000000
5169.000000
5358.000000
3657.000000
2067.000000
2546.000000
2193.000000
2750.000000
873.000000
3017.000000
5560.000000
5787.000000
5887.000000
5886.000000
5822.000000
5767.000000
5747.000000
5709.000000
5633.000000
5562.000000
5356.000000
5326.000000
5218.000000
4893.000000
4762.000000
2304.000000
2537.000000
2850.000000
2838.000000
2623.000000
2337.000000
2352.000000
2366.000000
2322.000000
4042.000000
4505.000000
4203.000000
3270.000000
2115.000000
3687.000000
3426.000000
3589.000000
3608.000000
3459.000000
3428.000000
3483.000000
3205.000000
3167.000000
3022.000000
2977.000000
2631.000000
2836.000000
2949.000000
3280.000000
3946.000000
1671.000000
739.000000
2766.000000
1971.000000
1437.000000
4359.000000
4195.000000
3378.000000
1285.000000
2492.000000
3674.000000
3494.000000
3374.000000
3157.000000
2941.000000
2811.000000
2445.000000
2680.000000
2569.000000
2291.000000
2529.000000
2100.000000
2765.000000
2628.000000
2659.000000
2528.000000
68.000000
5560.000000
1306.000000
1293.000000
2633.000000
124.000000
128.000000
1519.000000
2924.000000
3049.000000
2004.000000
2963.000000
2558.000000
2495.000000
3135.000000
3061.000000
2757.000000
2656.000000
2868.000000
2203.000000
2325.000000
2430.000000
2544.000000
2267.000000
4269.000000
136.000000
4492.000000
4751.000000
3202.000000
2238.000000
1504.000000
490.000000
279.000000
655.000000
3089.000000
2620.000000
2546.000000
2736.000000
2463.000000
2530.000000
2366.000000
2186.000000
2097.000000
2487.000000
2394.000000
2063.000000
2223.000000
2164.000000
2320.000000
1585.000000
573.000000
1360.000000
4564.000000
3851.000000
1682.000000
1309.000000
2209.000000
87.000000
216.000000
174.000000
608.000000
2591.000000
2179.000000
2247.000000
2244.000000
1943.000000
1771.000000
2319.000000
2519.000000
2111.000000
1832.000000
2279.000000
1955.000000
1730.000000
1072.000000
3023.000000
2272.000000
1969.000000
2610.000000
4923.000000
916.000000
90.000000
74.000000
239.000000
519.000000
264.000000
2102.000000
3501.000000
3594.000000
1835.000000
2148.000000
1870.000000
1784.000000
1398.000000
1374.000000
1645.000000
1205.000000
1870.000000
1622.000000
1586.000000
2004.000000
2312.000000
2256.000000
2014.000000
2833.000000
3362.000000
367.000000
34.000000
0.000000
12.000000
18.000000
65.000000
3570.000000
2700.000000
242.000000
1255.000000
1492.000000
1772.000000
1591.000000
1892.000000
1706.000000
1472.000000
1181.000000
1441.000000
1461.000000
1234.000000
2353.000000
1390.000000
965.000000
672.000000
4886.000000
3977.000000
2372.000000
100.000000
159.000000
603.000000
728.000000
336.000000
3296.000000
3299.000000
2148.000000
1202.000000
826.000000
652.000000
975.000000
1231.000000
1745.000000
2686.000000
1412.000000
2067.000000
1643.000000
1337.000000
