759.000000
914.000000
609.000000
564.000000
541.000000
824.000000
1033.000000
1091.000000
723.000000
588.000000
469.000000
825.000000
1083.000000
1285.000000
437.000000
1406.000000
1178.000000
1356.000000
806.000000
1013.000000
737.000000
721.000000
2712.000000
3464.000000
2741.000000
965.000000
840.000000
1105.000000
439.000000
760.000000
550.000000
1143.000000
472.000000
599.000000
611.000000
594.000000
489.000000
549.000000
736.000000
572.000000
599.000000
1816.000000
3139.000000
4247.000000
4173.000000
2505.000000
817.000000
515.000000
1219.000000
744.000000
1255.000000
766.000000
850.000000
1015.000000
1205.000000
1226.000000
695.000000
1529.000000
1602.000000
776.000000
636.000000
811.000000
1581.000000
1785.000000
2459.000000
2209.000000
3863.000000
2660.000000
2964.000000
2792.000000
2172.000000
2878.000000
3253.000000
3271.000000
3482.000000
1179.000000
801.000000
1543.000000
1433.000000
1164.000000
934.000000
1073.000000
842.000000
1864.000000
2004.000000
3445.000000
3568.000000
3024.000000
2037.000000
1692.000000
1844.000000
1831.000000
2313.000000
2279.000000
2839.000000
4206.000000
3810.000000
670.000000
954.000000
1370.000000
1040.000000
1592.000000
1072.000000
2236.000000
2854.000000
3793.000000
4068.000000
2003.000000
1894.000000
1636.000000
2005.000000
1851.000000
2972.000000
3696.000000
3942.000000
3866.000000
2863.000000
1609.000000
1109.000000
1284.000000
997.000000
979.000000
1483.000000
1164.000000
1049.000000
2584.000000
3363.000000
2656.000000
2029.000000
2060.000000
1692.000000
1305.000000
3003.000000
4081.000000
3639.000000
4307.000000
2971.000000
3764.000000
4776.000000
1789.000000
1651.000000
1502.000000
1454.000000
1500.000000
1609.000000
2254.000000
3178.000000
1809.000000
1756.000000
1930.000000
1609.000000
1517.000000
1742.000000
2922.000000
3522.000000
1648.000000
3984.000000
2759.000000
2988.000000
5019.000000
1531.000000
1747.000000
1588.000000
1653.000000
3651.000000
2033.000000
2867.000000
1619.000000
1650.000000
1620.000000
1411.000000
1748.000000
1707.000000
1969.000000
3783.000000
2225.000000
1655.000000
2398.000000
1833.000000
2295.000000
2052.000000
1903.000000
1866.000000
1871.000000
1931.000000
1957.000000
2053.000000
1886.000000
1680.000000
1600.000000
1695.000000
2100.000000
1634.000000
3251.000000
3956.000000
1838.000000
2160.000000
2229.000000
2223.000000
2573.000000
