10179.000000
9144.000000
8372.000000
8221.000000
8137.000000
7618.000000
6787.000000
6532.000000
7212.000000
8657.000000
9612.000000
9749.000000
9289.000000
8400.000000
7391.000000
6971.000000
7627.000000
8880.000000
9797.000000
10257.000000
10575.000000
10511.000000
10095.000000
9844.000000
10032.000000
10418.000000
10632.000000
10080.000000
8486.000000
6890.000000
6640.000000
7581.000000
8465.000000
8848.000000
8691.000000
8412.000000
7941.000000
7225.000000
6588.000000
6175.000000
5827.000000
6068.000000
6995.000000
7936.000000
8490.000000
8674.000000
8271.000000
7876.000000
7880.000000
7965.000000
7917.000000
8134.000000
8567.000000
8633.000000
8131.000000
7155.000000
5817.000000
4833.000000
4547.000000
4563.000000
4540.000000
3943.000000
10184.000000
9253.000000
8572.000000
8390.000000
8214.000000
7684.000000
7065.000000
7054.000000
7828.000000
9103.000000
9775.000000
9717.000000
9090.000000
7952.000000
6743.000000
6405.000000
7099.000000
8228.000000
9153.000000
9806.000000
10235.000000
10253.000000
9954.000000
9783.000000
9759.000000
9870.000000
9963.000000
9599.000000
8309.000000
6756.000000
6359.000000
7186.000000
8091.000000
8471.000000
8520.000000
8552.000000
8518.000000
8143.000000
7607.000000
7027.000000
6246.000000
5898.000000
6498.000000
7540.000000
8545.000000
9242.000000
9203.000000
8820.000000
8514.000000
8301.000000
8216.000000
8541.000000
8971.000000
9045.000000
8515.000000
7447.000000
6030.000000
5039.000000
4639.000000
4494.000000
4450.000000
3963.000000
10089.000000
9229.000000
8632.000000
8430.000000
8155.000000
7642.000000
7250.000000
7464.000000
8360.000000
9575.000000
10111.000000
9991.000000
9350.000000
8199.000000
7033.000000
6743.000000
7209.000000
7832.000000
8311.000000
8944.000000
9544.000000
9800.000000
9736.000000
9609.000000
9377.000000
9186.000000
9099.000000
9033.000000
8321.000000
7088.000000
6581.000000
7148.000000
7987.000000
8370.000000
8445.000000
8536.000000
8703.000000
8554.000000
8138.000000
7492.000000
6454.000000
5757.000000
6234.000000
7494.000000
8811.000000
9684.000000
9758.000000
9381.000000
8915.000000
8518.000000
8480.000000
8881.000000
9284.000000
9325.000000
8817.000000
7751.000000
6311.000000
5280.000000
4778.000000
4519.000000
4481.000000
4051.000000
9949.000000
9180.000000
8677.000000
8397.000000
8005.000000
7553.000000
7328.000000
7696.000000
8753.000000
10082.000000
10654.000000
10488.000000
9929.000000
8964.000000
7942.000000
7551.000000
7529.000000
7394.000000
7296.000000
7799.000000
8654.000000
9287.000000
9429.000000
9287.000000
8880.000000
8416.000000
8259.000000
8547.000000
8528.000000
7787.000000
7299.000000
7740.000000
8457.000000
8830.000000
8632.000000
8451.000000
8456.000000
8356.000000
7918.000000
7255.000000
6454.000000
5994.000000
6587.000000
7955.000000
9339.000000
10134.000000
10225.000000
9871.000000
9342.000000
8852.000000
8748.000000
8988.000000
9202.000000
9244.000000
8987.000000
8133.000000
6767.000000
5622.000000
4992.000000
4686.000000
4695.000000
4364.000000
9745.000000
9036.000000
8653.000000
8326.000000
7812.000000
7362.000000
7187.000000
7573.000000
8810.000000
10399.000000
11124.000000
10919.000000
10429.000000
9657.000000
8762.000000
8171.000000
7664.000000
6862.000000
6263.000000
6620.000000
7727.000000
8674.000000
9032.000000
8850.000000
8326.000000
7765.000000
7697.000000
8351.000000
8908.000000
8685.000000
8343.000000
8726.000000
9363.000000
9569.000000
8985.000000
8201.000000
7905.000000
7716.000000
7120.000000
6558.000000
6452.000000
6723.000000
7477.000000
8716.000000
9885.000000
10587.000000
10722.000000
10452.000000
9848.000000
9277.000000
8909.000000
8698.000000
8598.000000
8709.000000
8967.000000
8661.000000
7434.000000
6092.000000
5199.000000
4909.000000
5041.000000
4841.000000
9345.000000
8673.000000
8371.000000
8141.000000
7562.000000
6982.000000
6676.000000
7061.000000
8474.000000
10354.000000
11217.000000
11005.000000
10526.000000
9916.000000
9048.000000
8329.000000
7634.000000
6590.000000
5706.000000
5857.000000
6849.000000
7844.000000
8329.000000
8243.000000
7884.000000
7528.000000
7659.000000
8506.000000
9334.000000
9490.000000
9381.000000
9752.000000
10235.000000
10172.000000
9272.000000
8126.000000
7587.000000
7245.000000
6618.000000
6314.000000
6930.000000
7781.000000
8444.000000
9215.000000
10025.000000
10680.000000
11003.000000
10882.000000
10252.000000
9575.000000
8829.000000
8081.000000
7670.000000
7920.000000
8701.000000
8967.000000
7959.000000
6456.000000
5339.000000
4999.000000
5242.000000
5269.000000
8832.000000
8129.000000
7924.000000
7829.000000
7280.000000
6532.000000
6044.000000
6483.000000
8136.000000
10214.000000
11041.000000
10689.000000
10242.000000
9787.000000
8930.000000
8300.000000
7828.000000
7069.000000
6102.000000
5763.000000
6272.000000
7033.000000
7505.000000
7650.000000
7652.000000
7698.000000
8017.000000
8823.000000
9651.000000
10067.000000
10208.000000
10487.000000
10743.000000
10495.000000
9528.000000
8377.000000
7723.000000
7346.000000
6901.000000
6939.000000
7853.000000
8716.000000
9015.000000
9170.000000
9597.000000
10299.000000
10855.000000
11012.000000
10573.000000
9853.000000
8781.000000
7531.000000
6887.000000
7195.000000
8284.000000
8943.000000
8169.000000
6655.000000
5321.000000
4854.000000
5127.000000
5381.000000
8504.000000
7814.000000
7629.000000
7612.000000
7156.000000
6317.000000
5727.000000
6181.000000
8065.000000
10246.000000
10948.000000
10479.000000
10058.000000
9608.000000
8813.000000
8362.000000
8376.000000
7991.000000
6954.000000
6139.000000
6146.000000
6653.000000
7052.000000
7347.000000
7688.000000
8065.000000
8460.000000
9070.000000
9788.000000
10394.000000
10686.000000
10760.000000
10721.000000
10452.000000
9801.000000
8948.000000
8265.000000
7882.000000
7593.000000
7829.000000
8669.000000
9220.000000
9055.000000
8748.000000
8895.000000
9649.000000
10406.000000
10808.000000
10678.000000
10145.000000
8920.000000
7315.000000
6461.000000
6749.000000
7914.000000
8818.000000
8367.000000
6954.000000
5426.000000
4723.000000
4929.000000
5363.000000
8587.000000
7951.000000
7686.000000
7669.000000
7305.000000
6483.000000
5793.000000
6250.000000
8225.000000
10419.000000
11142.000000
10644.000000
10224.000000
9666.000000
8868.000000
8568.000000
8859.000000
8609.000000
7583.000000
6663.000000
6634.000000
7007.000000
7224.000000
7536.000000
8058.000000
8488.000000
8749.000000
9131.000000
9776.000000
10479.000000
10772.000000
10618.000000
10462.000000
10360.000000
10076.000000
9499.000000
8854.000000
8403.000000
8307.000000
8502.000000
9074.000000
9281.000000
8844.000000
8276.000000
8341.000000
9063.000000
9815.000000
10232.000000
10293.000000
9960.000000
8815.000000
7171.000000
6230.000000
6468.000000
7589.000000
8712.000000
8688.000000
7491.000000
5847.000000
4820.000000
4983.000000
5559.000000
9087.000000
8581.000000
8208.000000
8043.000000
7700.000000
6820.000000
6023.000000
6427.000000
8317.000000
10407.000000
11282.000000
11039.000000
10574.000000
9841.000000
8980.000000
8688.000000
8923.000000
8605.000000
7718.000000
7309.000000
7620.000000
7959.000000
7949.000000
8140.000000
8607.000000
8918.000000
8906.000000
9020.000000
9603.000000
10354.000000
10667.000000
10429.000000
10235.000000
10276.000000
10211.000000
9760.000000
9158.000000
8791.000000
8735.000000
8782.000000
9005.000000
9020.000000
8581.000000
8163.000000
8286.000000
8815.000000
9213.000000
9388.000000
9359.000000
9135.000000
8242.000000
6785.000000
5876.000000
6054.000000
7269.000000
8643.000000
9026.000000
8094.000000
6468.000000
5380.000000
5486.000000
6100.000000
9783.000000
9433.000000
9011.000000
8617.000000
8094.000000
7131.000000
6258.000000
6504.000000
8121.000000
9986.000000
11100.000000
11291.000000
10890.000000
10045.000000
9190.000000
8818.000000
8740.000000
8307.000000
7759.000000
8003.000000
8767.000000
9067.000000
8810.000000
8765.000000
9064.000000
9330.000000
9159.000000
9005.000000
9428.000000
10177.000000
10575.000000
10314.000000
9697.000000
8553.000000
7984.000000
8208.000000
8630.000000
9102.000000
8954.000000
8821.000000
8742.000000
8643.000000
8427.000000
8327.000000
8528.000000
8715.000000
8581.000000
8209.000000
7955.000000
7801.000000
7282.000000
6203.000000
5335.000000
5537.000000
7013.000000
8706.000000
9359.000000
8597.000000
7151.000000
6168.000000
6245.000000
6728.000000
10302.000000
10045.000000
9636.000000
9157.000000
8505.000000
7574.000000
6770.000000
6799.000000
7883.000000
9259.000000
10473.000000
11160.000000
10999.000000
10262.000000
9520.000000
9038.000000
8651.000000
8123.000000
7973.000000
8641.000000
9583.000000
9807.000000
9375.000000
9200.000000
9433.000000
9760.000000
9632.000000
9402.000000
9534.000000
10075.000000
10437.000000
9342.000000
7282.000000
6008.000000
5828.000000
6289.000000
7578.000000
9222.000000
9041.000000
8664.000000
8401.000000
8275.000000
8243.000000
8481.000000
8675.000000
8493.000000
7729.000000
6858.000000
6314.000000
6247.000000
6202.000000
5512.000000
4849.000000
5302.000000
7169.000000
9067.000000
9770.000000
9044.000000
7765.000000
6902.000000
6934.000000
7261.000000
10565.000000
10276.000000
9903.000000
9563.000000
9040.000000
8358.000000
7828.000000
7682.000000
7968.000000
8428.000000
9351.000000
10491.000000
10830.000000
10434.000000
9910.000000
9395.000000
8787.000000
8260.000000
8402.000000
9206.000000
9993.000000
10062.000000
9660.000000
9489.000000
9780.000000
10190.000000
10207.000000
10075.000000
10054.000000
10308.000000
9821.000000
7190.000000
5086.000000
4706.000000
5428.000000
5898.000000
6717.000000
7799.000000
8296.000000
8425.000000
8022.000000
7934.000000
8041.000000
8498.000000
8695.000000
8056.000000
6673.000000
5341.000000
4724.000000
4825.000000
5102.000000
4832.000000
4634.000000
5596.000000
7822.000000
9765.000000
10348.000000
9606.000000
8387.000000
7524.000000
7379.000000
7716.000000
10565.000000
10157.000000
9798.000000
9722.000000
9611.000000
9345.000000
9070.000000
8872.000000
8402.000000
7714.000000
7969.000000
9441.000000
10404.000000
10421.000000
10088.000000
9647.000000
8996.000000
8499.000000
8694.000000
9411.000000
9935.000000
9925.000000
9634.000000
9601.000000
9969.000000
10493.000000
10746.000000
10706.000000
10629.000000
10600.000000
8755.000000
5827.000000
4446.000000
6135.000000
6815.000000
6976.000000
6705.000000
7078.000000
7427.000000
7865.000000
7732.000000
7760.000000
7960.000000
8471.000000
8490.000000
7346.000000
5423.000000
3871.000000
3368.000000
3670.000000
4143.000000
4197.000000
4604.000000
6145.000000
8672.000000
10596.000000
11040.000000
10345.000000
9207.000000
8225.000000
7895.000000
8323.000000
10342.000000
9745.000000
9466.000000
9730.000000
10066.000000
10178.000000
10075.000000
9819.000000
8882.000000
7394.000000
7094.000000
8652.000000
9984.000000
10300.000000
10113.000000
9723.000000
9030.000000
8507.000000
8607.000000
9149.000000
9446.000000
9473.000000
9371.000000
9509.000000
10023.000000
10614.000000
11075.000000
11050.000000
10991.000000
10799.000000
8433.000000
6332.000000
5404.000000
6931.000000
7125.000000
7145.000000
7166.000000
6973.000000
7121.000000
7435.000000
7515.000000
7635.000000
7969.000000
8377.000000
8030.000000
6458.000000
4311.000000
2832.000000
2464.000000
2811.000000
3347.000000
3600.000000
4490.000000
6618.000000
9442.000000
11276.000000
11588.000000
11031.000000
10091.000000
9158.000000
8809.000000
9265.000000
10159.000000
9515.000000
9344.000000
9867.000000
10465.000000
10715.000000
10661.000000
10383.000000
9324.000000
7722.000000
7194.000000
8544.000000
9844.000000
10257.000000
10122.000000
9608.000000
8847.000000
8364.000000
8380.000000
8708.000000
8967.000000
9015.000000
9159.000000
9364.000000
9903.000000
10673.000000
11331.000000
11158.000000
11016.000000
10882.000000
9041.000000
7106.000000
6154.000000
7091.000000
7240.000000
7315.000000
7091.000000
6792.000000
6751.000000
7039.000000
7311.000000
7482.000000
7817.000000
7918.000000
7170.000000
5497.000000
3726.000000
2556.000000
2136.000000
2229.000000
2600.000000
3001.000000
4252.000000
6802.000000
9776.000000
11564.000000
11780.000000
11459.000000
10846.000000
10062.000000
9753.000000
10050.000000
10306.000000
9767.000000
9658.000000
10130.000000
10688.000000
10860.000000
10838.000000
10668.000000
9806.000000
8527.000000
8101.000000
9084.000000
10049.000000
10369.000000
10152.000000
9498.000000
8696.000000
8153.000000
8154.000000
8561.000000
8859.000000
8557.000000
7757.000000
7721.000000
8805.000000
10251.000000
11212.000000
11100.000000
10876.000000
11080.000000
9457.000000
7587.000000
6050.000000
6807.000000
7021.000000
6945.000000
6901.000000
6829.000000
7093.000000
7449.000000
7601.000000
7397.000000
7361.000000
7020.000000
6045.000000
4675.000000
3523.000000
2807.000000
2287.000000
2111.000000
2147.000000
2396.000000
3753.000000
6537.000000
9654.000000
11428.000000
11744.000000
11647.000000
11350.000000
10669.000000
10114.000000
9979.000000
10631.000000
10326.000000
10220.000000
10431.000000
10691.000000
10733.000000
10773.000000
10798.000000
10317.000000
9544.000000
9277.000000
9940.000000
10478.000000
10578.000000
10146.000000
9337.000000
8525.000000
8144.000000
8205.000000
7796.000000
6366.000000
5252.000000
4552.000000
4766.000000
6137.000000
8435.000000
9976.000000
11196.000000
11397.000000
12080.000000
10402.000000
7757.000000
5578.000000
6537.000000
6771.000000
7016.000000
7129.000000
7469.000000
8113.000000
8459.000000
8604.000000
8085.000000
7263.000000
6196.000000
4997.000000
4137.000000
3671.000000
3187.000000
2629.000000
2212.000000
1948.000000
1971.000000
3068.000000
5648.000000
8728.000000
10646.000000
11310.000000
11589.000000
11567.000000
10881.000000
9846.000000
9102.000000
10793.000000
10727.000000
10729.000000
10787.000000
10640.000000
10560.000000
10724.000000
10929.000000
10762.000000
10383.000000
10345.000000
10724.000000
10890.000000
10718.000000
10125.000000
9165.000000
8354.000000
8193.000000
7483.000000
5224.000000
3176.000000
2245.000000
3237.000000
4544.000000
5542.000000
6426.000000
8135.000000
10936.000000
13214.000000
13889.000000
11617.000000
8250.000000
5614.000000
6827.000000
7203.000000
7666.000000
7895.000000
8314.000000
8843.000000
9109.000000
9199.000000
8957.000000
8194.000000
6524.000000
4860.000000
4134.000000
4066.000000
3931.000000
3386.000000
2693.000000
2030.000000
1653.000000
2240.000000
4184.000000
6934.000000
9095.000000
10304.000000
11258.000000
11616.000000
10733.000000
9055.000000
7731.000000
10664.000000
10789.000000
10969.000000
10983.000000
10636.000000
10489.000000
10800.000000
11064.000000
10921.000000
10670.000000
10805.000000
11115.000000
11069.000000
10752.000000
10169.000000
9121.000000
8381.000000
7935.000000
5649.000000
2506.000000
2041.000000
4310.000000
6186.000000
7254.000000
7081.000000
6313.000000
6796.000000
10169.000000
14785.000000
15491.000000
12909.000000
9379.000000
6378.000000
7503.000000
7809.000000
8168.000000
8350.000000
8567.000000
8739.000000
8872.000000
9209.000000
9299.000000
8729.000000
7313.000000
7411.000000
7566.000000
6065.000000
4970.000000
4615.000000
3626.000000
2434.000000
1534.000000
1440.000000
2479.000000
4576.000000
6803.000000
8832.000000
10656.000000
11427.000000
10348.000000
8188.000000
6694.000000
10312.000000
10542.000000
10924.000000
10935.000000
10576.000000
10481.000000
10914.000000
11087.000000
10689.000000
10274.000000
10563.000000
11049.000000
11018.000000
10723.000000
10223.000000
9328.000000
8543.000000
7526.000000
4781.000000
2410.000000
4755.000000
7256.000000
8483.000000
7934.000000
7096.000000
6259.000000
6169.000000
9052.000000
14381.000000
15700.000000
13765.000000
10459.000000
7247.000000
7912.000000
7851.000000
8182.000000
8266.000000
8414.000000
8527.000000
8607.000000
8907.000000
8988.000000
8215.000000
8518.000000
11007.000000
13296.000000
10932.000000
7832.000000
6327.000000
5005.000000
3247.000000
1745.000000
969.000000
1275.000000
2521.000000
4464.000000
7169.000000
9893.000000
11140.000000
10061.000000
7744.000000
6247.000000
9997.000000
10225.000000
10703.000000
10725.000000
10443.000000
10487.000000
11004.000000
11078.000000
10349.000000
9626.000000
9853.000000
10663.000000
10923.000000
10754.000000
10310.000000
9574.000000
8941.000000
7327.000000
4709.000000
3750.000000
7191.000000
8882.000000
8249.000000
7562.000000
6780.000000
6315.000000
5838.000000
8372.000000
13150.000000
15433.000000
14554.000000
11533.000000
8072.000000
7489.000000
7834.000000
7959.000000
8070.000000
8228.000000
8408.000000
8637.000000
8736.000000
8527.000000
7379.000000
10136.000000
14283.000000
16664.000000
15298.000000
11868.000000
8252.000000
6558.000000
4546.000000
2530.000000
1067.000000
686.000000
1296.000000
2870.000000
5938.000000
9286.000000
10892.000000
10004.000000
7817.000000
6266.000000
9971.000000
10101.000000
10537.000000
10526.000000
10295.000000
10471.000000
11069.000000
11215.000000
10309.000000
9258.000000
9174.000000
10100.000000
10695.000000
10751.000000
10376.000000
9696.000000
9194.000000
7476.000000
5099.000000
4728.000000
8223.000000
8729.000000
7902.000000
7101.000000
6561.000000
6539.000000
5952.000000
8012.000000
11906.000000
15109.000000
14955.000000
12156.000000
8651.000000
6847.000000
7759.000000
7784.000000
7949.000000
8074.000000
8223.000000
8426.000000
8492.000000
7760.000000
8038.000000
11362.000000
16139.000000
16847.000000
16091.000000
12355.000000
9318.000000
7709.000000
6101.000000
3786.000000
1646.000000
562.000000
886.000000
2359.000000
5485.000000
8931.000000
10678.000000
10047.000000
8155.000000
6625.000000
10276.000000
10240.000000
10502.000000
10420.000000
10229.000000
10492.000000
11176.000000
11463.000000
10606.000000
9361.000000
9026.000000
9848.000000
10568.000000
10741.000000
10290.000000
9658.000000
9136.000000
7689.000000
5736.000000
5140.000000
8303.000000
8364.000000
7443.000000
6850.000000
6667.000000
6914.000000
6410.000000
7634.000000
10765.000000
14716.000000
14860.000000
12713.000000
9565.000000
6630.000000
7739.000000
7842.000000
7937.000000
7963.000000
7971.000000
8186.000000
8400.000000
7240.000000
9221.000000
12999.000000
16419.000000
16356.000000
14097.000000
11164.000000
8779.000000
8762.000000
7673.000000
5421.000000
2712.000000
917.000000
953.000000
2683.000000
5738.000000
8771.000000
10296.000000
9913.000000
8418.000000
7049.000000
10706.000000
10528.000000
10534.000000
10463.000000
10329.000000
10591.000000
11254.000000
11645.000000
11099.000000
10023.000000
9625.000000
10219.000000
10811.000000
10837.000000
10182.000000
9404.000000
9121.000000
8179.000000
6655.000000
5866.000000
7944.000000
7764.000000
7151.000000
6857.000000
7036.000000
7291.000000
6950.000000
7494.000000
9904.000000
14182.000000
14611.000000
13494.000000
10968.000000
7668.000000
7547.000000
7910.000000
7918.000000
7876.000000
7895.000000
8126.000000
8311.000000
7319.000000
9822.000000
14285.000000
16218.000000
14939.000000
11602.000000
7182.000000
7301.000000
8633.000000
9048.000000
6890.000000
4004.000000
1816.000000
1765.000000
3860.000000
6632.000000
8768.000000
9788.000000
9445.000000
8304.000000
7133.000000
10948.000000
10666.000000
10589.000000
10579.000000
10527.000000
10710.000000
11276.000000
11708.000000
11559.000000
10902.000000
10634.000000
11039.000000
11375.000000
11142.000000
10264.000000
9373.000000
9219.000000
8956.000000
7724.000000
6762.000000
7373.000000
7207.000000
7009.000000
7155.000000
7374.000000
7575.000000
7358.000000
7193.000000
9294.000000
13476.000000
14450.000000
14079.000000
12003.000000
8605.000000
6714.000000
7376.000000
7637.000000
7751.000000
7926.000000
8085.000000
8235.000000
8277.000000
10781.000000
15153.000000
15806.000000
12455.000000
7959.000000
3678.000000
3526.000000
6908.000000
9582.000000
8261.000000
5386.000000
3402.000000
3757.000000
5973.000000
8001.000000
8989.000000
9272.000000
8740.000000
7783.000000
6791.000000
10955.000000
10635.000000
10603.000000
10713.000000
10717.000000
10862.000000
11277.000000
11717.000000
11889.000000
11682.000000
11571.000000
11812.000000
11888.000000
11508.000000
10603.000000
9745.000000
9600.000000
9615.000000
8534.000000
7388.000000
6979.000000
7101.000000
7252.000000
7466.000000
7589.000000
7701.000000
7546.000000
6827.000000
8631.000000
12586.000000
14264.000000
14034.000000
12350.000000
8525.000000
4497.000000
4717.000000
5955.000000
7108.000000
7732.000000
7811.000000
7745.000000
8778.000000
11462.000000
15399.000000
14466.000000
10269.000000
4958.000000
2049.000000
1993.000000
6055.000000
9798.000000
9358.000000
7062.000000
5597.000000
6500.000000
8398.000000
9416.000000
9375.000000
8954.000000
8161.000000
7266.000000
6284.000000
10784.000000
10520.000000
10546.000000
10767.000000
10836.000000
10943.000000
11255.000000
11628.000000
11952.000000
12058.000000
12063.000000
11864.000000
10459.000000
9233.000000
9419.000000
10227.000000
11117.000000
11427.000000
9691.000000
7558.000000
7031.000000
7421.000000
7743.000000
7801.000000
7798.000000
7879.000000
7754.000000
6576.000000
8148.000000
11632.000000
13965.000000
13678.000000
11503.000000
6662.000000
2794.000000
3523.000000
5935.000000
7393.000000
7887.000000
7485.000000
6997.000000
8693.000000
11781.000000
15220.000000
12727.000000
9039.000000
4567.000000
3352.000000
3629.000000
7235.000000
10564.000000
10523.000000
9078.000000
8240.000000
9076.000000
10190.000000
10324.000000
9651.000000
8772.000000
7797.000000
6834.000000
5705.000000
10575.000000
10377.000000
10489.000000
10754.000000
10887.000000
10994.000000
11165.000000
11421.000000
11627.000000
11821.000000
10489.000000
7912.000000
6708.000000
6867.000000
7769.000000
10053.000000
13012.000000
13926.000000
11192.000000
8070.000000
7655.000000
8038.000000
8125.000000
8123.000000
8125.000000
8173.000000
8009.000000
6760.000000
7803.000000
10779.000000
13787.000000
13260.000000
9447.000000
4513.000000
2894.000000
5587.000000
7701.000000
8677.000000
8524.000000
7685.000000
6588.000000
8361.000000
11826.000000
14912.000000
11614.000000
8373.000000
6322.000000
6041.000000
6793.000000
9296.000000
11369.000000
11354.000000
10695.000000
10427.000000
10802.000000
11003.000000
10500.000000
9520.000000
8490.000000
7554.000000
6561.000000
5537.000000
10435.000000
10279.000000
10463.000000
10738.000000
10923.000000
11015.000000
11078.000000
11112.000000
11010.000000
9395.000000
6238.000000
4361.000000
4721.000000
6348.000000
7684.000000
9435.000000
13151.000000
15321.000000
12021.000000
8091.000000
8363.000000
8692.000000
8587.000000
8508.000000
8472.000000
8458.000000
8153.000000
6942.000000
7641.000000
9943.000000
13497.000000
12198.000000
7677.000000
2954.000000
4681.000000
7746.000000
9220.000000
9121.000000
9172.000000
8374.000000
6948.000000
8285.000000
11731.000000
14793.000000
12049.000000
8916.000000
7696.000000
8210.000000
9152.000000
10707.000000
11593.000000
11814.000000
11663.000000
11739.000000
11687.000000
11174.000000
10348.000000
9157.000000
8069.000000
7165.000000
6363.000000
6020.000000
10454.000000
10308.000000
10483.000000
10758.000000
10951.000000
11033.000000
10988.000000
10966.000000
9255.000000
5719.000000
3190.000000
4467.000000
7472.000000
9089.000000
8395.000000
9164.000000
11899.000000
14541.000000
11583.000000
8394.000000
8840.000000
9068.000000
8945.000000
8870.000000
8654.000000
8525.000000
8180.000000
7177.000000
7617.000000
9441.000000
13240.000000
10772.000000
6115.000000
2880.000000
5893.000000
8646.000000
8974.000000
9048.000000
9212.000000
8861.000000
7686.000000
8352.000000
11308.000000
14755.000000
12437.000000
9521.000000
8205.000000
8875.000000
9931.000000
10935.000000
11519.000000
11974.000000
12222.000000
12331.000000
12141.000000
11406.000000
10353.000000
8915.000000
7671.000000
6728.000000
6363.000000
7131.000000
10533.000000
10373.000000
10486.000000
10752.000000
10938.000000
10987.000000
10936.000000
10199.000000
6684.000000
2786.000000
3175.000000
6909.000000
9664.000000
9742.000000
9316.000000
9492.000000
11256.000000
13619.000000
11187.000000
8245.000000
9081.000000
9207.000000
9130.000000
8978.000000
8718.000000
8498.000000
8210.000000
7474.000000
7545.000000
9360.000000
13062.000000
10068.000000
5423.000000
3333.000000
6765.000000
8714.000000
8864.000000
9057.000000
9259.000000
9019.000000
8135.000000
8118.000000
10509.000000
14294.000000
12711.000000
10029.000000
8153.000000
9120.000000
10084.000000
10885.000000
11484.000000
12022.000000
12409.000000
12584.000000
12402.000000
11675.000000
10628.000000
9064.000000
7574.000000
6511.000000
6670.000000
8438.000000
10616.000000
10471.000000
10499.000000
10736.000000
10874.000000
10857.000000
10842.000000
8931.000000
4969.000000
1448.000000
4763.000000
8565.000000
10023.000000
9840.000000
9830.000000
9755.000000
10863.000000
12728.000000
10804.000000
8260.000000
9153.000000
9191.000000
9113.000000
9021.000000
8817.000000
8586.000000
8383.000000
7716.000000
7548.000000
9150.000000
12955.000000
9997.000000
5354.000000
3443.000000
6861.000000
8626.000000
8848.000000
9043.000000
9091.000000
8799.000000
8037.000000
7559.000000
9451.000000
13288.000000
13062.000000
10608.000000
8394.000000
9423.000000
10120.000000
10905.000000
11416.000000
12055.000000
12527.000000
12686.000000
12470.000000
11926.000000
11035.000000
9492.000000
7706.000000
6490.000000
7179.000000
9634.000000
10678.000000
10552.000000
10531.000000
10697.000000
10772.000000
10652.000000
10650.000000
7851.000000
3856.000000
1881.000000
5737.000000
9607.000000
9973.000000
9973.000000
10091.000000
9740.000000
10652.000000
12136.000000
10651.000000
8342.000000
9244.000000
9270.000000
9193.000000
9161.000000
9032.000000
8848.000000
8693.000000
8010.000000
7652.000000
9076.000000
12686.000000
9992.000000
5525.000000
3369.000000
6751.000000
8533.000000
8763.000000
8920.000000
8843.000000
8459.000000
7924.000000
7152.000000
8653.000000
12066.000000
13698.000000
11502.000000
8982.000000
9599.000000
10293.000000
10950.000000
11480.000000
12204.000000
12713.000000
12705.000000
12425.000000
12042.000000
11307.000000
9830.000000
7814.000000
6564.000000
7746.000000
10488.000000
10738.000000
10647.000000
10567.000000
10663.000000
10661.000000
10457.000000
10501.000000
7571.000000
3530.000000
2555.000000
6234.000000
9802.000000
9897.000000
10042.000000
10160.000000
9585.000000
10467.000000
11667.000000
10588.000000
8538.000000
9447.000000
9476.000000
9376.000000
9335.000000
9279.000000
9144.000000
9022.000000
8312.000000
7768.000000
8991.000000
12448.000000
10314.000000
6029.000000
3309.000000
6249.000000
8493.000000
8751.000000
8843.000000
8599.000000
8173.000000
7821.000000
7105.000000
8250.000000
11102.000000
14310.000000
12341.000000
9838.000000
9555.000000
10498.000000
11084.000000
11773.000000
12588.000000
12911.000000
12644.000000
12251.000000
11956.000000
11293.000000
9802.000000
7667.000000
6715.000000
8428.000000
11079.000000
10815.000000
10683.000000
10524.000000
10548.000000
10491.000000
10304.000000
10429.000000
7848.000000
3858.000000
2586.000000
6256.000000
9714.000000
9897.000000
10005.000000
10112.000000
9500.000000
10382.000000
11354.000000
10640.000000
8705.000000
9589.000000
9614.000000
9521.000000
9423.000000
9423.000000
9344.000000
9178.000000
8472.000000
7812.000000
8945.000000
12375.000000
11032.000000
7119.000000
3760.000000
5668.000000
8502.000000
8895.000000
9036.000000
8758.000000
8194.000000
7787.000000
7261.000000
7876.000000
10056.000000
13740.000000
12708.000000
10614.000000
9578.000000
10723.000000
11342.000000
12121.000000
12851.000000
12932.000000
12452.000000
11901.000000
11501.000000
10834.000000
9287.000000
7336.000000
7110.000000
9232.000000
11536.000000
10832.000000
10677.000000
10488.000000
10410.000000
10296.000000
10187.000000
10342.000000
8536.000000
4629.000000
2300.000000
5412.000000
9226.000000
10022.000000
9990.000000
10028.000000
9346.000000
10314.000000
11262.000000
10794.000000
8815.000000
9695.000000
9661.000000
9605.000000
9515.000000
9498.000000
9426.000000
9295.000000
8578.000000
7884.000000
8928.000000
12351.000000
11607.000000
7892.000000
4246.000000
4922.000000
8226.000000
9091.000000
9316.000000
9174.000000
8564.000000
7938.000000
7657.000000
7664.000000
9263.000000
12211.000000
12980.000000
11264.000000
10038.000000
10990.000000
11383.000000
12264.000000
12831.000000
12677.000000
12052.000000
11308.000000
10682.000000
9885.000000
8409.000000
7048.000000
7763.000000
10182.000000
11867.000000
10781.000000
10628.000000
10503.000000
10339.000000
10185.000000
10177.000000
10261.000000
9350.000000
6283.000000
2756.000000
3480.000000
7343.000000
9765.000000
9981.000000
9908.000000
9103.000000
10106.000000
11518.000000
11075.000000
8865.000000
9841.000000
9836.000000
9759.000000
9685.000000
9645.000000
9554.000000
9463.000000
8816.000000
8159.000000
9135.000000
12469.000000
11995.000000
8146.000000
4331.000000
4526.000000
7222.000000
9114.000000
9544.000000
9508.000000
8977.000000
8387.000000
8294.000000
7889.000000
8833.000000
10963.000000
13315.000000
12504.000000
10657.000000
9897.000000
10604.000000
11773.000000
12423.000000
12134.000000
11382.000000
10354.000000
9345.000000
8377.000000
7384.000000
7145.000000
8714.000000
11065.000000
12040.000000
10858.000000
10598.000000
10463.000000
10300.000000
10150.000000
10209.000000
10361.000000
10179.000000
8278.000000
4687.000000
2761.000000
4891.000000
8425.000000
9868.000000
9814.000000
8767.000000
9796.000000
11973.000000
11593.000000
9358.000000
10070.000000
10146.000000
9904.000000
9825.000000
9819.000000
9745.000000
9714.000000
9150.000000
8496.000000
9325.000000
12422.000000
11700.000000
8389.000000
5033.000000
5573.000000
6835.000000
8475.000000
9045.000000
9066.000000
8914.000000
8718.000000
8987.000000
8797.000000
9380.000000
10619.000000
12686.000000
12068.000000
9114.000000
7942.000000
8799.000000
10865.000000
11651.000000
11273.000000
10354.000000
9138.000000
7835.000000
7042.000000
6962.000000
7887.000000
9888.000000
11907.000000
12227.000000
11070.000000
10590.000000
10306.000000
10119.000000
10122.000000
10269.000000
10385.000000
10700.000000
10024.000000
7724.000000
4361.000000
3145.000000
5619.000000
8793.000000
9558.000000
8566.000000
9440.000000
11527.000000
11617.000000
10207.000000
10292.000000
10323.000000
10140.000000
9931.000000
9895.000000
9860.000000
9858.000000
9379.000000
8943.000000
9635.000000
12570.000000
11710.000000
8693.000000
5763.000000
6675.000000
7070.000000
7700.000000
8276.000000
8478.000000
8618.000000
8989.000000
9487.000000
9806.000000
9993.000000
10588.000000
10279.000000
8778.000000
6534.000000
5686.000000
7243.000000
9520.000000
10456.000000
10194.000000
9206.000000
7832.000000
6633.000000
6717.000000
7812.000000
9427.000000
11236.000000
12767.000000
12809.000000
11401.000000
10652.000000
10036.000000
9765.000000
9941.000000
10254.000000
10469.000000
10689.000000
10859.000000
9961.000000
7439.000000
4187.000000
3160.000000
5360.000000
7086.000000
8480.000000
9587.000000
11096.000000
10950.000000
10484.000000
10206.000000
10290.000000
10273.000000
10150.000000
9992.000000
9924.000000
9911.000000
9489.000000
9255.000000
10070.000000
12920.000000
11616.000000
8738.000000
5935.000000
7275.000000
7403.000000
7673.000000
8073.000000
8406.000000
8805.000000
9442.000000
10023.000000
10428.000000
10240.000000
8532.000000
6923.000000
5436.000000
4213.000000
4476.000000
5926.000000
7887.000000
9026.000000
8910.000000
7949.000000
6773.000000
6251.000000
7528.000000
9472.000000
11017.000000
12256.000000
13460.000000
13538.000000
11779.000000
10727.000000
9756.000000
9313.000000
9589.000000
10103.000000
10499.000000
10735.000000
10875.000000
10873.000000
9641.000000
7595.000000
5591.000000
6042.000000
7514.000000
8994.000000
10047.000000
10575.000000
10696.000000
9914.000000
9294.000000
10185.000000
10264.000000
10270.000000
10143.000000
10050.000000
10005.000000
9557.000000
9329.000000
10285.000000
13341.000000
11448.000000
8832.000000
6385.000000
8033.000000
8069.000000
8308.000000
8602.000000
8844.000000
9287.000000
9932.000000
10428.000000
9721.000000
7400.000000
5436.000000
3691.000000
3606.000000
3634.000000
3871.000000
4763.000000
6300.000000
7462.000000
7558.000000
6871.000000
6187.000000
6598.000000
8704.000000
10779.000000
11854.000000
12800.000000
13846.000000
13948.000000
12079.000000
10717.000000
9487.000000
8937.000000
9177.000000
9839.000000
10411.000000
10731.000000
10733.000000
10821.000000
10810.000000
10266.000000
9547.000000
9521.000000
9933.000000
10427.000000
10387.000000
10579.000000
10242.000000
9174.000000
8081.000000
10114.000000
10073.000000
10193.000000
10206.000000
10142.000000
10084.000000
9624.000000
9467.000000
10627.000000
13917.000000
12154.000000
10068.000000
8050.000000
9133.000000
9006.000000
9028.000000
9079.000000
9269.000000
9777.000000
10226.000000
8695.000000
6251.000000
4136.000000
3005.000000
3252.000000
3419.000000
3393.000000
3525.000000
4146.000000
5302.000000
6302.000000
6516.000000
6143.000000
6089.000000
7316.000000
9662.000000
11219.000000
11876.000000
12839.000000
13802.000000
13802.000000
12074.000000
10593.000000
9363.000000
8813.000000
9029.000000
9780.000000
10415.000000
10633.000000
10595.000000
10529.000000
10681.000000
11235.000000
11643.000000
11641.000000
11112.000000
10488.000000
10230.000000
10605.000000
10090.000000
8226.000000
6932.000000
9585.000000
9962.000000
10012.000000
10076.000000
10177.000000
10278.000000
9750.000000
9899.000000
10863.000000
13456.000000
12453.000000
10621.000000
7442.000000
8387.000000
9181.000000
9281.000000
9390.000000
9699.000000
10129.000000
8783.000000
5709.000000
3014.000000
2327.000000
3100.000000
3381.000000
3336.000000
3243.000000
3507.000000
4101.000000
5028.000000
5737.000000
5911.000000
5851.000000
6406.000000
8135.000000
10377.000000
11360.000000
11779.000000
12742.000000
13616.000000
13511.000000
11787.000000
10341.000000
9327.000000
9033.000000
9368.000000
10135.000000
10699.000000
10632.000000
10281.000000
10116.000000
10353.000000
11003.000000
11403.000000
11371.000000
10909.000000
10375.000000
10283.000000
10705.000000
10295.000000
7698.000000
5527.000000
7861.000000
9788.000000
9950.000000
9996.000000
10115.000000
10426.000000
9802.000000
10267.000000
10911.000000
12476.000000
11790.000000
9180.000000
5965.000000
6002.000000
8895.000000
9324.000000
9559.000000
9882.000000
9961.000000
7069.000000
3563.000000
2258.000000
2852.000000
3458.000000
3584.000000
3438.000000
3401.000000
3768.000000
4411.000000
5198.000000
5647.000000
5741.000000
5889.000000
6891.000000
8941.000000
10882.000000
11429.000000
11813.000000
12735.000000
13487.000000
13185.000000
11367.000000
10097.000000
9547.000000
9653.000000
10155.000000
10799.000000
11046.000000
10571.000000
9903.000000
9671.000000
10050.000000
10722.000000
11156.000000
11191.000000
10905.000000
10548.000000
10496.000000
10716.000000
10529.000000
7932.000000
4919.000000
5164.000000
8341.000000
9626.000000
9897.000000
9660.000000
9676.000000
10187.000000
10367.000000
11099.000000
11672.000000
11467.000000
8269.000000
4720.000000
4188.000000
7722.000000
9372.000000
9875.000000
10043.000000
9460.000000
6378.000000
3272.000000
3321.000000
3891.000000
4059.000000
3967.000000
3893.000000
3916.000000
4281.000000
4851.000000
5467.000000
5806.000000
5895.000000
6211.000000
7391.000000
9421.000000
10915.000000
11303.000000
11981.000000
12920.000000
13368.000000
12830.000000
10886.000000
10066.000000
10099.000000
10557.000000
11100.000000
11535.000000
11443.000000
10555.000000
9634.000000
9414.000000
9952.000000
10594.000000
10996.000000
11113.000000
11004.000000
10763.000000
10568.000000
10364.000000
10139.000000
8448.000000
5572.000000
3360.000000
4285.000000
6098.000000
6936.000000
8004.000000
9617.000000
10527.000000
10817.000000
11349.000000
11556.000000
11150.000000
9123.000000
6231.000000
4551.000000
6642.000000
9502.000000
9903.000000
10041.000000
8439.000000
5925.000000
3658.000000
4338.000000
4836.000000
4904.000000
4758.000000
4635.000000
4676.000000
4958.000000
5422.000000
5803.000000
6030.000000
6168.000000
6607.000000
7852.000000
9595.000000
10657.000000
11192.000000
12348.000000
13298.000000
13324.000000
12588.000000
10550.000000
10276.000000
10682.000000
11343.000000
11827.000000
12088.000000
11735.000000
10641.000000
9647.000000
9492.000000
10062.000000
10630.000000
11002.000000
11174.000000
11180.000000
10940.000000
10511.000000
9957.000000
9551.000000
8796.000000
7421.000000
5510.000000
4464.000000
5483.000000
6830.000000
8118.000000
9577.000000
10899.000000
10723.000000
10932.000000
11093.000000
10540.000000
9429.000000
7623.000000
5954.000000
6342.000000
9504.000000
9914.000000
9832.000000
7825.000000
5749.000000
4694.000000
5313.000000
5758.000000
5854.000000
5692.000000
5489.000000
5521.000000
5722.000000
6000.000000
6124.000000
6227.000000
6397.000000
7105.000000
8423.000000
9905.000000
10665.000000
11360.000000
12725.000000
13766.000000
13578.000000
12767.000000
10498.000000
10655.000000
11163.000000
11827.000000
12277.000000
12376.000000
11902.000000
10837.000000
9915.000000
9785.000000
10296.000000
10778.000000
11125.000000
11349.000000
11385.000000
11108.000000
10575.000000
9926.000000
9446.000000
9165.000000
8756.000000
8253.000000
8235.000000
8437.000000
9678.000000
10784.000000
10894.000000
10486.000000
10368.000000
10519.000000
10450.000000
9633.000000
8758.000000
7590.000000
5628.000000
4853.000000
7534.000000
8902.000000
8155.000000
6790.000000
5739.000000
5941.000000
6279.000000
6634.000000
6672.000000
6543.000000
6314.000000
6310.000000
6345.000000
6408.000000
6360.000000
6375.000000
6737.000000
7766.000000
9222.000000
10401.000000
10867.000000
11632.000000
13027.000000
14074.000000
13944.000000
13187.000000
10696.000000
11025.000000
11440.000000
11995.000000
12347.000000
12343.000000
11905.000000
10996.000000
10224.000000
10068.000000
10453.000000
10922.000000
11259.000000
11516.000000
11577.000000
11281.000000
10729.000000
10169.000000
9885.000000
9589.000000
9500.000000
9951.000000
10724.000000
11359.000000
11492.000000
11093.000000
10688.000000
10190.000000
9956.000000
9892.000000
9519.000000
8574.000000
7511.000000
6733.000000
4791.000000
3257.000000
3893.000000
5159.000000
6020.000000
6084.000000
6152.000000
6739.000000
6985.000000
7211.000000
7273.000000
7152.000000
6937.000000
6848.000000
6738.000000
6614.000000
6513.000000
6613.000000
7273.000000
8668.000000
10104.000000
10891.000000
11001.000000
11590.000000
12876.000000
13926.000000
13970.000000
13450.000000
10966.000000
11266.000000
11497.000000
11887.000000
12124.000000
12084.000000
11713.000000
11001.000000
10366.000000
10216.000000
10525.000000
10974.000000
11376.000000
11684.000000
11749.000000
11423.000000
10906.000000
10527.000000
10460.000000
10374.000000
10348.000000
10594.000000
11106.000000
11664.000000
11644.000000
10957.000000
10257.000000
9811.000000
9464.000000
9090.000000
8429.000000
7405.000000
6366.000000
5881.000000
4858.000000
3397.000000
2835.000000
3816.000000
4882.000000
6254.000000
6788.000000
7153.000000
7402.000000
7545.000000
7619.000000
7513.000000
7301.000000
7107.000000
6912.000000
6786.000000
6701.000000
6995.000000
8045.000000
9625.000000
10943.000000
11466.000000
11226.000000
11374.000000
12246.000000
13159.000000
13388.000000
13225.000000
11121.000000
11353.000000
11425.000000
11601.000000
11745.000000
11720.000000
11404.000000
10824.000000
10293.000000
10237.000000
10567.000000
11014.000000
11446.000000
11775.000000
11828.000000
11519.000000
11088.000000
10854.000000
10916.000000
10986.000000
11040.000000
11233.000000
11571.000000
11781.000000
11419.000000
10515.000000
9794.000000
9308.000000
8767.000000
8087.000000
7225.000000
6218.000000
5482.000000
5245.000000
5062.000000
4862.000000
4785.000000
5521.000000
6513.000000
7042.000000
7219.000000
7382.000000
7605.000000
7662.000000
7697.000000
7628.000000
7419.000000
7141.000000
6975.000000
6879.000000
6919.000000
7541.000000
8892.000000
10453.000000
11608.000000
12084.000000
11698.000000
11286.000000
11504.000000
12096.000000
12394.000000
12552.000000
11023.000000
11178.000000
11182.000000
11192.000000
11288.000000
11274.000000
10949.000000
10390.000000
10025.000000
10156.000000
10632.000000
11057.000000
11414.000000
11726.000000
11847.000000
11653.000000
11340.000000
11181.000000
11228.000000
11281.000000
11362.000000
11596.000000
11832.000000
11755.000000
11052.000000
9910.000000
9090.000000
8587.000000
7817.000000
6852.000000
5919.000000
5246.000000
4989.000000
5140.000000
5546.000000
6056.000000
6736.000000
7369.000000
7633.000000
7601.000000
7512.000000
7603.000000
7676.000000
7667.000000
7630.000000
7582.000000
7415.000000
7064.000000
6911.000000
6857.000000
7081.000000
8093.000000
9633.000000
11048.000000
12011.000000
12571.000000
12252.000000
11408.000000
10901.000000
11086.000000
11396.000000
11707.000000
10812.000000
10833.000000
10812.000000
10794.000000
10908.000000
10852.000000
10364.000000
9721.000000
9532.000000
9987.000000
10600.000000
10935.000000
11196.000000
11521.000000
11833.000000
11883.000000
11703.000000
11506.000000
11426.000000
11347.000000
11376.000000
11569.000000
11701.000000
11479.000000
10566.000000
9226.000000
8238.000000
7643.000000
6666.000000
5524.000000
4766.000000
4689.000000
5073.000000
5624.000000
6228.000000
6852.000000
7537.000000
8042.000000
8190.000000
8048.000000
7804.000000
7690.000000
7662.000000
7642.000000
7606.000000
7541.000000
7363.000000
7035.000000
6838.000000
6782.000000
7262.000000
8600.000000
10176.000000
11361.000000
12159.000000
12698.000000
12471.000000
11470.000000
10616.000000
10514.000000
10734.000000
10934.000000
10837.000000
10739.000000
10686.000000
10654.000000
10773.000000
10543.000000
9793.000000
9105.000000
9133.000000
9860.000000
10467.000000
10662.000000
10820.000000
11221.000000
11860.000000
12200.000000
12110.000000
11750.000000
11439.000000
11195.000000
11144.000000
11275.000000
11367.000000
11049.000000
10038.000000
8610.000000
7445.000000
6605.000000
5481.000000
4373.000000
4047.000000
4625.000000
5526.000000
6355.000000
7043.000000
7639.000000
8132.000000
8385.000000
8368.000000
8174.000000
7905.000000
7677.000000
7579.000000
7564.000000
7567.000000
7498.000000
7307.000000
7025.000000
6819.000000
6806.000000
7472.000000
9093.000000
10646.000000
11567.000000
12146.000000
12536.000000
12288.000000
11388.000000
10594.000000
10369.000000
10387.000000
10281.000000
11130.000000
10937.000000
10821.000000
10813.000000
10886.000000
10476.000000
9567.000000
8976.000000
9197.000000
9985.000000
10494.000000
10419.000000
10382.000000
10875.000000
11844.000000
12391.000000
12294.000000
11760.000000
11309.000000
10961.000000
10860.000000
10952.000000
10906.000000
10452.000000
9406.000000
7966.000000
6613.000000
5537.000000
4460.000000
3719.000000
3900.000000
4893.000000
6041.000000
6943.000000
7603.000000
8116.000000
8358.000000
8350.000000
8242.000000
8096.000000
7916.000000
7683.000000
7548.000000
7510.000000
7540.000000
7456.000000
7260.000000
7012.000000
6836.000000
6868.000000
7712.000000
9479.000000
10997.000000
11716.000000
12062.000000
12282.000000
12023.000000
11379.000000
10793.000000
10448.000000
10109.000000
9629.000000
11508.000000
11273.000000
11127.000000
11140.000000
11173.000000
10671.000000
9757.000000
9318.000000
9706.000000
10388.000000
10748.000000
10337.000000
10035.000000
10567.000000
11826.000000
12446.000000
12211.000000
11527.000000
11039.000000
10716.000000
10644.000000
10618.000000
10316.000000
9576.000000
8478.000000
7079.000000
5755.000000
4734.000000
4002.000000
3749.000000
4265.000000
5349.000000
6463.000000
7228.000000
7728.000000
8051.000000
8124.000000
8039.000000
7959.000000
7986.000000
7922.000000
7785.000000
7649.000000
7587.000000
7560.000000
7463.000000
7235.000000
7015.000000
6850.000000
6906.000000
7857.000000
9696.000000
11196.000000
11763.000000
11940.000000
12003.000000
11842.000000
11503.000000
11133.000000
10642.000000
9937.000000
9180.000000
11755.000000
11623.000000
11531.000000
11544.000000
11470.000000
10944.000000
10213.000000
9886.000000
10270.000000
10806.000000
10991.000000
10393.000000
9972.000000
10486.000000
11749.000000
12238.000000
11822.000000
11022.000000
10486.000000
10255.000000
10312.000000
10150.000000
9417.000000
8297.000000
7122.000000
5942.000000
4966.000000
4379.000000
4178.000000
4316.000000
4880.000000
5776.000000
6655.000000
7159.000000
7383.000000
7540.000000
7545.000000
7574.000000
7685.000000
7882.000000
7927.000000
7889.000000
7832.000000
7785.000000
7725.000000
7584.000000
7329.000000
7077.000000
6865.000000
6889.000000
7896.000000
9780.000000
11252.000000
11734.000000
11735.000000
11723.000000
11682.000000
11624.000000
11428.000000
10960.000000
10133.000000
9198.000000
11858.000000
11885.000000
11939.000000
11873.000000
11618.000000
11097.000000
10630.000000
10394.000000
10649.000000
11056.000000
11119.000000
10490.000000
10049.000000
10481.000000
11481.000000
11732.000000
11191.000000
10359.000000
9718.000000
9549.000000
9743.000000
9454.000000
8275.000000
6762.000000
5586.000000
4891.000000
4454.000000
4458.000000
4790.000000
5187.000000
5616.000000
6134.000000
6673.000000
6909.000000
6898.000000
6891.000000
6917.000000
7116.000000
7414.000000
7742.000000
7881.000000
7990.000000
8036.000000
8019.000000
7943.000000
7746.000000
7449.000000
7143.000000
6876.000000
6898.000000
7886.000000
9754.000000
11174.000000
11597.000000
11463.000000
11408.000000
11457.000000
11552.000000
11528.000000
11228.000000
10485.000000
9425.000000
11867.000000
12011.000000
12176.000000
12028.000000
11602.000000
11151.000000
10831.000000
10644.000000
10704.000000
11034.000000
11051.000000
10476.000000
9945.000000
10146.000000
10812.000000
11014.000000
10466.000000
9637.000000
8916.000000
8724.000000
8946.000000
8512.000000
6974.000000
5288.000000
4342.000000
4130.000000
4302.000000
4827.000000
5557.000000
6035.000000
6302.000000
6554.000000
6772.000000
6772.000000
6614.000000
6538.000000
6614.000000
6887.000000
7239.000000
7600.000000
7867.000000
8101.000000
8227.000000
8217.000000
8131.000000
7914.000000
7575.000000
7234.000000
6911.000000
6890.000000
7731.000000
9515.000000
10913.000000
11334.000000
11190.000000
11104.000000
11146.000000
11302.000000
11429.000000
11255.000000
10606.000000
9470.000000
11848.000000
12004.000000
12278.000000
12040.000000
11493.000000
11076.000000
10905.000000
10651.000000
10564.000000
10824.000000
10981.000000
10385.000000
9583.000000
9314.000000
9844.000000
10186.000000
9891.000000
9214.000000
8488.000000
8215.000000
8282.000000
7566.000000
5774.000000
4110.000000
3590.000000
3932.000000
4634.000000
5503.000000
6311.000000
6722.000000
6884.000000
6941.000000
6999.000000
6861.000000
6645.000000
6562.000000
6659.000000
6919.000000
7223.000000
7638.000000
7998.000000
8299.000000
8409.000000
8357.000000
8237.000000
8015.000000
7727.000000
7425.000000
7052.000000
6894.000000
7466.000000
9060.000000
10489.000000
11020.000000
10976.000000
10855.000000
10808.000000
10986.000000
11182.000000
11057.000000
10395.000000
9392.000000
11855.000000
12055.000000
12325.000000
12034.000000
11338.000000
10901.000000
10761.000000
10530.000000
10363.000000
10641.000000
10949.000000
10295.000000
8974.000000
8170.000000
8603.000000
9353.000000
9543.000000
9204.000000
8592.000000
8186.000000
7886.000000
6772.000000
4859.000000
3389.000000
3360.000000
4200.000000
5262.000000
6200.000000
6890.000000
7218.000000
7353.000000
7401.000000
7373.000000
7221.000000
6988.000000
6885.000000
6947.000000
7142.000000
7448.000000
7879.000000
8280.000000
8531.000000
8605.000000
8500.000000
8307.000000
8116.000000
7940.000000
7694.000000
7302.000000
7003.000000
7312.000000
8596.000000
10001.000000
10680.000000
10828.000000
10851.000000
10769.000000
10877.000000
11008.000000
10768.000000
10091.000000
9323.000000
