4242.000000
4804.000000
5816.000000
4512.000000
4738.000000
4155.000000
3655.000000
3611.000000
1645.000000
4814.000000
5370.000000
4538.000000
3815.000000
3879.000000
4270.000000
3314.000000
2840.000000
1554.000000
1483.000000
1149.000000
1528.000000
4147.000000
4440.000000
6452.000000
5107.000000
5932.000000
3358.000000
3422.000000
4324.000000
800.000000
5428.000000
4064.000000
3735.000000
5053.000000
4660.000000
4886.000000
2555.000000
1963.000000
1493.000000
1614.000000
1580.000000
1325.000000
3293.000000
4049.000000
5751.000000
4771.000000
4783.000000
3987.000000
4593.000000
4645.000000
2633.000000
5009.000000
5091.000000
3042.000000
5749.000000
5613.000000
3431.000000
1480.000000
1116.000000
1011.000000
1753.000000
2079.000000
1468.000000
2224.000000
3807.000000
4076.000000
4178.000000
3715.000000
4241.000000
3837.000000
3558.000000
2755.000000
3646.000000
3937.000000
3720.000000
5434.000000
5838.000000
2204.000000
1438.000000
1192.000000
1294.000000
1768.000000
2426.000000
1852.000000
2529.000000
2938.000000
3875.000000
4785.000000
3046.000000
3985.000000
2305.000000
2672.000000
4751.000000
4114.000000
2245.000000
3770.000000
5974.000000
3106.000000
2749.000000
2290.000000
1504.000000
1824.000000
2079.000000
2656.000000
2191.000000
3191.000000
2846.000000
4555.000000
4004.000000
3679.000000
4927.000000
3429.000000
1805.000000
4776.000000
3673.000000
1809.000000
2453.000000
3612.000000
1929.000000
2889.000000
1529.000000
1763.000000
1940.000000
2053.000000
2788.000000
2701.000000
3772.000000
3852.000000
4870.000000
3895.000000
4411.000000
4457.000000
3015.000000
2366.000000
4669.000000
3198.000000
1844.000000
1387.000000
1820.000000
2748.000000
2563.000000
1719.000000
1629.000000
2367.000000
2455.000000
2256.000000
3334.000000
3757.000000
3722.000000
5765.000000
4549.000000
4225.000000
4066.000000
2655.000000
2201.000000
3267.000000
1907.000000
1709.000000
837.000000
1731.000000
2606.000000
2656.000000
2669.000000
2464.000000
2676.000000
2743.000000
1413.000000
4205.000000
2870.000000
3687.000000
4255.000000
3166.000000
4769.000000
3791.000000
2507.000000
2067.000000
2210.000000
2286.000000
1934.000000
1250.000000
3166.000000
1567.000000
2244.000000
2921.000000
2427.000000
2691.000000
2345.000000
1500.000000
4639.000000
3086.000000
3668.000000
2410.000000
2787.000000
4863.000000
3026.000000
2876.000000
2088.000000
1823.000000
1570.000000
3721.000000
1295.000000
4910.000000
2195.000000
2672.000000
2095.000000
2485.000000
3039.000000
2405.000000
1709.000000
4530.000000
2802.000000
3209.000000
3013.000000
4298.000000
3345.000000
3573.000000
2633.000000
2066.000000
1650.000000
1250.000000
3999.000000
1497.000000
4326.000000
2495.000000
1778.000000
2378.000000
3185.000000
3400.000000
2783.000000
2342.000000
4395.000000
2715.000000
2702.000000
3370.000000
4109.000000
2261.000000
4396.000000
2378.000000
2166.000000
1393.000000
1880.000000
2487.000000
1687.000000
3728.000000
1490.000000
2985.000000
4130.000000
2923.000000
3105.000000
2496.000000
2076.000000
4472.000000
2823.000000
2274.000000
2636.000000
2897.000000
3891.000000
3263.000000
3546.000000
3095.000000
1788.000000
2381.000000
1635.000000
1851.000000
3105.000000
1630.000000
4430.000000
2371.000000
2653.000000
3314.000000
1957.000000
1730.000000
4571.000000
2958.000000
2504.000000
2798.000000
3186.000000
5571.000000
2476.000000
5174.000000
3295.000000
1631.000000
2434.000000
1970.000000
1900.000000
2466.000000
2457.000000
3738.000000
2664.000000
2135.000000
3038.000000
2396.000000
2121.000000
4254.000000
3734.000000
3217.000000
3078.000000
4017.000000
6087.000000
3728.000000
2725.000000
2800.000000
2589.000000
3169.000000
1310.000000
1557.000000
2772.000000
2764.000000
3465.000000
3612.000000
1542.000000
2815.000000
3208.000000
2470.000000
3352.000000
3811.000000
4723.000000
4818.000000
5775.000000
5783.000000
4752.000000
768.000000
2803.000000
3506.000000
2156.000000
2601.000000
1299.000000
2546.000000
2500.000000
4368.000000
4736.000000
2193.000000
4153.000000
3717.000000
3232.000000
2033.000000
4901.000000
5354.000000
5555.000000
5581.000000
4821.000000
3694.000000
2963.000000
3025.000000
3715.000000
1931.000000
2014.000000
1839.000000
2580.000000
2879.000000
3654.000000
3219.000000
4427.000000
4434.000000
4118.000000
3471.000000
2704.000000
4812.000000
5283.000000
5322.000000
4315.000000
3817.000000
2665.000000
4329.000000
2466.000000
3043.000000
1879.000000
1585.000000
2029.000000
2276.000000
2889.000000
1520.000000
2268.000000
4950.000000
4155.000000
4090.000000
3528.000000
4492.000000
5265.000000
5657.000000
5316.000000
3830.000000
3617.000000
4019.000000
3461.000000
3423.000000
2860.000000
2993.000000
2029.000000
1140.000000
2176.000000
3006.000000
1584.000000
3983.000000
4566.000000
3305.000000
3686.000000
2965.000000
3649.000000
4606.000000
5770.000000
5508.000000
3611.000000
3751.000000
4000.000000
2582.000000
3540.000000
2716.000000
2342.000000
1692.000000
1020.000000
2547.000000
3671.000000
3760.000000
3885.000000
3577.000000
3128.000000
3621.000000
1881.000000
1951.000000
