1389.000000
2019.000000
2766.000000
2937.000000
2319.000000
2895.000000
3576.000000
2330.000000
3570.000000
4249.000000
2940.000000
2057.000000
3441.000000
6798.000000
4074.000000
3940.000000
2928.000000
2427.000000
2479.000000
1357.000000
4317.000000
2356.000000
1844.000000
1563.000000
2454.000000
3234.000000
3293.000000
1232.000000
3458.000000
4122.000000
4325.000000
3863.000000
3618.000000
3024.000000
2615.000000
4702.000000
6230.000000
4922.000000
4266.000000
4390.000000
2018.000000
754.000000
1317.000000
2497.000000
1890.000000
601.000000
1927.000000
1765.000000
3236.000000
1500.000000
2963.000000
3158.000000
3308.000000
3211.000000
3911.000000
5155.000000
3341.000000
2431.000000
2381.000000
4361.000000
2211.000000
4519.000000
4490.000000
2077.000000
1631.000000
1514.000000
1923.000000
2557.000000
438.000000
1580.000000
1101.000000
2570.000000
2870.000000
3701.000000
4025.000000
3904.000000
5846.000000
7579.000000
7569.000000
4662.000000
5413.000000
2806.000000
2862.000000
3829.000000
4596.000000
4387.000000
6653.000000
4457.000000
4688.000000
3867.000000
3656.000000
196.000000
1334.000000
664.000000
702.000000
3381.000000
3507.000000
3590.000000
3614.000000
6391.000000
6272.000000
6781.000000
6087.000000
7496.000000
3861.000000
4904.000000
4022.000000
2291.000000
4121.000000
6356.000000
6439.000000
6067.000000
4258.000000
6432.000000
720.000000
1214.000000
1454.000000
977.000000
492.000000
1993.000000
4580.000000
4660.000000
6524.000000
6027.000000
6016.000000
5556.000000
5015.000000
6006.000000
4151.000000
1019.000000
2132.000000
2671.000000
3660.000000
2850.000000
2700.000000
5164.000000
3602.000000
1937.000000
1244.000000
2036.000000
1826.000000
1578.000000
3446.000000
5655.000000
5865.000000
6587.000000
5979.000000
5302.000000
6260.000000
4893.000000
4159.000000
5733.000000
2349.000000
5161.000000
2663.000000
4257.000000
4273.000000
4392.000000
1329.000000
2221.000000
2645.000000
1765.000000
2065.000000
3111.000000
2783.000000
3975.000000
5552.000000
6103.000000
6563.000000
5701.000000
6031.000000
5913.000000
3886.000000
7022.000000
5681.000000
2326.000000
2637.000000
2171.000000
2452.000000
2090.000000
2124.000000
2242.000000
1613.000000
3095.000000
2074.000000
3161.000000
2585.000000
2424.000000
4237.000000
5225.000000
5524.000000
5337.000000
6183.000000
5918.000000
3799.000000
4252.000000
4496.000000
3061.000000
1410.000000
786.000000
1539.000000
721.000000
1738.000000
1104.000000
1858.000000
4032.000000
4594.000000
1430.000000
2811.000000
4515.000000
3349.000000
3116.000000
4482.000000
4864.000000
5635.000000
6168.000000
5728.000000
3558.000000
5138.000000
4317.000000
4497.000000
4264.000000
934.000000
2218.000000
2050.000000
2346.000000
2643.000000
3553.000000
4074.000000
4317.000000
2117.000000
2529.000000
1863.000000
3978.000000
3198.000000
4766.000000
5607.000000
6252.000000
5715.000000
5428.000000
4668.000000
5734.000000
4672.000000
3955.000000
4892.000000
2023.000000
3382.000000
4358.000000
3896.000000
3992.000000
3894.000000
3616.000000
3506.000000
3639.000000
3594.000000
2418.000000
2123.000000
2985.000000
4270.000000
5016.000000
5892.000000
4216.000000
4683.000000
5816.000000
1967.000000
4701.000000
4983.000000
4498.000000
3897.000000
3915.000000
4199.000000
3971.000000
2733.000000
3849.000000
3737.000000
4555.000000
3535.000000
3504.000000
3418.000000
4066.000000
4703.000000
5317.000000
5182.000000
4328.000000
4242.000000
3309.000000
3071.000000
4621.000000
3696.000000
4785.000000
5123.000000
4535.000000
4487.000000
5107.000000
4275.000000
4987.000000
5266.000000
4315.000000
4250.000000
3874.000000
4034.000000
4104.000000
4264.000000
4994.000000
4315.000000
4505.000000
2753.000000
3449.000000
4181.000000
4711.000000
4192.000000
2446.000000
4714.000000
4418.000000
5084.000000
4972.000000
5113.000000
5323.000000
6353.000000
5509.000000
4761.000000
4300.000000
4102.000000
4084.000000
4665.000000
4290.000000
4430.000000
4258.000000
4392.000000
1017.000000
4612.000000
5407.000000
4287.000000
3037.000000
6227.000000
6813.000000
5356.000000
5632.000000
6712.000000
7574.000000
7924.000000
6931.000000
6428.000000
5640.000000
6546.000000
3614.000000
4071.000000
4365.000000
4593.000000
4733.000000
4319.000000
4469.000000
3601.000000
3512.000000
5539.000000
5354.000000
3265.000000
7672.000000
8180.000000
5566.000000
7557.000000
7062.000000
6795.000000
5618.000000
5905.000000
5266.000000
5793.000000
5580.000000
4351.000000
3489.000000
4033.000000
4428.000000
4382.000000
4453.000000
4337.000000
4400.000000
5871.000000
5584.000000
5792.000000
2917.000000
8583.000000
7918.000000
7000.000000
7061.000000
5338.000000
5621.000000
4381.000000
4938.000000
4537.000000
4243.000000
4137.000000
4069.000000
4151.000000
4054.000000
4818.000000
4376.000000
4281.000000
4255.000000
4548.000000
4537.000000
4901.000000
5355.000000
3886.000000
7216.000000
4068.000000
4186.000000
5020.000000
4161.000000
3657.000000
3843.000000
4450.000000
4464.000000
4069.000000
3951.000000
4416.000000
4636.000000
4744.000000
4715.000000
4063.000000
3978.000000
4053.000000
5874.000000
6915.000000
4038.000000
5103.000000
4434.000000
4710.000000
3680.000000
4631.000000
4221.000000
3318.000000
3816.000000
3799.000000
4324.000000
4004.000000
4210.000000
3603.000000
4168.000000
4566.000000
4788.000000
4539.000000
4018.000000
3548.000000
3915.000000
5295.000000
6747.000000
3988.000000
5220.000000
5880.000000
4266.000000
4869.000000
4923.000000
4899.000000
3665.000000
4129.000000
4217.000000
4749.000000
4611.000000
4346.000000
3510.000000
3996.000000
4326.000000
4128.000000
3964.000000
3465.000000
3505.000000
3705.000000
3588.000000
2972.000000
4578.000000
5347.000000
6529.000000
3591.000000
3882.000000
3952.000000
3865.000000
3796.000000
4606.000000
4453.000000
4847.000000
4947.000000
4336.000000
3871.000000
3659.000000
4260.000000
4312.000000
3600.000000
3900.000000
3748.000000
3728.000000
3495.000000
3895.000000
3196.000000
6027.000000
6490.000000
3775.000000
3543.000000
3300.000000
4883.000000
6843.000000
5388.000000
4628.000000
7591.000000
4632.000000
4578.000000
3997.000000
4033.000000
4142.000000
4245.000000
3935.000000
3678.000000
3507.000000
4644.000000
4357.000000
3626.000000
4232.000000
5629.000000
6054.000000
4319.000000
4956.000000
4874.000000
4104.000000
4878.000000
4345.000000
4993.000000
4371.000000
5264.000000
5462.000000
4893.000000
4421.000000
3841.000000
4403.000000
4520.000000
3395.000000
3684.000000
3811.000000
3918.000000
3963.000000
4303.000000
4105.000000
4302.000000
3883.000000
3381.000000
4604.000000
3885.000000
5150.000000
3518.000000
4507.000000
5446.000000
4954.000000
5086.000000
4551.000000
