3469.000000
4019.000000
4160.000000
5013.000000
6139.000000
6105.000000
6188.000000
5382.000000
5019.000000
4911.000000
4489.000000
4017.000000
4460.000000
5158.000000
7335.000000
6161.000000
6607.000000
4912.000000
5194.000000
4838.000000
3852.000000
3941.000000
4660.000000
5185.000000
7418.000000
6192.000000
6576.000000
4404.000000
4795.000000
4372.000000
1442.000000
3538.000000
4412.000000
5478.000000
6899.000000
5822.000000
5283.000000
4644.000000
4466.000000
4647.000000
2666.000000
4172.000000
4761.000000
5192.000000
5776.000000
5100.000000
3556.000000
5075.000000
5063.000000
5090.000000
4322.000000
4789.000000
4748.000000
3831.000000
4781.000000
4407.000000
4668.000000
5950.000000
5087.000000
3239.000000
4248.000000
4737.000000
5435.000000
3237.000000
4273.000000
3720.000000
3820.000000
4042.000000
2679.000000
2695.000000
3319.000000
4361.000000
5220.000000
3760.000000
5121.000000
3551.000000
2717.000000
2383.000000
3416.000000
5065.000000
3669.000000
3774.000000
4981.000000
3906.000000
3733.000000
2854.000000
2643.000000
4763.000000
5905.000000
5525.000000
3843.000000
3361.000000
3414.000000
2881.000000
2511.000000
3217.000000
5382.000000
5392.000000
5513.000000
4776.000000
