5068.000000
3224.000000
2959.000000
3219.000000
3099.000000
5777.000000
6321.000000
5595.000000
6797.000000
4655.000000
7187.000000
6454.000000
5960.000000
5854.000000
7652.000000
8013.000000
5728.000000
968.000000
880.000000
1502.000000
952.000000
502.000000
2164.000000
2176.000000
3026.000000
6716.000000
6838.000000
7720.000000
7893.000000
6890.000000
10007.000000
9607.000000
8062.000000
7408.000000
10099.000000
10071.000000
8031.000000
8565.000000
9343.000000
1680.000000
1050.000000
1814.000000
2422.000000
1525.000000
3354.000000
3545.000000
6992.000000
7576.000000
10712.000000
9233.000000
4688.000000
8096.000000
7162.000000
6477.000000
5384.000000
5604.000000
6357.000000
5096.000000
6543.000000
3996.000000
8336.000000
2062.000000
1633.000000
1525.000000
1472.000000
849.000000
7418.000000
5645.000000
7910.000000
9002.000000
10179.000000
9825.000000
11381.000000
9426.000000
10239.000000
7436.000000
7500.000000
7307.000000
6447.000000
9616.000000
9502.000000
10604.000000
9398.000000
7799.000000
2561.000000
3801.000000
3350.000000
861.000000
5952.000000
9268.000000
5179.000000
10960.000000
10794.000000
12547.000000
10711.000000
7542.000000
13790.000000
11153.000000
4476.000000
5240.000000
11172.000000
11469.000000
9350.000000
10539.000000
6525.000000
9948.000000
2218.000000
1803.000000
4511.000000
3674.000000
4719.000000
5484.000000
6246.000000
9843.000000
11563.000000
3294.000000
5868.000000
6817.000000
7553.000000
7549.000000
5461.000000
5898.000000
10089.000000
8374.000000
7918.000000
11141.000000
11039.000000
11450.000000
1821.000000
1742.000000
2385.000000
2151.000000
7650.000000
9200.000000
10067.000000
10165.000000
9667.000000
7618.000000
8483.000000
9460.000000
8929.000000
7320.000000
7786.000000
8698.000000
7374.000000
8690.000000
9142.000000
8241.000000
2805.000000
9460.000000
3629.000000
1445.000000
2074.000000
1027.000000
6276.000000
7490.000000
8950.000000
10412.000000
8216.000000
10612.000000
10840.000000
11508.000000
8026.000000
8681.000000
9344.000000
9337.000000
8024.000000
7038.000000
8924.000000
10740.000000
9578.000000
5622.000000
3210.000000
1277.000000
1175.000000
532.000000
1814.000000
1081.000000
1854.000000
6531.000000
8905.000000
12552.000000
11576.000000
7061.000000
11184.000000
9102.000000
7555.000000
7254.000000
8536.000000
9990.000000
8981.000000
10920.000000
8165.000000
7953.000000
2404.000000
1014.000000
558.000000
583.000000
1750.000000
2567.000000
6057.000000
7843.000000
6628.000000
6896.000000
8724.000000
9283.000000
6746.000000
7779.000000
6460.000000
7199.000000
8325.000000
6007.000000
7635.000000
8093.000000
5890.000000
2951.000000
2047.000000
707.000000
232.000000
76.000000
1053.000000
916.000000
1619.000000
4761.000000
3835.000000
5476.000000
6709.000000
4086.000000
6798.000000
6025.000000
5998.000000
2353.000000
4676.000000
8451.000000
7487.000000
4420.000000
4010.000000
790.000000
946.000000
727.000000
836.000000
278.000000
