3473.000000
3110.000000
4038.000000
4432.000000
4680.000000
4172.000000
3884.000000
4220.000000
4342.000000
3905.000000
4059.000000
4244.000000
4479.000000
4441.000000
4169.000000
3227.000000
3913.000000
4483.000000
4662.000000
3510.000000
3793.000000
4337.000000
4270.000000
4431.000000
4508.000000
4116.000000
3729.000000
3579.000000
3671.000000
3386.000000
3130.000000
3654.000000
4206.000000
4517.000000
3902.000000
3624.000000
3961.000000
4062.000000
4167.000000
4548.000000
3485.000000
3961.000000
4503.000000
4075.000000
3534.000000
3018.000000
4084.000000
3728.000000
3398.000000
3682.000000
4262.000000
4065.000000
4016.000000
4318.000000
4062.000000
3663.000000
3419.000000
3529.000000
3415.000000
3666.000000
3554.000000
4100.000000
4288.000000
3795.000000
4217.000000
4170.000000
4180.000000
4459.000000
4853.000000
3733.000000
4414.000000
3998.000000
4727.000000
3914.000000
3132.000000
3944.000000
3704.000000
3698.000000
3495.000000
3926.000000
4087.000000
3863.000000
4343.000000
4258.000000
3578.000000
3460.000000
3624.000000
4018.000000
4540.000000
4144.000000
4100.000000
4325.000000
4064.000000
4208.000000
4847.000000
4422.000000
4037.000000
4580.000000
5284.000000
5416.000000
3960.000000
4939.000000
5009.000000
4642.000000
4218.000000
4180.000000
4248.000000
3873.000000
3948.000000
4331.000000
4225.000000
4026.000000
4020.000000
3720.000000
3583.000000
3880.000000
4545.000000
4725.000000
4539.000000
4640.000000
4433.000000
3591.000000
4544.000000
4276.000000
5172.000000
3944.000000
6643.000000
4935.000000
4586.000000
4002.000000
5156.000000
5615.000000
4828.000000
4451.000000
4748.000000
4540.000000
4228.000000
4308.000000
3907.000000
4500.000000
4125.000000
3456.000000
3968.000000
3461.000000
3677.000000
4090.000000
3607.000000
3974.000000
4368.000000
4418.000000
4432.000000
4463.000000
3530.000000
5005.000000
5757.000000
3813.000000
4807.000000
4379.000000
4651.000000
3793.000000
5081.000000
4271.000000
4643.000000
4684.000000
4116.000000
3936.000000
4215.000000
4118.000000
4762.000000
4338.000000
3397.000000
3976.000000
3666.000000
4152.000000
3210.000000
3135.000000
3180.000000
3765.000000
5078.000000
4349.000000
4272.000000
4588.000000
6333.000000
1913.000000
2478.000000
1897.000000
4657.000000
4621.000000
4402.000000
4566.000000
4857.000000
4286.000000
4142.000000
3181.000000
3457.000000
3814.000000
4076.000000
4621.000000
4401.000000
3999.000000
4310.000000
3748.000000
4129.000000
3201.000000
3926.000000
3797.000000
4138.000000
5665.000000
4673.000000
3460.000000
3793.000000
3093.000000
1798.000000
1938.000000
1048.000000
3268.000000
5408.000000
4979.000000
3752.000000
4898.000000
4187.000000
3807.000000
3611.000000
3888.000000
4213.000000
3793.000000
4664.000000
4580.000000
4171.000000
3712.000000
3779.000000
3873.000000
4425.000000
4615.000000
4296.000000
4458.000000
4686.000000
3500.000000
2512.000000
4021.000000
2056.000000
1641.000000
347.000000
846.000000
2362.000000
4528.000000
6005.000000
5584.000000
4827.000000
4385.000000
4218.000000
4397.000000
4149.000000
4211.000000
3783.000000
4544.000000
4290.000000
3858.000000
3443.000000
3838.000000
3962.000000
4396.000000
4437.000000
3646.000000
3360.000000
4487.000000
4708.000000
3579.000000
4598.000000
1386.000000
1626.000000
137.000000
1348.000000
2532.000000
4610.000000
6174.000000
4313.000000
5134.000000
3613.000000
4362.000000
4499.000000
4136.000000
4382.000000
4545.000000
4215.000000
3960.000000
3514.000000
3289.000000
3160.000000
3574.000000
4123.000000
4384.000000
4859.000000
3929.000000
3584.000000
4219.000000
5280.000000
2194.000000
3652.000000
609.000000
189.000000
2271.000000
5497.000000
4400.000000
4700.000000
2985.000000
5031.000000
4385.000000
4717.000000
4390.000000
4385.000000
4380.000000
4781.000000
4192.000000
3916.000000
3271.000000
2958.000000
3507.000000
3495.000000
4393.000000
5194.000000
4633.000000
4546.000000
3482.000000
3090.000000
5183.000000
4585.000000
4335.000000
696.000000
1520.000000
4737.000000
3480.000000
4387.000000
4620.000000
4051.000000
4661.000000
5336.000000
5448.000000
5038.000000
5036.000000
4570.000000
4907.000000
4447.000000
3844.000000
3490.000000
3089.000000
3381.000000
3759.000000
4864.000000
4772.000000
4394.000000
4881.000000
4325.000000
2936.000000
4698.000000
3155.000000
4392.000000
1991.000000
3002.000000
4989.000000
4860.000000
4198.000000
4557.000000
3279.000000
3904.000000
6002.000000
4790.000000
5066.000000
5233.000000
5011.000000
4810.000000
4321.000000
3619.000000
3470.000000
3326.000000
3443.000000
4088.000000
5607.000000
4632.000000
6212.000000
5206.000000
4164.000000
3347.000000
3470.000000
3368.000000
3368.000000
2017.000000
3839.000000
5084.000000
5849.000000
4540.000000
4465.000000
3104.000000
3788.000000
4282.000000
5499.000000
5801.000000
5913.000000
5958.000000
5648.000000
5503.000000
3939.000000
3373.000000
3874.000000
5105.000000
5231.000000
5777.000000
5353.000000
5210.000000
6835.000000
2669.000000
4239.000000
3502.000000
4269.000000
2581.000000
2701.000000
4218.000000
5970.000000
3689.000000
3472.000000
5271.000000
5017.000000
4694.000000
4768.000000
4492.000000
7232.000000
7127.000000
7181.000000
7207.000000
6921.000000
4394.000000
3855.000000
3840.000000
5975.000000
6245.000000
5275.000000
5541.000000
5876.000000
6344.000000
4129.000000
4636.000000
4031.000000
4235.000000
2497.000000
3289.000000
5337.000000
4435.000000
4683.000000
2952.000000
4892.000000
4782.000000
3442.000000
4802.000000
278.000000
6069.000000
5713.000000
5612.000000
6069.000000
6004.000000
4802.000000
3554.000000
3280.000000
3758.000000
4361.000000
5040.000000
5348.000000
6328.000000
4865.000000
3358.000000
2989.000000
4062.000000
4117.000000
1707.000000
5088.000000
5525.000000
3770.000000
5887.000000
5933.000000
5661.000000
4083.000000
3863.000000
4869.000000
6255.000000
3859.000000
3777.000000
4322.000000
4560.000000
4691.000000
5775.000000
3345.000000
2700.000000
2862.000000
2921.000000
4335.000000
5921.000000
5279.000000
6027.000000
2999.000000
4585.000000
4048.000000
3787.000000
2910.000000
5119.000000
5377.000000
4716.000000
3546.000000
5173.000000
4169.000000
5227.000000
2711.000000
4833.000000
7307.000000
3997.000000
4067.000000
4651.000000
4033.000000
3834.000000
5681.000000
3246.000000
3229.000000
2658.000000
3240.000000
4746.000000
6199.000000
4459.000000
5663.000000
2091.000000
5101.000000
3600.000000
3576.000000
2205.000000
5245.000000
3760.000000
6008.000000
4242.000000
5750.000000
5995.000000
282.000000
1698.000000
4361.000000
4104.000000
3865.000000
5064.000000
4624.000000
3517.000000
4145.000000
5054.000000
3895.000000
2751.000000
2748.000000
2553.000000
4838.000000
6201.000000
3401.000000
4791.000000
2763.000000
4895.000000
3598.000000
3590.000000
2547.000000
4857.000000
5300.000000
3900.000000
4525.000000
4016.000000
5511.000000
3002.000000
2197.000000
1752.000000
4717.000000
4089.000000
5315.000000
4221.000000
3663.000000
5088.000000
4506.000000
3108.000000
2808.000000
2293.000000
2193.000000
4660.000000
5498.000000
3128.000000
5075.000000
1800.000000
3930.000000
3182.000000
3508.000000
3717.000000
3254.000000
4880.000000
3952.000000
4411.000000
4242.000000
4976.000000
3748.000000
6242.000000
7289.000000
6263.000000
4138.000000
3947.000000
3650.000000
4354.000000
5313.000000
5385.000000
3892.000000
2669.000000
2274.000000
2535.000000
3292.000000
5150.000000
3357.000000
4635.000000
615.000000
2952.000000
2360.000000
2528.000000
3672.000000
2853.000000
4523.000000
4823.000000
4054.000000
4138.000000
5077.000000
2713.000000
4408.000000
7366.000000
6623.000000
6875.000000
6941.000000
4721.000000
4603.000000
4515.000000
4895.000000
4027.000000
2953.000000
3311.000000
2650.000000
3699.000000
3686.000000
1500.000000
2560.000000
816.000000
1794.000000
1912.000000
1356.000000
2187.000000
4053.000000
4884.000000
3613.000000
4334.000000
4579.000000
4846.000000
3964.000000
3093.000000
6152.000000
6034.000000
5591.000000
6706.000000
6699.000000
6497.000000
4010.000000
4444.000000
3585.000000
3106.000000
3017.000000
2844.000000
3396.000000
3259.000000
593.000000
1367.000000
362.000000
1081.000000
1134.000000
721.000000
2459.000000
3536.000000
4246.000000
4113.000000
4204.000000
4501.000000
4095.000000
3356.000000
3126.000000
4751.000000
5185.000000
6863.000000
6231.000000
6825.000000
6759.000000
6007.000000
5975.000000
3882.000000
3566.000000
3343.000000
3240.000000
3303.000000
2191.000000
1446.000000
1705.000000
401.000000
1242.000000
885.000000
536.000000
2501.000000
2886.000000
3624.000000
4441.000000
4151.000000
4062.000000
2475.000000
3014.000000
2023.000000
4803.000000
5385.000000
6784.000000
6580.000000
7128.000000
6488.000000
5795.000000
6024.000000
4880.000000
5046.000000
3389.000000
3102.000000
2447.000000
1256.000000
1758.000000
2039.000000
604.000000
478.000000
370.000000
803.000000
1548.000000
1869.000000
2085.000000
3828.000000
3151.000000
3267.000000
1511.000000
1233.000000
877.000000
2915.000000
5096.000000
5377.000000
3079.000000
5524.000000
6051.000000
5339.000000
5903.000000
6464.000000
4990.000000
5982.000000
3692.000000
3795.000000
1400.000000
1314.000000
2194.000000
815.000000
482.000000
497.000000
583.000000
1366.000000
1721.000000
2764.000000
2052.000000
2428.000000
988.000000
643.000000
928.000000
376.000000
3589.000000
2791.000000
5940.000000
3288.000000
3703.000000
4220.000000
3697.000000
3886.000000
3595.000000
3979.000000
3201.000000
2956.000000
2496.000000
1095.000000
4029.000000
1414.000000
636.000000
498.000000
244.000000
495.000000
899.000000
1280.000000
1485.000000
870.000000
1277.000000
1093.000000
1237.000000
1082.000000
755.000000
3411.000000
2545.000000
3699.000000
5789.000000
3329.000000
3264.000000
3098.000000
3466.000000
3257.000000
3168.000000
3426.000000
3050.000000
