4109.000000
4299.000000
4755.000000
4727.000000
4375.000000
4600.000000
4508.000000
4462.000000
4692.000000
4415.000000
4593.000000
4263.000000
3965.000000
4565.000000
4865.000000
4445.000000
4029.000000
3885.000000
3969.000000
3845.000000
4555.000000
4766.000000
4879.000000
5009.000000
4951.000000
3684.000000
3919.000000
2325.000000
2686.000000
4570.000000
4974.000000
4949.000000
5349.000000
5456.000000
5436.000000
4775.000000
4589.000000
3938.000000
4486.000000
4939.000000
4456.000000
4383.000000
4513.000000
4394.000000
1434.000000
1608.000000
1331.000000
1215.000000
2700.000000
2114.000000
1563.000000
4821.000000
5091.000000
4716.000000
4894.000000
5196.000000
4726.000000
4428.000000
3973.000000
4392.000000
4448.000000
4513.000000
4598.000000
1488.000000
1378.000000
1707.000000
2083.000000
1538.000000
2056.000000
2329.000000
1686.000000
985.000000
4504.000000
4540.000000
4761.000000
4536.000000
3645.000000
4197.000000
4633.000000
4669.000000
4578.000000
4065.000000
4900.000000
786.000000
978.000000
2989.000000
2960.000000
3204.000000
3275.000000
1821.000000
3546.000000
654.000000
2270.000000
2253.000000
2595.000000
3911.000000
3780.000000
4023.000000
4980.000000
4841.000000
4726.000000
4807.000000
4430.000000
3075.000000
2129.000000
2251.000000
2583.000000
3066.000000
2360.000000
3303.000000
2142.000000
2022.000000
872.000000
3301.000000
3772.000000
3787.000000
2782.000000
3656.000000
4586.000000
4963.000000
4028.000000
5067.000000
4164.000000
2846.000000
2955.000000
1932.000000
4146.000000
3516.000000
3065.000000
3271.000000
2350.000000
3208.000000
1036.000000
2872.000000
3148.000000
2008.000000
2449.000000
2614.000000
2758.000000
4189.000000
4704.000000
5302.000000
4918.000000
2729.000000
2893.000000
826.000000
2561.000000
4602.000000
4581.000000
1594.000000
2447.000000
2992.000000
781.000000
2356.000000
2402.000000
1767.000000
3113.000000
3143.000000
2346.000000
3821.000000
3761.000000
4614.000000
4077.000000
2165.000000
2747.000000
1504.000000
4601.000000
2748.000000
5916.000000
3544.000000
2972.000000
962.000000
574.000000
2245.000000
2097.000000
2418.000000
3434.000000
3077.000000
2617.000000
4106.000000
4337.000000
4048.000000
4391.000000
379.000000
781.000000
737.000000
1112.000000
3552.000000
1954.000000
1624.000000
1213.000000
566.000000
658.000000
2123.000000
2441.000000
4121.000000
3757.000000
2501.000000
2127.000000
3193.000000
3756.000000
4172.000000
4484.000000
439.000000
348.000000
401.000000
524.000000
547.000000
378.000000
631.000000
432.000000
557.000000
1319.000000
2424.000000
330.000000
3185.000000
4042.000000
3437.000000
3293.000000
2461.000000
4111.000000
4220.000000
3689.000000
3768.000000
384.000000
369.000000
415.000000
465.000000
575.000000
462.000000
553.000000
628.000000
1158.000000
1326.000000
522.000000
648.000000
4851.000000
3780.000000
3522.000000
2864.000000
2960.000000
3606.000000
2891.000000
3273.000000
2164.000000
577.000000
565.000000
571.000000
453.000000
654.000000
804.000000
1084.000000
3462.000000
4340.000000
636.000000
764.000000
3232.000000
2736.000000
3467.000000
2686.000000
2621.000000
2406.000000
2289.000000
2678.000000
2395.000000
1872.000000
3628.000000
3424.000000
2712.000000
2010.000000
2991.000000
3407.000000
2987.000000
3548.000000
3304.000000
756.000000
3187.000000
2088.000000
3640.000000
1155.000000
1596.000000
1588.000000
1557.000000
1325.000000
2690.000000
1742.000000
4759.000000
4061.000000
2924.000000
2223.000000
4333.000000
3349.000000
3461.000000
3020.000000
3226.000000
1383.000000
1968.000000
3481.000000
3067.000000
898.000000
2108.000000
2375.000000
2770.000000
2253.000000
1886.000000
1872.000000
3122.000000
3959.000000
1596.000000
2356.000000
3424.000000
2739.000000
3257.000000
2836.000000
2764.000000
1588.000000
2790.000000
4306.000000
3935.000000
2249.000000
2607.000000
3001.000000
2399.000000
2913.000000
1462.000000
2483.000000
2490.000000
4450.000000
2246.000000
3435.000000
2985.000000
3114.000000
2486.000000
4330.000000
1730.000000
2068.000000
2778.000000
4331.000000
2258.000000
3629.000000
2911.000000
1703.000000
2681.000000
4453.000000
3634.000000
2122.000000
3899.000000
3300.000000
2069.000000
4029.000000
3146.000000
3226.000000
3448.000000
3395.000000
3564.000000
4123.000000
1457.000000
2136.000000
1900.000000
1946.000000
2663.000000
3212.000000
2530.000000
3742.000000
2340.000000
1914.000000
2271.000000
3311.000000
2630.000000
3218.000000
3451.000000
4519.000000
3243.000000
4415.000000
2555.000000
4044.000000
2942.000000
3498.000000
2078.000000
3058.000000
3431.000000
4208.000000
2905.000000
3829.000000
2731.000000
4013.000000
4400.000000
3543.000000
4383.000000
4300.000000
4532.000000
3545.000000
3259.000000
2750.000000
4245.000000
3408.000000
2397.000000
2758.000000
2032.000000
3567.000000
