7411.000000
7312.000000
5416.000000
1783.000000
6508.000000
8489.000000
9606.000000
9210.000000
9261.000000
9544.000000
9472.000000
9597.000000
9615.000000
9619.000000
8976.000000
9152.000000
9743.000000
9573.000000
9528.000000
9239.000000
9299.000000
7166.000000
5281.000000
2473.000000
1503.000000
4311.000000
8413.000000
9467.000000
9114.000000
9419.000000
9522.000000
9515.000000
9324.000000
9139.000000
9470.000000
9258.000000
8788.000000
9653.000000
9423.000000
9075.000000
9511.000000
9506.000000
6557.000000
2099.000000
1604.000000
1383.000000
2761.000000
8191.000000
9558.000000
9318.000000
9509.000000
9435.000000
9324.000000
9397.000000
9231.000000
9400.000000
9660.000000
9312.000000
9560.000000
8837.000000
8711.000000
8885.000000
8901.000000
6421.000000
2337.000000
1681.000000
1301.000000
2397.000000
8140.000000
9258.000000
9473.000000
9552.000000
9525.000000
9453.000000
9435.000000
9209.000000
9420.000000
9427.000000
9389.000000
9560.000000
9098.000000
8658.000000
8712.000000
9317.000000
7599.000000
5815.000000
3733.000000
3976.000000
3556.000000
7697.000000
9085.000000
9702.000000
9792.000000
9776.000000
9757.000000
9855.000000
6939.000000
2881.000000
9794.000000
9789.000000
9867.000000
9480.000000
9567.000000
9481.000000
9570.000000
8231.000000
8101.000000
7721.000000
7711.000000
7185.000000
8129.000000
9388.000000
9671.000000
9780.000000
9728.000000
9807.000000
9755.000000
2947.000000
961.000000
10190.000000
9802.000000
9699.000000
9411.000000
9167.000000
8494.000000
9554.000000
8397.000000
8488.000000
8478.000000
8243.000000
8437.000000
8783.000000
9300.000000
9545.000000
9897.000000
9784.000000
9753.000000
9711.000000
7301.000000
3810.000000
9778.000000
9934.000000
9884.000000
9620.000000
9592.000000
9438.000000
9671.000000
8657.000000
8661.000000
8671.000000
8391.000000
9136.000000
9396.000000
9672.000000
9754.000000
9698.000000
9917.000000
9807.000000
9833.000000
7619.000000
3454.000000
9605.000000
9860.000000
9661.000000
9846.000000
9785.000000
9854.000000
9879.000000
8939.000000
8787.000000
8318.000000
7769.000000
9101.000000
9287.000000
9604.000000
9788.000000
9734.000000
9849.000000
9820.000000
9842.000000
5846.000000
3361.000000
9921.000000
9818.000000
9497.000000
9318.000000
9398.000000
9543.000000
9429.000000
8397.000000
8396.000000
8118.000000
8111.000000
8349.000000
9382.000000
9645.000000
9686.000000
9863.000000
9845.000000
9332.000000
9790.000000
7001.000000
3990.000000
9515.000000
9729.000000
9726.000000
9394.000000
9401.000000
8584.000000
9090.000000
8195.000000
8432.000000
8736.000000
8073.000000
7771.000000
8806.000000
9344.000000
9603.000000
9771.000000
9743.000000
9731.000000
9571.000000
7778.000000
5857.000000
8819.000000
9789.000000
9826.000000
9716.000000
9607.000000
9047.000000
9319.000000
9097.000000
9395.000000
8950.000000
8830.000000
8741.000000
8708.000000
8699.000000
9607.000000
9739.000000
9799.000000
9872.000000
8737.000000
5651.000000
7760.000000
7394.000000
9633.000000
9737.000000
9928.000000
9904.000000
9594.000000
9100.000000
9281.000000
9237.000000
8522.000000
9379.000000
9257.000000
7163.000000
2791.000000
9755.000000
9787.000000
9821.000000
9717.000000
8365.000000
2361.000000
3659.000000
9003.000000
9999.000000
10008.000000
9824.000000
9864.000000
9736.000000
9590.000000
9388.000000
8914.000000
8596.000000
9428.000000
9328.000000
3036.000000
1042.000000
7715.000000
9306.000000
9507.000000
9671.000000
8139.000000
5483.000000
4769.000000
8622.000000
9584.000000
10178.000000
10010.000000
9757.000000
9641.000000
9626.000000
9257.000000
9288.000000
9562.000000
9357.000000
9526.000000
976.000000
789.000000
5373.000000
9560.000000
7160.000000
5647.000000
7959.000000
5435.000000
5244.000000
8210.000000
9638.000000
10040.000000
10018.000000
9482.000000
8959.000000
9440.000000
9438.000000
9444.000000
9486.000000
9532.000000
9667.000000
1436.000000
641.000000
3688.000000
9593.000000
2064.000000
595.000000
7165.000000
5272.000000
5330.000000
7592.000000
9874.000000
9970.000000
9925.000000
9039.000000
8331.000000
8730.000000
9518.000000
9577.000000
9514.000000
9345.000000
9732.000000
5655.000000
3060.000000
3585.000000
10200.000000
1100.000000
1515.000000
6210.000000
4535.000000
5062.000000
7125.000000
9719.000000
9959.000000
9879.000000
9623.000000
8894.000000
9356.000000
9620.000000
9661.000000
9551.000000
9712.000000
9785.000000
5497.000000
3511.000000
3497.000000
9809.000000
4243.000000
5508.000000
4845.000000
4384.000000
4787.000000
6801.000000
9964.000000
9887.000000
10000.000000
9813.000000
9536.000000
9623.000000
9810.000000
9745.000000
9743.000000
9729.000000
9658.000000
5071.000000
3757.000000
3790.000000
7972.000000
4452.000000
5338.000000
3956.000000
4285.000000
4731.000000
6205.000000
10183.000000
10065.000000
9983.000000
9838.000000
9806.000000
9115.000000
9624.000000
9694.000000
9626.000000
9812.000000
9427.000000
5567.000000
4268.000000
3955.000000
7591.000000
3080.000000
5650.000000
3695.000000
4458.000000
4484.000000
6133.000000
9785.000000
9726.000000
9575.000000
9738.000000
9797.000000
9550.000000
9522.000000
9743.000000
9937.000000
9790.000000
8700.000000
4857.000000
3176.000000
3734.000000
9229.000000
7600.000000
6352.000000
4039.000000
4537.000000
4741.000000
5957.000000
9755.000000
9872.000000
9578.000000
9180.000000
9502.000000
9112.000000
9836.000000
9900.000000
9755.000000
9772.000000
8156.000000
5781.000000
4514.000000
4106.000000
8652.000000
8097.000000
4550.000000
4032.000000
4619.000000
4728.000000
5722.000000
8872.000000
9958.000000
9911.000000
9493.000000
8996.000000
9067.000000
9410.000000
10018.000000
9884.000000
9218.000000
7113.000000
5371.000000
4103.000000
4036.000000
7191.000000
6712.000000
4633.000000
3580.000000
4861.000000
5089.000000
6000.000000
8124.000000
9876.000000
9567.000000
9246.000000
8968.000000
8908.000000
9940.000000
10071.000000
10145.000000
9862.000000
6860.000000
5028.000000
3512.000000
4195.000000
5855.000000
7206.000000
6929.000000
3580.000000
4922.000000
5201.000000
6359.000000
7872.000000
9977.000000
9565.000000
9562.000000
9478.000000
9415.000000
10009.000000
10131.000000
10203.000000
10004.000000
6375.000000
4996.000000
4205.000000
4002.000000
5079.000000
7375.000000
7046.000000
3965.000000
4500.000000
4754.000000
5999.000000
7473.000000
9801.000000
9655.000000
9241.000000
9539.000000
9249.000000
10129.000000
9942.000000
10207.000000
9943.000000
5825.000000
4352.000000
4541.000000
3628.000000
4898.000000
6923.000000
6869.000000
4621.000000
4016.000000
4335.000000
5249.000000
7089.000000
9073.000000
9595.000000
9750.000000
9672.000000
8291.000000
9703.000000
9896.000000
9905.000000
9351.000000
5586.000000
4136.000000
3866.000000
3215.000000
5412.000000
6635.000000
6768.000000
5317.000000
3841.000000
4352.000000
5307.000000
7026.000000
8690.000000
8826.000000
9466.000000
9465.000000
8893.000000
9740.000000
9257.000000
9137.000000
8716.000000
5066.000000
4188.000000
3447.000000
3407.000000
5686.000000
6452.000000
6760.000000
6235.000000
3753.000000
4282.000000
5339.000000
6696.000000
8383.000000
9380.000000
9275.000000
9367.000000
9347.000000
9638.000000
8935.000000
8529.000000
8132.000000
4476.000000
4174.000000
3503.000000
3477.000000
6391.000000
6605.000000
6830.000000
7349.000000
3825.000000
4317.000000
5306.000000
6411.000000
8908.000000
9617.000000
9635.000000
9034.000000
8864.000000
8911.000000
9111.000000
8537.000000
7616.000000
4133.000000
4374.000000
3926.000000
3115.000000
7053.000000
6394.000000
6497.000000
7516.000000
3695.000000
4405.000000
5305.000000
6433.000000
9445.000000
9947.000000
9913.000000
9605.000000
9416.000000
9043.000000
8699.000000
8783.000000
6587.000000
4212.000000
3966.000000
3923.000000
2446.000000
7324.000000
6233.000000
6204.000000
7270.000000
3450.000000
4412.000000
5322.000000
6171.000000
10128.000000
9766.000000
9724.000000
9883.000000
9853.000000
9117.000000
9164.000000
9358.000000
6129.000000
4249.000000
3557.000000
3121.000000
2406.000000
7049.000000
6524.000000
6116.000000
6828.000000
3663.000000
4375.000000
5219.000000
5884.000000
10387.000000
9806.000000
9939.000000
9667.000000
9859.000000
9383.000000
8803.000000
8761.000000
5928.000000
4379.000000
3921.000000
3234.000000
2868.000000
6598.000000
6503.000000
6194.000000
6289.000000
4288.000000
4340.000000
5126.000000
5574.000000
10484.000000
10005.000000
9965.000000
9785.000000
9567.000000
9553.000000
8774.000000
8358.000000
5945.000000
4353.000000
3590.000000
3273.000000
3775.000000
6090.000000
5945.000000
5698.000000
5886.000000
5629.000000
4113.000000
4727.000000
5523.000000
10514.000000
10210.000000
10064.000000
9752.000000
9237.000000
9619.000000
8663.000000
8463.000000
7050.000000
4397.000000
3600.000000
3411.000000
4753.000000
5701.000000
5324.000000
5267.000000
5563.000000
6318.000000
3886.000000
4716.000000
5575.000000
10302.000000
10106.000000
10026.000000
9471.000000
9844.000000
9262.000000
9384.000000
9397.000000
7312.000000
4483.000000
3697.000000
3171.000000
5291.000000
5440.000000
5150.000000
4885.000000
5540.000000
6140.000000
3579.000000
4832.000000
5517.000000
10099.000000
10365.000000
10338.000000
9859.000000
9114.000000
9347.000000
9245.000000
9321.000000
7254.000000
4632.000000
3599.000000
2956.000000
5560.000000
5597.000000
5253.000000
5326.000000
5333.000000
6010.000000
3294.000000
4635.000000
5340.000000
9250.000000
9047.000000
10327.000000
10043.000000
10061.000000
9526.000000
9285.000000
9297.000000
7411.000000
4378.000000
3491.000000
3078.000000
5629.000000
5634.000000
5407.000000
5065.000000
5318.000000
6568.000000
3230.000000
4497.000000
5305.000000
9138.000000
9053.000000
9576.000000
10163.000000
10019.000000
9456.000000
9408.000000
9413.000000
7577.000000
4240.000000
3171.000000
3016.000000
5916.000000
5373.000000
5253.000000
4915.000000
5340.000000
7302.000000
3168.000000
4447.000000
5671.000000
8910.000000
9726.000000
9494.000000
9738.000000
9424.000000
9498.000000
8833.000000
9235.000000
7756.000000
3753.000000
2916.000000
2695.000000
5879.000000
5034.000000
5249.000000
4906.000000
5246.000000
7391.000000
2768.000000
3849.000000
6659.000000
9603.000000
9392.000000
9242.000000
9178.000000
9147.000000
9035.000000
9358.000000
9365.000000
7983.000000
3428.000000
3093.000000
2420.000000
5742.000000
4735.000000
4861.000000
4585.000000
5030.000000
7250.000000
2901.000000
3186.000000
7434.000000
9038.000000
8291.000000
9225.000000
9246.000000
9201.000000
9812.000000
8727.000000
8912.000000
8006.000000
3299.000000
2885.000000
2101.000000
5341.000000
4374.000000
4510.000000
4364.000000
4584.000000
7100.000000
2665.000000
1587.000000
8008.000000
8631.000000
8651.000000
8045.000000
8620.000000
9569.000000
9215.000000
9552.000000
8986.000000
8974.000000
2378.000000
1878.000000
1759.000000
4785.000000
4098.000000
4046.000000
4124.000000
4242.000000
6759.000000
1768.000000
1024.000000
8168.000000
8612.000000
8896.000000
8682.000000
8954.000000
9283.000000
