8209.000000
6243.000000
2969.000000
4087.000000
3456.000000
5628.000000
7291.000000
5384.000000
2428.000000
689.000000
1303.000000
2438.000000
7063.000000
5556.000000
5041.000000
6343.000000
4356.000000
3411.000000
3854.000000
3547.000000
465.000000
360.000000
652.000000
871.000000
6844.000000
5878.000000
5786.000000
3532.000000
2308.000000
1835.000000
1888.000000
2366.000000
1010.000000
3055.000000
1244.000000
564.000000
6720.000000
5975.000000
4074.000000
2049.000000
1644.000000
2254.000000
1035.000000
1262.000000
3653.000000
6387.000000
3468.000000
838.000000
5828.000000
5300.000000
3332.000000
1608.000000
1971.000000
1684.000000
1039.000000
803.000000
3136.000000
5722.000000
2490.000000
835.000000
4608.000000
4401.000000
4639.000000
1321.000000
1453.000000
4459.000000
6905.000000
2543.000000
1395.000000
4902.000000
2703.000000
447.000000
3730.000000
3479.000000
3877.000000
2295.000000
3977.000000
13887.000000
15114.000000
14765.000000
8647.000000
4657.000000
8316.000000
2437.000000
3457.000000
3264.000000
5318.000000
13249.000000
12954.000000
14310.000000
14766.000000
15067.000000
15212.000000
9346.000000
8143.000000
4405.000000
3442.000000
3505.000000
8953.000000
13974.000000
13786.000000
14151.000000
14738.000000
15089.000000
15100.000000
13904.000000
5222.000000
4663.000000
2940.000000
3674.000000
9912.000000
13652.000000
13352.000000
13666.000000
14188.000000
14602.000000
14630.000000
14334.000000
4852.000000
5005.000000
3003.000000
3332.000000
8936.000000
13053.000000
13097.000000
13300.000000
13385.000000
13836.000000
14039.000000
14089.000000
6311.000000
4930.000000
3155.000000
3269.000000
7695.000000
11995.000000
12671.000000
12975.000000
12793.000000
13204.000000
13253.000000
13635.000000
8629.000000
4574.000000
