3458.000000
3416.000000
3436.000000
3460.000000
3460.000000
3439.000000
3406.000000
3385.000000
3373.000000
3326.000000
3347.000000
3846.000000
4727.000000
5130.000000
4495.000000
5071.000000
4605.000000
3850.000000
3822.000000
3714.000000
3643.000000
3643.000000
3679.000000
3708.000000
3766.000000
3771.000000
3750.000000
3800.000000
3736.000000
3762.000000
3718.000000
3708.000000
3732.000000
3732.000000
3753.000000
3753.000000
3832.000000
3832.000000
3832.000000
3883.000000
3904.000000
3955.000000
4048.000000
4099.000000
4139.000000
4189.000000
4210.000000
4210.000000
4246.000000
4246.000000
4246.000000
4246.000000
4246.000000
4246.000000
4210.000000
4123.000000
3993.000000
3936.000000
3896.000000
3849.000000
3758.000000
3754.000000
3819.000000
3740.000000
3357.000000
3325.000000
3361.000000
3376.000000
3387.000000
3351.000000
3317.000000
3295.000000
3241.000000
3166.000000
4205.000000
5143.000000
4999.000000
5149.000000
4644.000000
4886.000000
4826.000000
4728.000000
3975.000000
3672.000000
3601.000000
3601.000000
3634.000000
3726.000000
3836.000000
3839.000000
3867.000000
3841.000000
3760.000000
3780.000000
3769.000000
3759.000000
3789.000000
3789.000000
3765.000000
3765.000000
3856.000000
3856.000000
3856.000000
3898.000000
3904.000000
3955.000000
4042.000000
4093.000000
4133.000000
4185.000000
4212.000000
4221.000000
4248.000000
4248.000000
4242.000000
4242.000000
4248.000000
4248.000000
4212.000000
4125.000000
3994.000000
3936.000000
3855.000000
3804.000000
3721.000000
3721.000000
3727.000000
3714.000000
3294.000000
3318.000000
3297.000000
3311.000000
3374.000000
3348.000000
3253.000000
3263.000000
3234.000000
3736.000000
5503.000000
4947.000000
4908.000000
4495.000000
4297.000000
4280.000000
4844.000000
4840.000000
4880.000000
3704.000000
3651.000000
3637.000000
3699.000000
3805.000000
3877.000000
3891.000000
3903.000000
3874.000000
3838.000000
3810.000000
3790.000000
3780.000000
3840.000000
3840.000000
3840.000000
3840.000000
3938.000000
3940.000000
3940.000000
3940.000000
3906.000000
3955.000000
4012.000000
4063.000000
4094.000000
4145.000000
4202.000000
4253.000000
4238.000000
4238.000000
4202.000000
4202.000000
4238.000000
4238.000000
4202.000000
4115.000000
4023.000000
3936.000000
3879.000000
3792.000000
3700.000000
3700.000000
3700.000000
3700.000000
3296.000000
3328.000000
3315.000000
3329.000000
3334.000000
3301.000000
3280.000000
3214.000000
3240.000000
5520.000000
5544.000000
5278.000000
4758.000000
4969.000000
4902.000000
4233.000000
4926.000000
4897.000000
4822.000000
4693.000000
3680.000000
3675.000000
3794.000000
3908.000000
3892.000000
3928.000000
3923.000000
3900.000000
3874.000000
3834.000000
3841.000000
3837.000000
3878.000000
3893.000000
3897.000000
3901.000000
3957.000000
3958.000000
3952.000000
3952.000000
3920.000000
3950.000000
4007.000000
4064.000000
4088.000000
4139.000000
4202.000000
4244.000000
4225.000000
4225.000000
4193.000000
4194.000000
4230.000000
4232.000000
4190.000000
4109.000000
4027.000000
3954.000000
3891.000000
3791.000000
3710.000000
3714.000000
3726.000000
3726.000000
3207.000000
3285.000000
3322.000000
3310.000000
3305.000000
3209.000000
3159.000000
3208.000000
4253.000000
5361.000000
5276.000000
4959.000000
4651.000000
4014.000000
3999.000000
3470.000000
3645.000000
3770.000000
4496.000000
5152.000000
4557.000000
3794.000000
3860.000000
3999.000000
3943.000000
4009.000000
3988.000000
3988.000000
3930.000000
3900.000000
3846.000000
3864.000000
3837.000000
3924.000000
3952.000000
3973.000000
3968.000000
3970.000000
3934.000000
3934.000000
3928.000000
3928.000000
3979.000000
4072.000000
4108.000000
4159.000000
4252.000000
4252.000000
4213.000000
4215.000000
4204.000000
4218.000000
4219.000000
4223.000000
4166.000000
4115.000000
4041.000000
4056.000000
3949.000000
3781.000000
3671.000000
3675.000000
3732.000000
3732.000000
3195.000000
3239.000000
3263.000000
3221.000000
3230.000000
3138.000000
3090.000000
3224.000000
6064.000000
5186.000000
5450.000000
5330.000000
4411.000000
4314.000000
5365.000000
5527.000000
4086.000000
4187.000000
4451.000000
5028.000000
4893.000000
3935.000000
3919.000000
4039.000000
4034.000000
3992.000000
4043.000000
4028.000000
3979.000000
3941.000000
3900.000000
3915.000000
3893.000000
3982.000000
4024.000000
4036.000000
3974.000000
3965.000000
3932.000000
3932.000000
3928.000000
3928.000000
3982.000000
4069.000000
4102.000000
4153.000000
4246.000000
4246.000000
4227.000000
4228.000000
4218.000000
4231.000000
4178.000000
4178.000000
4166.000000
4115.000000
4044.000000
4057.000000
3940.000000
3781.000000
3718.000000
3718.000000
3730.000000
3730.000000
3175.000000
3180.000000
3234.000000
3288.000000
3284.000000
3294.000000
3443.000000
4856.000000
4550.000000
6305.000000
6961.000000
5593.000000
4878.000000
6929.000000
7023.000000
6388.000000
6238.000000
6378.000000
5923.000000
5173.000000
4877.000000
4885.000000
4035.000000
4065.000000
4024.000000
4037.000000
4076.000000
4048.000000
4002.000000
3974.000000
3921.000000
3936.000000
3928.000000
3988.000000
4042.000000
4056.000000
4020.000000
3977.000000
3932.000000
3932.000000
3928.000000
3928.000000
3985.000000
4027.000000
4072.000000
4123.000000
4216.000000
4216.000000
4225.000000
4239.000000
4240.000000
4200.000000
4203.000000
4202.000000
4166.000000
4115.000000
4038.000000
4045.000000
3907.000000
3791.000000
3739.000000
3739.000000
3760.000000
3760.000000
3124.000000
3133.000000
3482.000000
3568.000000
3439.000000
3943.000000
3996.000000
3466.000000
6293.000000
6508.000000
6425.000000
5301.000000
6378.000000
6422.000000
5187.000000
6278.000000
6113.000000
5891.000000
5726.000000
4720.000000
5105.000000
5219.000000
4554.000000
4111.000000
4071.000000
4079.000000
4127.000000
4096.000000
4059.000000
4014.000000
3994.000000
4000.000000
3996.000000
4042.000000
4058.000000
4078.000000
4073.000000
4024.000000
3934.000000
3934.000000
3936.000000
3934.000000
3936.000000
3988.000000
4072.000000
4123.000000
4216.000000
4216.000000
4190.000000
4210.000000
4256.000000
4214.000000
4209.000000
4203.000000
4170.000000
4128.000000
4050.000000
4037.000000
3962.000000
3842.000000
3786.000000
3786.000000
3768.000000
3768.000000
3037.000000
3152.000000
3123.000000
2453.000000
2958.000000
3551.000000
3689.000000
2133.000000
4841.000000
5506.000000
5523.000000
5255.000000
5075.000000
2442.000000
1201.000000
5450.000000
4341.000000
4813.000000
4285.000000
4589.000000
5416.000000
5342.000000
4905.000000
4065.000000
4027.000000
4086.000000
4119.000000
4137.000000
4085.000000
4043.000000
4076.000000
4076.000000
4065.000000
4067.000000
4088.000000
4088.000000
4067.000000
4073.000000
3944.000000
3944.000000
3952.000000
3952.000000
3916.000000
3967.000000
4027.000000
4069.000000
4171.000000
4171.000000
4227.000000
4227.000000
4257.000000
4213.000000
4188.000000
4188.000000
4158.000000
4157.000000
4103.000000
3981.000000
3970.000000
3871.000000
3769.000000
3769.000000
3790.000000
3790.000000
3026.000000
3099.000000
3216.000000
3253.000000
2947.000000
3011.000000
3715.000000
3287.000000
3173.000000
4361.000000
5260.000000
5509.000000
4366.000000
380.000000
393.000000
5314.000000
4043.000000
4144.000000
4360.000000
4767.000000
5833.000000
4934.000000
4785.000000
4250.000000
4047.000000
4091.000000
4122.000000
4137.000000
4140.000000
4088.000000
4076.000000
4085.000000
4112.000000
4112.000000
4094.000000
4085.000000
4070.000000
4067.000000
3959.000000
3944.000000
3937.000000
3931.000000
3904.000000
3955.000000
3982.000000
4034.000000
4112.000000
4112.000000
4172.000000
4181.000000
4210.000000
4165.000000
4143.000000
4134.000000
4101.000000
4106.000000
4082.000000
3974.000000
3956.000000
3864.000000
3813.000000
3813.000000
3795.000000
3786.000000
3033.000000
3084.000000
3192.000000
3208.000000
3252.000000
3261.000000
3354.000000
6058.000000
4674.000000
5080.000000
5226.000000
4717.000000
4666.000000
3283.000000
4274.000000
5287.000000
5180.000000
4727.000000
4608.000000
4709.000000
5350.000000
4739.000000
4731.000000
4783.000000
4098.000000
4127.000000
4122.000000
4137.000000
4163.000000
4121.000000
4095.000000
4142.000000
4103.000000
4103.000000
4124.000000
4073.000000
4088.000000
4037.000000
4037.000000
3944.000000
3975.000000
3921.000000
3946.000000
3993.000000
4004.000000
4055.000000
4076.000000
4076.000000
4117.000000
4159.000000
4185.000000
4138.000000
4148.000000
4101.000000
4002.000000
4044.000000
3974.000000
3944.000000
3911.000000
3858.000000
3804.000000
3804.000000
3825.000000
3774.000000
3020.000000
3077.000000
3177.000000
3197.000000
3218.000000
3240.000000
3289.000000
4700.000000
6551.000000
5555.000000
5888.000000
5457.000000
5626.000000
5741.000000
5997.000000
6109.000000
5386.000000
5127.000000
4580.000000
4613.000000
4833.000000
4649.000000
4558.000000
4572.000000
4993.000000
4100.000000
4149.000000
4138.000000
4208.000000
4165.000000
4151.000000
4187.000000
4161.000000
4160.000000
4124.000000
4082.000000
4096.000000
4055.000000
4045.000000
3952.000000
4006.000000
3961.000000
3996.000000
4032.000000
4012.000000
4056.000000
4074.000000
4074.000000
4079.000000
4122.000000
4131.000000
4095.000000
4097.000000
4052.000000
3995.000000
4031.000000
3969.000000
3946.000000
3952.000000
3899.000000
3858.000000
3859.000000
3827.000000
3772.000000
2947.000000
3003.000000
3101.000000
3133.000000
3163.000000
3178.000000
3246.000000
3415.000000
7392.000000
6224.000000
6178.000000
5567.000000
5465.000000
5279.000000
5811.000000
6231.000000
5706.000000
5482.000000
4327.000000
4481.000000
4515.000000
4748.000000
4721.000000
4396.000000
4880.000000
4556.000000
4111.000000
4161.000000
4199.000000
4195.000000
4202.000000
4177.000000
4196.000000
4196.000000
4139.000000
4139.000000
4148.000000
4145.000000
4094.000000
3977.000000
4003.000000
3954.000000
4032.000000
4032.000000
4032.000000
4034.000000
4034.000000
4034.000000
4055.000000
4055.000000
3993.000000
3993.000000
4035.000000
3988.000000
3931.000000
3931.000000
3931.000000
3931.000000
3910.000000
3910.000000
3912.000000
3885.000000
3842.000000
3768.000000
3049.000000
3104.000000
3079.000000
3099.000000
3165.000000
3184.000000
3231.000000
3335.000000
7190.000000
6711.000000
5016.000000
6102.000000
4880.000000
4761.000000
5054.000000
5743.000000
5540.000000
4933.000000
4369.000000
4723.000000
4892.000000
5320.000000
4997.000000
4771.000000
4429.000000
3940.000000
3864.000000
4378.000000
4218.000000
4221.000000
4198.000000
4190.000000
4196.000000
4196.000000
4190.000000
4190.000000
4157.000000
4145.000000
4127.000000
4032.000000
4047.000000
4012.000000
4032.000000
4032.000000
4041.000000
4041.000000
4032.000000
4032.000000
3996.000000
3996.000000
3988.000000
3988.000000
3966.000000
3921.000000
3870.000000
3870.000000
3880.000000
3889.000000
3916.000000
3916.000000
3924.000000
3891.000000
3885.000000
3800.000000
3178.000000
3167.000000
3156.000000
3144.000000
3140.000000
3196.000000
3275.000000
3285.000000
6155.000000
7311.000000
5593.000000
5343.000000
6152.000000
5109.000000
4755.000000
4939.000000
5437.000000
5340.000000
5579.000000
5713.000000
5412.000000
5208.000000
5003.000000
4783.000000
4748.000000
4392.000000
4197.000000
4320.000000
4180.000000
4214.000000
4223.000000
4196.000000
4196.000000
4196.000000
4196.000000
4196.000000
4205.000000
4145.000000
4090.000000
4068.000000
4068.000000
4068.000000
4032.000000
4032.000000
4059.000000
4058.000000
4017.000000
4017.000000
3960.000000
3960.000000
3924.000000
3924.000000
3925.000000
3874.000000
3874.000000
3874.000000
3874.000000
3925.000000
3946.000000
3946.000000
3954.000000
3921.000000
3863.000000
3779.000000
3215.000000
3212.000000
3183.000000
3160.000000
3155.000000
3198.000000
3227.000000
3285.000000
5496.000000
7624.000000
6802.000000
5764.000000
6419.000000
6025.000000
5073.000000
5375.000000
5973.000000
6737.000000
6006.000000
5128.000000
5144.000000
4920.000000
4632.000000
4650.000000
4140.000000
4349.000000
3964.000000
4323.000000
4271.000000
4048.000000
4206.000000
4220.000000
4215.000000
4199.000000
4196.000000
4196.000000
4198.000000
4150.000000
4096.000000
4067.000000
4068.000000
4059.000000
4032.000000
4032.000000
4012.000000
4011.000000
3961.000000
3961.000000
3964.000000
3964.000000
3928.000000
3928.000000
3917.000000
3877.000000
3829.000000
3829.000000
3875.000000
3923.000000
3944.000000
3944.000000
3941.000000
3919.000000
3857.000000
3777.000000
3177.000000
3255.000000
3233.000000
3216.000000
3210.000000
3218.000000
3216.000000
3315.000000
5668.000000
7923.000000
7063.000000
5455.000000
3980.000000
6406.000000
5860.000000
5819.000000
6358.000000
5755.000000
5640.000000
5207.000000
4866.000000
5464.000000
4765.000000
4537.000000
4047.000000
3829.000000
4648.000000
4249.000000
3917.000000
4322.000000
4194.000000
4275.000000
4271.000000
4217.000000
4196.000000
4196.000000
4162.000000
4162.000000
4126.000000
4075.000000
4068.000000
4017.000000
4017.000000
4017.000000
3961.000000
3961.000000
3925.000000
3925.000000
3974.000000
3980.000000
3944.000000
3944.000000
3890.000000
3889.000000
3853.000000
3853.000000
3877.000000
3919.000000
3934.000000
3934.000000
3890.000000
3879.000000
3815.000000
3761.000000
3195.000000
3268.000000
3235.000000
3235.000000
3223.000000
3227.000000
3228.000000
3200.000000
7906.000000
8382.000000
7071.000000
5358.000000
4662.000000
5316.000000
4925.000000
4943.000000
4931.000000
5898.000000
5237.000000
5152.000000
4259.000000
4514.000000
4014.000000
3760.000000
4016.000000
3468.000000
3843.000000
4363.000000
3430.000000
4522.000000
4046.000000
4377.000000
4276.000000
4232.000000
4202.000000
4193.000000
4156.000000
4156.000000
4126.000000
4084.000000
4068.000000
4017.000000
3966.000000
3966.000000
3955.000000
3955.000000
3925.000000
3925.000000
3964.000000
3952.000000
3925.000000
3925.000000
3895.000000
3895.000000
3853.000000
3853.000000
3880.000000
3916.000000
3928.000000
3937.000000
3889.000000
3877.000000
3815.000000
3773.000000
3300.000000
3338.000000
3262.000000
3282.000000
3169.000000
3181.000000
3213.000000
3264.000000
7359.000000
7916.000000
6940.000000
4655.000000
5782.000000
4693.000000
5395.000000
4537.000000
4318.000000
5454.000000
4698.000000
4332.000000
4389.000000
4054.000000
3738.000000
3654.000000
4026.000000
3942.000000
4208.000000
4691.000000
4726.000000
4235.000000
4094.000000
4152.000000
4292.000000
4236.000000
4213.000000
4166.000000
4126.000000
4126.000000
4126.000000
4126.000000
4068.000000
4017.000000
3975.000000
3957.000000
3925.000000
3925.000000
3925.000000
3925.000000
3899.000000
3918.000000
3913.000000
3913.000000
3925.000000
3925.000000
3853.000000
3853.000000
3898.000000
3898.000000
3898.000000
3949.000000
3889.000000
3877.000000
3772.000000
3809.000000
3362.000000
3377.000000
3312.000000
3239.000000
3129.000000
3145.000000
3227.000000
4103.000000
7340.000000
5390.000000
5718.000000
5415.000000
6342.000000
5342.000000
5750.000000
5019.000000
4925.000000
5049.000000
5116.000000
4443.000000
3960.000000
4512.000000
4113.000000
4048.000000
3538.000000
3206.000000
3976.000000
3096.000000
4716.000000
4529.000000
3106.000000
4184.000000
4879.000000
4232.000000
4167.000000
4122.000000
4124.000000
4124.000000
4124.000000
4124.000000
4068.000000
4017.000000
4029.000000
3939.000000
3920.000000
3918.000000
3925.000000
3921.000000
3904.000000
3897.000000
3893.000000
3893.000000
3923.000000
3924.000000
3854.000000
3856.000000
3897.000000
3899.000000
3895.000000
3937.000000
3884.000000
3878.000000
3810.000000
3844.000000
3429.000000
3371.000000
3250.000000
3152.000000
3112.000000
3127.000000
3163.000000
4812.000000
7167.000000
6415.000000
6286.000000
7323.000000
5998.000000
5626.000000
5397.000000
4879.000000
4581.000000
4396.000000
4295.000000
4944.000000
4561.000000
5216.000000
4658.000000
4069.000000
3663.000000
3732.000000
3705.000000
3544.000000
3481.000000
4101.000000
3928.000000
2979.000000
4331.000000
4169.000000
4174.000000
4112.000000
4124.000000
4124.000000
4124.000000
4124.000000
4080.000000
4017.000000
4053.000000
3909.000000
3908.000000
3888.000000
3925.000000
3901.000000
3883.000000
3879.000000
3843.000000
3843.000000
3884.000000
3898.000000
3852.000000
3874.000000
3890.000000
3879.000000
3867.000000
3851.000000
3860.000000
3848.000000
3839.000000
4269.000000
3382.000000
3320.000000
3191.000000
3104.000000
3133.000000
3134.000000
3166.000000
5404.000000
7486.000000
7658.000000
5496.000000
7249.000000
6183.000000
5981.000000
4741.000000
4090.000000
4116.000000
4050.000000
4068.000000
4077.000000
4593.000000
5118.000000
4918.000000
4292.000000
3345.000000
3238.000000
4204.000000
3908.000000
3785.000000
3058.000000
4090.000000
4210.000000
3530.000000
3990.000000
4185.000000
4087.000000
4118.000000
4118.000000
4130.000000
4130.000000
4082.000000
4017.000000
4032.000000
3903.000000
3915.000000
3885.000000
3919.000000
3895.000000
3873.000000
3873.000000
3843.000000
3843.000000
3815.000000
3839.000000
3841.000000
3852.000000
3884.000000
3872.000000
3867.000000
3852.000000
3869.000000
3880.000000
3941.000000
5797.000000
3302.000000
3256.000000
3118.000000
3092.000000
3220.000000
3195.000000
3264.000000
5781.000000
7857.000000
8342.000000
5107.000000
5967.000000
5519.000000
5439.000000
4326.000000
3627.000000
3594.000000
3754.000000
3983.000000
3966.000000
3893.000000
4398.000000
4394.000000
4444.000000
4145.000000
3580.000000
3429.000000
4121.000000
3518.000000
3622.000000
3182.000000
3770.000000
4085.000000
3394.000000
4132.000000
4109.000000
4088.000000
4088.000000
4145.000000
4145.000000
4082.000000
4017.000000
3939.000000
3897.000000
3933.000000
3867.000000
3889.000000
3865.000000
3843.000000
3843.000000
3843.000000
3843.000000
3803.000000
3818.000000
3812.000000
3826.000000
3839.000000
3827.000000
3867.000000
3894.000000
3897.000000
3983.000000
4254.000000
7494.000000
3142.000000
3182.000000
3102.000000
3163.000000
3269.000000
3241.000000
3308.000000
5675.000000
7601.000000
8531.000000
6379.000000
6093.000000
4797.000000
5279.000000
5678.000000
3508.000000
3277.000000
3267.000000
3337.000000
3397.000000
3817.000000
3825.000000
4006.000000
4275.000000
4164.000000
3987.000000
3818.000000
3479.000000
4127.000000
4063.000000
3872.000000
3161.000000
3882.000000
3799.000000
3636.000000
4495.000000
4050.000000
4091.000000
4097.000000
4105.000000
4079.000000
4014.000000
3997.000000
3930.000000
3930.000000
3874.000000
3889.000000
3865.000000
3843.000000
3843.000000
3843.000000
3834.000000
3756.000000
3757.000000
3741.000000
3761.000000
3782.000000
3768.000000
3845.000000
3884.000000
3912.000000
3930.000000
5597.000000
8432.000000
3019.000000
3105.000000
3142.000000
3191.000000
3277.000000
3286.000000
3333.000000
6958.000000
8349.000000
8394.000000
7825.000000
6393.000000
4474.000000
4942.000000
6821.000000
4810.000000
3584.000000
3418.000000
2769.000000
2604.000000
3076.000000
3580.000000
3675.000000
3697.000000
3756.000000
4190.000000
3937.000000
3530.000000
3813.000000
3952.000000
3553.000000
3672.000000
3006.000000
4153.000000
3185.000000
4229.000000
4657.000000
4118.000000
4102.000000
4102.000000
4097.000000
3996.000000
4053.000000
3909.000000
3912.000000
3900.000000
3889.000000
3865.000000
3843.000000
3843.000000
3843.000000
3792.000000
3771.000000
3771.000000
3735.000000
3735.000000
3740.000000
3698.000000
3751.000000
3834.000000
3931.000000
4070.000000
7537.000000
8549.000000
3071.000000
3174.000000
3195.000000
3242.000000
3309.000000
3315.000000
3415.000000
7060.000000
8016.000000
6680.000000
7599.000000
7519.000000
5216.000000
4229.000000
5892.000000
6344.000000
3890.000000
3617.000000
2993.000000
2367.000000
2254.000000
3018.000000
3306.000000
3582.000000
3778.000000
3854.000000
3797.000000
3873.000000
3619.000000
3222.000000
4120.000000
3870.000000
3229.000000
2881.000000
3554.000000
3087.000000
4083.000000
4167.000000
4030.000000
4052.000000
4084.000000
4002.000000
4032.000000
3912.000000
3907.000000
3897.000000
3877.000000
3850.000000
3825.000000
3825.000000
3819.000000
3777.000000
3756.000000
3741.000000
3717.000000
3717.000000
3731.000000
3689.000000
3740.000000
3830.000000
3913.000000
4875.000000
8436.000000
8417.000000
3126.000000
3227.000000
3246.000000
3273.000000
3346.000000
3353.000000
3344.000000
6312.000000
7407.000000
6370.000000
6746.000000
7240.000000
6466.000000
4817.000000
5182.000000
6173.000000
5162.000000
3575.000000
3169.000000
2753.000000
2285.000000
2266.000000
2354.000000
3306.000000
3406.000000
3393.000000
3242.000000
3368.000000
3680.000000
3512.000000
3737.000000
4097.000000
3872.000000
3643.000000
3551.000000
3222.000000
3262.000000
3123.000000
4715.000000
4000.000000
4017.000000
4017.000000
3924.000000
3924.000000
3921.000000
3913.000000
3853.000000
3831.000000
3786.000000
3786.000000
3750.000000
3750.000000
3735.000000
3642.000000
3678.000000
3678.000000
3709.000000
3663.000000
3739.000000
3766.000000
3884.000000
6772.000000
8594.000000
8059.000000
3187.000000
3278.000000
3314.000000
3274.000000
3361.000000
3374.000000
3363.000000
4532.000000
6726.000000
6102.000000
5161.000000
5313.000000
6394.000000
5596.000000
6553.000000
5880.000000
6517.000000
5151.000000
3413.000000
2599.000000
2871.000000
2204.000000
1997.000000
2554.000000
3015.000000
3065.000000
2592.000000
2965.000000
3593.000000
3246.000000
3672.000000
4191.000000
3701.000000
3534.000000
3898.000000
3680.000000
3505.000000
1833.000000
3211.000000
4719.000000
4015.000000
3979.000000
3924.000000
3922.000000
3914.000000
3888.000000
3829.000000
3817.000000
3766.000000
3766.000000
3730.000000
3730.000000
3706.000000
3628.000000
3664.000000
3664.000000
3692.000000
3646.000000
3676.000000
3717.000000
4753.000000
8194.000000
8480.000000
7565.000000
3271.000000
3390.000000
3415.000000
3361.000000
3337.000000
3404.000000
3464.000000
3678.000000
5624.000000
7342.000000
4038.000000
4382.000000
4479.000000
4959.000000
6469.000000
6236.000000
6636.000000
6369.000000
4944.000000
3678.000000
3913.000000
2696.000000
2108.000000
2241.000000
2464.000000
2816.000000
2496.000000
2729.000000
3034.000000
2833.000000
2959.000000
3586.000000
3764.000000
3815.000000
4077.000000
3733.000000
3586.000000
2614.000000
1661.000000
4327.000000
4157.000000
3979.000000
3914.000000
3916.000000
3902.000000
3846.000000
3767.000000
3773.000000
3711.000000
3705.000000
3669.000000
3669.000000
3612.000000
3612.000000
3633.000000
3633.000000
3675.000000
3674.000000
3672.000000
3780.000000
5781.000000
8338.000000
8159.000000
6766.000000
3333.000000
3464.000000
3494.000000
3432.000000
3366.000000
3417.000000
3427.000000
3483.000000
6776.000000
7184.000000
5478.000000
6182.000000
3941.000000
4115.000000
6179.000000
5665.000000
5729.000000
6257.000000
5739.000000
3912.000000
2163.000000
2503.000000
2302.000000
1949.000000
2325.000000
2486.000000
2789.000000
3524.000000
3311.000000
3173.000000
3318.000000
3158.000000
2736.000000
2633.000000
4091.000000
4692.000000
4082.000000
4189.000000
1575.000000
2243.000000
5077.000000
3942.000000
3911.000000
3917.000000
3880.000000
3827.000000
3757.000000
3706.000000
3635.000000
3627.000000
3606.000000
3588.000000
3591.000000
3591.000000
3558.000000
3558.000000
3638.000000
3655.000000
3791.000000
4608.000000
7343.000000
8095.000000
7536.000000
5639.000000
3421.000000
3494.000000
3575.000000
3567.000000
3500.000000
3476.000000
3580.000000
3543.000000
6942.000000
6671.000000
6663.000000
5507.000000
5054.000000
5634.000000
5653.000000
6892.000000
5505.000000
5190.000000
5544.000000
4753.000000
1800.000000
2059.000000
1494.000000
1928.000000
2669.000000
4007.000000
5112.000000
5009.000000
4024.000000
3030.000000
3634.000000
3355.000000
3149.000000
2410.000000
2813.000000
4935.000000
2517.000000
3926.000000
3834.000000
1156.000000
3832.000000
3925.000000
3960.000000
3819.000000
3808.000000
3788.000000
3782.000000
3669.000000
3603.000000
3600.000000
3581.000000
3502.000000
3562.000000
3562.000000
3526.000000
3520.000000
3571.000000
3642.000000
3853.000000
6501.000000
8096.000000
7903.000000
6962.000000
4761.000000
3487.000000
3488.000000
3620.000000
3631.000000
3603.000000
3577.000000
3630.000000
3681.000000
4943.000000
7604.000000
6424.000000
4973.000000
4796.000000
6195.000000
4610.000000
6224.000000
6644.000000
5944.000000
5354.000000
5186.000000
1541.000000
2662.000000
1333.000000
2149.000000
3837.000000
4146.000000
4590.000000
2839.000000
3398.000000
3440.000000
2782.000000
3575.000000
3253.000000
4832.000000
4559.000000
5281.000000
2405.000000
2115.000000
3839.000000
3759.000000
2000.000000
3642.000000
3880.000000
3983.000000
3780.000000
3802.000000
3712.000000
3592.000000
3541.000000
3522.000000
3460.000000
3447.000000
3493.000000
3493.000000
3493.000000
3496.000000
3588.000000
3690.000000
4307.000000
7959.000000
8362.000000
7780.000000
6100.000000
4268.000000
3510.000000
3601.000000
3708.000000
3753.000000
3711.000000
3601.000000
3677.000000
3681.000000
4439.000000
7786.000000
6214.000000
6503.000000
3973.000000
4860.000000
5834.000000
4069.000000
6156.000000
6796.000000
5680.000000
4664.000000
3606.000000
4888.000000
3888.000000
4505.000000
4888.000000
3605.000000
2342.000000
2904.000000
2139.000000
3046.000000
3646.000000
2571.000000
2026.000000
2013.000000
4034.000000
4753.000000
3409.000000
2916.000000
2259.000000
4112.000000
1817.000000
1449.000000
3096.000000
4440.000000
3830.000000
3785.000000
3670.000000
3548.000000
3504.000000
3458.000000
3416.000000
3416.000000
3466.000000
3466.000000
3409.000000
3460.000000
3589.000000
3776.000000
6049.000000
8433.000000
7987.000000
7081.000000
5066.000000
3912.000000
3862.000000
4020.000000
3747.000000
4824.000000
3930.000000
3732.000000
3722.000000
3722.000000
3853.000000
7586.000000
5603.000000
6632.000000
5395.000000
5019.000000
6325.000000
4419.000000
4164.000000
5563.000000
6364.000000
5423.000000
3983.000000
2574.000000
3980.000000
3108.000000
3249.000000
1897.000000
2629.000000
2570.000000
2644.000000
1577.000000
2671.000000
4043.000000
3025.000000
2583.000000
2391.000000
4374.000000
4415.000000
4691.000000
4248.000000
3154.000000
4110.000000
974.000000
2538.000000
3104.000000
4796.000000
3791.000000
3646.000000
3542.000000
3457.000000
3402.000000
3393.000000
3399.000000
3400.000000
3400.000000
3394.000000
3445.000000
3579.000000
3873.000000
7884.000000
8040.000000
7532.000000
5998.000000
4238.000000
3826.000000
6916.000000
6871.000000
4776.000000
5607.000000
4128.000000
3922.000000
3759.000000
3759.000000
3768.000000
7512.000000
6223.000000
6096.000000
5703.000000
6136.000000
6654.000000
6018.000000
4713.000000
4193.000000
5119.000000
5659.000000
2993.000000
1906.000000
1715.000000
1396.000000
954.000000
2316.000000
2111.000000
2370.000000
2740.000000
2736.000000
1475.000000
1653.000000
3571.000000
4635.000000
4968.000000
3823.000000
2604.000000
2504.000000
3603.000000
4972.000000
4546.000000
4321.000000
982.000000
3377.000000
3892.000000
4044.000000
3657.000000
3483.000000
3479.000000
3378.000000
3336.000000
3348.000000
3344.000000
3344.000000
3344.000000
3395.000000
3533.000000
5135.000000
8459.000000
7444.000000
7152.000000
5100.000000
3835.000000
3762.000000
8432.000000
8000.000000
7225.000000
6208.000000
4559.000000
3950.000000
3813.000000
3792.000000
3868.000000
7121.000000
6014.000000
7088.000000
3994.000000
5769.000000
5981.000000
6568.000000
6088.000000
5814.000000
5770.000000
5103.000000
3814.000000
2030.000000
2084.000000
2240.000000
1081.000000
1067.000000
2347.000000
2415.000000
2703.000000
2877.000000
2855.000000
1841.000000
1651.000000
3433.000000
4642.000000
3081.000000
2292.000000
1875.000000
1533.000000
1731.000000
2564.000000
4075.000000
4107.000000
1144.000000
3692.000000
4406.000000
3780.000000
3519.000000
3450.000000
3358.000000
3369.000000
3287.000000
3315.000000
3308.000000
3326.000000
3380.000000
3710.000000
7438.000000
7794.000000
6494.000000
6239.000000
4371.000000
3747.000000
3708.000000
7944.000000
8578.000000
7590.000000
7124.000000
6234.000000
4331.000000
3977.000000
3860.000000
3921.000000
5172.000000
6243.000000
7399.000000
4429.000000
6808.000000
3686.000000
6120.000000
6267.000000
6152.000000
6300.000000
6099.000000
4452.000000
3017.000000
3193.000000
3274.000000
3165.000000
1700.000000
1434.000000
2870.000000
3226.000000
3651.000000
4333.000000
4015.000000
4153.000000
3842.000000
3391.000000
3207.000000
2865.000000
2017.000000
1571.000000
1457.000000
1357.000000
1403.000000
4063.000000
3228.000000
1561.000000
3914.000000
4114.000000
3518.000000
3379.000000
3332.000000
3307.000000
3311.000000
3245.000000
3186.000000
3193.000000
3418.000000
5306.000000
8513.000000
6962.000000
5290.000000
5328.000000
3916.000000
3723.000000
3635.000000
7162.000000
7858.000000
6469.000000
7357.000000
7087.000000
5271.000000
4206.000000
4025.000000
3965.000000
4066.000000
6372.000000
6728.000000
5103.000000
6913.000000
6000.000000
4290.000000
6390.000000
6367.000000
5836.000000
5640.000000
6437.000000
3498.000000
3040.000000
3382.000000
3641.000000
4105.000000
3584.000000
3887.000000
4189.000000
5346.000000
5447.000000
4825.000000
4226.000000
4037.000000
2168.000000
2062.000000
3106.000000
3375.000000
2336.000000
1699.000000
1465.000000
1281.000000
1875.000000
4422.000000
2452.000000
1492.000000
4381.000000
3932.000000
3413.000000
3336.000000
3302.000000
3297.000000
3253.000000
3171.000000
3176.000000
3363.000000
7557.000000
8430.000000
7266.000000
5381.000000
4389.000000
3740.000000
3605.000000
3632.000000
7209.000000
8132.000000
7564.000000
7826.000000
7895.000000
6554.000000
4588.000000
4177.000000
4133.000000
4139.000000
6548.000000
6220.000000
6360.000000
6362.000000
6518.000000
5983.000000
5220.000000
5321.000000
6081.000000
5458.000000
5707.000000
5108.000000
3870.000000
2585.000000
2164.000000
2348.000000
3006.000000
3779.000000
2664.000000
3198.000000
2929.000000
2908.000000
2350.000000
2373.000000
2296.000000
1694.000000
1760.000000
2609.000000
3313.000000
3254.000000
2698.000000
2053.000000
1474.000000
2438.000000
4777.000000
1438.000000
2514.000000
3651.000000
3751.000000
3383.000000
3281.000000
3247.000000
3254.000000
3096.000000
3077.000000
4519.000000
8418.000000
8305.000000
7232.000000
5243.000000
3779.000000
3644.000000
3558.000000
3558.000000
7675.000000
8112.000000
8606.000000
8414.000000
8308.000000
8386.000000
6285.000000
4284.000000
4226.000000
4119.000000
4535.000000
6391.000000
6829.000000
5592.000000
6692.000000
6452.000000
5235.000000
5390.000000
5466.000000
5415.000000
6186.000000
5732.000000
5321.000000
4699.000000
3765.000000
2741.000000
3113.000000
2660.000000
1785.000000
1647.000000
2190.000000
2277.000000
2305.000000
2324.000000
2434.000000
2477.000000
2040.000000
1914.000000
2141.000000
2659.000000
3398.000000
4170.000000
3720.000000
2317.000000
3069.000000
4286.000000
1701.000000
3194.000000
3376.000000
3499.000000
3277.000000
3244.000000
3210.000000
3061.000000
3301.000000
7118.000000
8346.000000
7625.000000
6539.000000
4320.000000
3665.000000
3528.000000
3506.000000
3526.000000
7643.000000
7893.000000
8063.000000
8473.000000
7875.000000
8443.000000
8774.000000
6056.000000
4429.000000
4246.000000
4181.000000
5493.000000
6106.000000
5603.000000
6205.000000
6006.000000
6348.000000
6403.000000
4834.000000
5451.000000
5918.000000
6278.000000
5778.000000
5594.000000
5353.000000
4717.000000
3406.000000
2693.000000
2740.000000
1830.000000
1775.000000
2100.000000
2581.000000
2868.000000
2630.000000
2862.000000
3291.000000
2841.000000
2336.000000
2125.000000
1948.000000
2552.000000
4099.000000
4788.000000
3542.000000
3303.000000
3616.000000
2812.000000
3175.000000
3301.000000
3435.000000
3210.000000
3129.000000
3288.000000
5380.000000
8562.000000
8432.000000
7423.000000
5508.000000
3659.000000
3492.000000
3512.000000
3492.000000
3511.000000
7010.000000
7701.000000
8086.000000
8243.000000
8479.000000
7492.000000
8785.000000
8639.000000
6216.000000
4539.000000
4257.000000
4327.000000
5390.000000
5691.000000
5327.000000
5306.000000
6283.000000
6464.000000
6355.000000
4876.000000
5172.000000
6192.000000
5440.000000
5390.000000
5866.000000
5774.000000
5388.000000
3741.000000
3144.000000
2229.000000
2007.000000
2122.000000
2154.000000
2712.000000
2987.000000
3518.000000
3693.000000
3826.000000
4140.000000
3447.000000
2514.000000
2007.000000
2088.000000
2682.000000
2413.000000
3675.000000
3622.000000
2709.000000
2992.000000
3302.000000
3300.000000
3286.000000
3076.000000
4214.000000
7758.000000
8620.000000
8049.000000
6638.000000
4254.000000
3462.000000
3434.000000
3455.000000
3449.000000
3460.000000
7083.000000
7468.000000
7222.000000
7871.000000
7931.000000
7799.000000
8223.000000
7959.000000
7699.000000
6957.000000
4727.000000
4391.000000
4387.000000
5691.000000
5322.000000
5628.000000
5784.000000
5695.000000
6170.000000
5957.000000
5055.000000
5082.000000
5839.000000
4592.000000
4801.000000
5537.000000
5734.000000
5237.000000
4287.000000
2890.000000
1892.000000
1367.000000
1779.000000
2367.000000
2712.000000
2564.000000
2912.000000
3910.000000
4275.000000
4803.000000
5033.000000
3669.000000
1998.000000
1861.000000
2297.000000
2029.000000
3442.000000
2957.000000
2074.000000
2892.000000
3461.000000
3523.000000
3072.000000
5452.000000
8410.000000
8372.000000
7452.000000
5264.000000
3553.000000
3323.000000
3382.000000
3404.000000
3428.000000
3439.000000
6991.000000
7263.000000
7431.000000
7457.000000
7951.000000
7928.000000
8297.000000
8277.000000
8243.000000
8628.000000
7560.000000
5098.000000
4566.000000
5193.000000
5398.000000
5588.000000
5478.000000
5676.000000
5620.000000
5883.000000
5759.000000
5184.000000
5884.000000
5607.000000
4734.000000
4556.000000
5111.000000
5647.000000
4964.000000
3985.000000
2504.000000
1986.000000
1258.000000
1228.000000
1783.000000
2623.000000
3471.000000
2803.000000
2817.000000
2989.000000
3929.000000
4823.000000
4207.000000
2401.000000
1946.000000
2167.000000
3494.000000
1320.000000
1338.000000
798.000000
2882.000000
3467.000000
4180.000000
8109.000000
8629.000000
7712.000000
6749.000000
3913.000000
3254.000000
3212.000000
3321.000000
3348.000000
3368.000000
3395.000000
6916.000000
7462.000000
7542.000000
7525.000000
7274.000000
7394.000000
8236.000000
7929.000000
8395.000000
8695.000000
8131.000000
6659.000000
5444.000000
4514.000000
5421.000000
5290.000000
5307.000000
5435.000000
5831.000000
5496.000000
4984.000000
5837.000000
5592.000000
5813.000000
6186.000000
4925.000000
4060.000000
4426.000000
5520.000000
4856.000000
2404.000000
2534.000000
2307.000000
1975.000000
2111.000000
1838.000000
2126.000000
2599.000000
3384.000000
3104.000000
2768.000000
2455.000000
3804.000000
4181.000000
3708.000000
3731.000000
2527.000000
1392.000000
1450.000000
498.000000
450.000000
2675.000000
5187.000000
8297.000000
8245.000000
7261.000000
5047.000000
3260.000000
3195.000000
3212.000000
3214.000000
3273.000000
3295.000000
3414.000000
6414.000000
7168.000000
6940.000000
6767.000000
6646.000000
7038.000000
7479.000000
8016.000000
8198.000000
8290.000000
6986.000000
6740.000000
6286.000000
5965.000000
4726.000000
5117.000000
4915.000000
5245.000000
5635.000000
5592.000000
5649.000000
4603.000000
5089.000000
5288.000000
5083.000000
6067.000000
5338.000000
3935.000000
4831.000000
5068.000000
4023.000000
2944.000000
3178.000000
2825.000000
2614.000000
2659.000000
3089.000000
3137.000000
3070.000000
3306.000000
4441.000000
4255.000000
3655.000000
3640.000000
3838.000000
4561.000000
3579.000000
1576.000000
1549.000000
1070.000000
237.000000
444.000000
4071.000000
7272.000000
7690.000000
6717.000000
3730.000000
3092.000000
3144.000000
3153.000000
3072.000000
3192.000000
3259.000000
3360.000000
5729.000000
6022.000000
6528.000000
6492.000000
6937.000000
7568.000000
6990.000000
7660.000000
8047.000000
7827.000000
7288.000000
7557.000000
7624.000000
7472.000000
5783.000000
4771.000000
4787.000000
4696.000000
4987.000000
5434.000000
5566.000000
5672.000000
5570.000000
4976.000000
5249.000000
4786.000000
5844.000000
5210.000000
4031.000000
5005.000000
4512.000000
3347.000000
3551.000000
3254.000000
3167.000000
3175.000000
3742.000000
3961.000000
4407.000000
4643.000000
5076.000000
5384.000000
5383.000000
5046.000000
4532.000000
3712.000000
3043.000000
2705.000000
2772.000000
1299.000000
610.000000
325.000000
1117.000000
3885.000000
6443.000000
4698.000000
3697.000000
2924.000000
3056.000000
3037.000000
3043.000000
3113.000000
3240.000000
3309.000000
5467.000000
5557.000000
5944.000000
6215.000000
6090.000000
6527.000000
7292.000000
7668.000000
7437.000000
7308.000000
7175.000000
7566.000000
7718.000000
8042.000000
7957.000000
5780.000000
4408.000000
4688.000000
4514.000000
5048.000000
5089.000000
5241.000000
5503.000000
5778.000000
5235.000000
3993.000000
4875.000000
5444.000000
3622.000000
4156.000000
4433.000000
3567.000000
3601.000000
3627.000000
3708.000000
3492.000000
4118.000000
4719.000000
5040.000000
5273.000000
5240.000000
5333.000000
5399.000000
5597.000000
5286.000000
5067.000000
4220.000000
2802.000000
1659.000000
1869.000000
1552.000000
1483.000000
1673.000000
3781.000000
3826.000000
4008.000000
3717.000000
2811.000000
2968.000000
2968.000000
2967.000000
3068.000000
3151.000000
3207.000000
5113.000000
5001.000000
5586.000000
6191.000000
6097.000000
5672.000000
6436.000000
7996.000000
7774.000000
7291.000000
7442.000000
7660.000000
7745.000000
8073.000000
8127.000000
7956.000000
4867.000000
3833.000000
4654.000000
4871.000000
4831.000000
4643.000000
4913.000000
5192.000000
5384.000000
4624.000000
4514.000000
4263.000000
4705.000000
3228.000000
4717.000000
3545.000000
3668.000000
3497.000000
3834.000000
3899.000000
4173.000000
4664.000000
5098.000000
5111.000000
4674.000000
4504.000000
4483.000000
4739.000000
4876.000000
4993.000000
5107.000000
5203.000000
4506.000000
3335.000000
2134.000000
2619.000000
3762.000000
4217.000000
3973.000000
3562.000000
3710.000000
3597.000000
3069.000000
2857.000000
2835.000000
3006.000000
3142.000000
3122.000000
4196.000000
5656.000000
5091.000000
5404.000000
5346.000000
6513.000000
6099.000000
6345.000000
7474.000000
7370.000000
7401.000000
7604.000000
8110.000000
7656.000000
7813.000000
6898.000000
7286.000000
3050.000000
4501.000000
4632.000000
4237.000000
4307.000000
4489.000000
4611.000000
5067.000000
5213.000000
5023.000000
4900.000000
5088.000000
4621.000000
4255.000000
3774.000000
3758.000000
3620.000000
4006.000000
4371.000000
4251.000000
4407.000000
4597.000000
4539.000000
4129.000000
4031.000000
3854.000000
3743.000000
3680.000000
3653.000000
3632.000000
3665.000000
3779.000000
4150.000000
5764.000000
3195.000000
2970.000000
3543.000000
4044.000000
3701.000000
3090.000000
2661.000000
3696.000000
3241.000000
2790.000000
2913.000000
3082.000000
3095.000000
4113.000000
5340.000000
5393.000000
6209.000000
5683.000000
5721.000000
6651.000000
5379.000000
7174.000000
7355.000000
7278.000000
7757.000000
8049.000000
7873.000000
7650.000000
7213.000000
6652.000000
5067.000000
3133.000000
4214.000000
3110.000000
4679.000000
4554.000000
4706.000000
4281.000000
4810.000000
4921.000000
4418.000000
4794.000000
5158.000000
4815.000000
3729.000000
4317.000000
3619.000000
4469.000000
4352.000000
4379.000000
4318.000000
4252.000000
4230.000000
4128.000000
4016.000000
3855.000000
3738.000000
3642.000000
3531.000000
3363.000000
3253.000000
3176.000000
4292.000000
8681.000000
7171.000000
4561.000000
2771.000000
3550.000000
4042.000000
4489.000000
3418.000000
2467.000000
3407.000000
3403.000000
2936.000000
3085.000000
3145.000000
3604.000000
4236.000000
5012.000000
6441.000000
6121.000000
5589.000000
6375.000000
5176.000000
6298.000000
7587.000000
7274.000000
7201.000000
7633.000000
7464.000000
7587.000000
5422.000000
2452.000000
2362.000000
1287.000000
1443.000000
1711.000000
2271.000000
4717.000000
4720.000000
4581.000000
4567.000000
4250.000000
4125.000000
3577.000000
2721.000000
4345.000000
4632.000000
5033.000000
4657.000000
4523.000000
4374.000000
4324.000000
4307.000000
4293.000000
4246.000000
4206.000000
4086.000000
3922.000000
3781.000000
3631.000000
3506.000000
3352.000000
3210.000000
3029.000000
7111.000000
8446.000000
7706.000000
6131.000000
4892.000000
3727.000000
2721.000000
4007.000000
4296.000000
4180.000000
2563.000000
2741.000000
3496.000000
3140.000000
3223.000000
3816.000000
3563.000000
4278.000000
4712.000000
5597.000000
5933.000000
6703.000000
5811.000000
4811.000000
6511.000000
7958.000000
6859.000000
7025.000000
7310.000000
7196.000000
3177.000000
2597.000000
3938.000000
2848.000000
1400.000000
864.000000
1021.000000
4437.000000
4763.000000
4501.000000
4648.000000
4803.000000
4308.000000
1787.000000
1342.000000
4624.000000
5035.000000
5344.000000
5078.000000
4509.000000
4413.000000
4440.000000
4389.000000
4296.000000
4245.000000
4188.000000
4081.000000
3922.000000
3830.000000
3646.000000
3463.000000
3354.000000
3238.000000
3668.000000
8393.000000
8184.000000
6986.000000
5481.000000
2752.000000
3521.000000
4568.000000
3145.000000
3322.000000
4065.000000
4414.000000
3248.000000
2384.000000
2925.000000
3189.000000
3999.000000
3824.000000
3661.000000
4655.000000
4594.000000
5628.000000
5338.000000
5144.000000
5941.000000
5327.000000
6743.000000
6914.000000
6920.000000
7541.000000
3675.000000
3646.000000
5636.000000
6685.000000
2620.000000
1835.000000
2553.000000
2221.000000
2744.000000
4766.000000
4619.000000
4603.000000
4768.000000
3148.000000
1266.000000
4091.000000
5260.000000
5569.000000
5203.000000
4509.000000
4503.000000
4423.000000
4440.000000
4389.000000
4308.000000
4254.000000
4185.000000
4089.000000
3924.000000
3838.000000
3650.000000
3481.000000
3400.000000
3199.000000
6508.000000
8211.000000
7587.000000
6281.000000
4129.000000
2586.000000
2556.000000
2789.000000
4256.000000
3966.000000
2822.000000
3766.000000
3821.000000
3867.000000
2235.000000
2511.000000
4087.000000
4152.000000
3926.000000
3992.000000
4769.000000
4017.000000
5164.000000
4595.000000
6226.000000
5296.000000
5181.000000
6431.000000
6474.000000
5622.000000
1757.000000
5483.000000
6909.000000
5326.000000
2752.000000
5167.000000
5668.000000
4317.000000
2836.000000
3106.000000
4678.000000
4347.000000
3735.000000
2204.000000
3031.000000
5027.000000
5159.000000
5123.000000
4623.000000
4520.000000
4502.000000
4502.000000
4455.000000
4413.000000
4374.000000
4296.000000
4167.000000
4149.000000
3939.000000
3848.000000
3688.000000
3525.000000
3434.000000
3506.000000
8220.000000
7553.000000
6758.000000
5529.000000
2912.000000
2661.000000
2504.000000
2551.000000
2721.000000
3338.000000
4641.000000
3777.000000
3306.000000
3328.000000
3728.000000
2715.000000
4090.000000
4123.000000
4151.000000
3845.000000
4257.000000
4148.000000
4532.000000
4977.000000
5848.000000
5744.000000
5409.000000
5837.000000
6550.000000
3761.000000
3417.000000
6838.000000
7233.000000
1989.000000
4770.000000
6518.000000
6216.000000
5127.000000
2364.000000
2608.000000
2865.000000
2446.000000
2716.000000
2115.000000
4721.000000
4800.000000
4649.000000
4648.000000
4579.000000
4575.000000
4558.000000
4549.000000
4504.000000
4452.000000
4386.000000
4302.000000
4189.000000
4159.000000
3998.000000
3898.000000
3767.000000
3580.000000
3476.000000
5611.000000
7931.000000
7031.000000
5928.000000
4118.000000
2754.000000
2651.000000
2612.000000
2628.000000
2669.000000
2771.000000
2885.000000
4032.000000
4677.000000
3407.000000
2973.000000
2983.000000
4042.000000
4084.000000
4069.000000
4114.000000
3980.000000
4204.000000
4558.000000
5231.000000
5559.000000
5894.000000
6287.000000
6051.000000
4879.000000
5896.000000
5037.000000
7026.000000
7093.000000
2634.000000
5786.000000
6717.000000
6451.000000
6007.000000
2308.000000
2486.000000
2538.000000
2574.000000
2097.000000
4110.000000
4732.000000
4701.000000
4635.000000
4635.000000
4642.000000
4594.000000
4600.000000
4558.000000
4528.000000
4486.000000
4475.000000
4375.000000
4322.000000
4220.000000
4085.000000
3960.000000
3848.000000
3669.000000
3592.000000
7720.000000
7558.000000
6622.000000
5096.000000
3179.000000
2756.000000
2716.000000
2684.000000
2681.000000
2688.000000
2745.000000
2828.000000
2950.000000
3344.000000
4625.000000
3746.000000
2510.000000
3981.000000
4033.000000
4057.000000
4109.000000
4126.000000
4098.000000
3824.000000
4880.000000
5215.000000
5624.000000
5938.000000
6389.000000
4878.000000
5377.000000
5576.000000
7095.000000
7073.000000
6392.000000
6610.000000
6891.000000
6900.000000
6655.000000
3838.000000
2451.000000
2175.000000
1854.000000
1290.000000
4588.000000
4639.000000
4683.000000
4698.000000
4698.000000
4701.000000
4654.000000
4661.000000
4609.000000
4595.000000
4543.000000
4572.000000
4487.000000
4383.000000
4283.000000
4148.000000
4015.000000
3856.000000
3801.000000
4759.000000
7851.000000
6910.000000
5973.000000
3920.000000
2952.000000
2826.000000
2774.000000
2756.000000
2747.000000
2712.000000
2772.000000
2879.000000
2959.000000
3081.000000
3173.000000
4078.000000
3969.000000
3898.000000
3940.000000
3970.000000
4012.000000
4061.000000
4083.000000
4030.000000
3598.000000
4855.000000
5075.000000
5755.000000
6429.000000
5677.000000
5810.000000
6121.000000
6541.000000
6403.000000
7050.000000
6648.000000
7255.000000
6892.000000
5017.000000
2648.000000
1798.000000
1671.000000
2152.000000
1378.000000
3012.000000
4583.000000
4750.000000
4779.000000
4779.000000
4742.000000
4742.000000
4759.000000
4706.000000
4655.000000
4604.000000
4583.000000
4532.000000
4439.000000
4344.000000
4186.000000
4030.000000
3875.000000
3877.000000
5589.000000
6885.000000
6162.000000
5235.000000
2729.000000
3052.000000
2926.000000
2881.000000
2851.000000
2809.000000
2784.000000
2793.000000
2906.000000
3011.000000
3130.000000
3191.000000
3270.000000
3534.000000
3851.000000
3894.000000
3921.000000
3966.000000
3966.000000
4021.000000
4138.000000
4100.000000
3588.000000
4171.000000
4542.000000
5963.000000
6291.000000
6237.000000
6184.000000
6318.000000
6290.000000
6393.000000
6517.000000
6566.000000
4964.000000
2504.000000
2893.000000
2021.000000
4342.000000
6149.000000
6088.000000
2866.000000
2814.000000
4760.000000
4838.000000
4847.000000
4815.000000
4808.000000
4797.000000
4737.000000
4670.000000
4613.000000
4601.000000
4553.000000
4452.000000
4362.000000
4202.000000
4044.000000
3879.000000
4976.000000
6561.000000
6268.000000
5965.000000
4205.000000
3159.000000
3048.000000
2997.000000
2950.000000
2912.000000
2869.000000
2810.000000
2812.000000
2922.000000
3019.000000
3130.000000
3193.000000
3298.000000
3365.000000
3834.000000
3838.000000
3898.000000
3910.000000
3927.000000
3974.000000
4018.000000
4058.000000
4058.000000
3202.000000
3082.000000
4244.000000
5842.000000
4797.000000
6093.000000
6650.000000
6250.000000
6233.000000
5501.000000
5952.000000
2434.000000
2032.000000
2159.000000
4973.000000
6227.000000
7588.000000
7788.000000
7208.000000
3996.000000
2936.000000
4879.000000
4886.000000
4869.000000
4817.000000
4832.000000
4688.000000
4669.000000
4580.000000
4563.000000
4517.000000
4413.000000
4311.000000
4211.000000
4074.000000
3967.000000
7209.000000
7063.000000
5995.000000
5503.000000
3602.000000
3188.000000
3077.000000
3042.000000
2995.000000
2934.000000
2934.000000
2897.000000
2873.000000
2959.000000
3045.000000
3159.000000
3264.000000
3377.000000
3377.000000
3767.000000
3784.000000
3841.000000
3853.000000
3836.000000
3870.000000
3957.000000
4018.000000
4105.000000
3988.000000
3453.000000
3318.000000
4536.000000
4933.000000
5278.000000
6387.000000
6094.000000
6067.000000
4803.000000
2611.000000
3563.000000
2225.000000
5392.000000
6466.000000
6621.000000
6977.000000
7815.000000
7643.000000
7275.000000
4939.000000
4795.000000
4794.000000
4815.000000
4781.000000
4811.000000
4691.000000
4627.000000
4538.000000
4530.000000
4479.000000
4355.000000
4270.000000
4174.000000
4107.000000
5450.000000
7151.000000
6549.000000
5736.000000
4786.000000
3394.000000
3189.000000
3086.000000
3052.000000
3001.000000
2951.000000
2951.000000
2963.000000
2945.000000
3019.000000
3091.000000
3210.000000
3303.000000
3422.000000
3431.000000
3675.000000
3733.000000
3767.000000
3779.000000
3779.000000
3779.000000
3855.000000
3955.000000
4008.000000
3971.000000
3903.000000
3349.000000
3491.000000
4740.000000
5211.000000
5736.000000
5726.000000
3998.000000
1864.000000
2510.000000
4942.000000
5947.000000
6583.000000
5584.000000
6765.000000
6432.000000
7258.000000
7156.000000
7874.000000
7451.000000
5999.000000
4738.000000
4727.000000
4735.000000
4642.000000
4642.000000
4612.000000
4565.000000
4487.000000
4436.000000
4326.000000
4278.000000
4187.000000
4288.000000
6809.000000
6893.000000
6422.000000
5474.000000
3919.000000
3372.000000
3202.000000
3124.000000
3082.000000
3031.000000
2938.000000
2938.000000
3010.000000
2967.000000
3041.000000
3119.000000
3237.000000
3336.000000
3398.000000
3449.000000
