5103.000000
4711.000000
4211.000000
3561.000000
6375.000000
5679.000000
6238.000000
4702.000000
3869.000000
5163.000000
4152.000000
4149.000000
4859.000000
3384.000000
2724.000000
2460.000000
3759.000000
3925.000000
4197.000000
3694.000000
6115.000000
4981.000000
6003.000000
6582.000000
3717.000000
6348.000000
7199.000000
6661.000000
6135.000000
5935.000000
7028.000000
6260.000000
6233.000000
4927.000000
5622.000000
4523.000000
5064.000000
4617.000000
4272.000000
7074.000000
6799.000000
7051.000000
5764.000000
4106.000000
4093.000000
6121.000000
5163.000000
5534.000000
5077.000000
3824.000000
3668.000000
3525.000000
4662.000000
4867.000000
4823.000000
4233.000000
5344.000000
4955.000000
8498.000000
6801.000000
6202.000000
6925.000000
7626.000000
6573.000000
7183.000000
5409.000000
6483.000000
6422.000000
6204.000000
4193.000000
5318.000000
4486.000000
4642.000000
5142.000000
5618.000000
7249.000000
5259.000000
6016.000000
6378.000000
4147.000000
4519.000000
4156.000000
3382.000000
4808.000000
4316.000000
6349.000000
6751.000000
7846.000000
7178.000000
8394.000000
8151.000000
7771.000000
5759.000000
6461.000000
7217.000000
3468.000000
6527.000000
7550.000000
7162.000000
6378.000000
7849.000000
5669.000000
6371.000000
6882.000000
5314.000000
3675.000000
4749.000000
4386.000000
5100.000000
5314.000000
6467.000000
5798.000000
5831.000000
6292.000000
7223.000000
5384.000000
4456.000000
3971.000000
4428.000000
6877.000000
6259.000000
9308.000000
8926.000000
9510.000000
9313.000000
10375.000000
10258.000000
10326.000000
9962.000000
9670.000000
5938.000000
3783.000000
9971.000000
12334.000000
9896.000000
7668.000000
5630.000000
7552.000000
7463.000000
6108.000000
5252.000000
4518.000000
5095.000000
4334.000000
6817.000000
5284.000000
6229.000000
7472.000000
7268.000000
6229.000000
7314.000000
6682.000000
6340.000000
3719.000000
6529.000000
7658.000000
7167.000000
9226.000000
7424.000000
9422.000000
8554.000000
9020.000000
9295.000000
10680.000000
9502.000000
10727.000000
9284.000000
9038.000000
11874.000000
9434.000000
10432.000000
8831.000000
5772.000000
7787.000000
7478.000000
5644.000000
7121.000000
5187.000000
5334.000000
4970.000000
6662.000000
5810.000000
4746.000000
6243.000000
5898.000000
7057.000000
9663.000000
11368.000000
9910.000000
6685.000000
7312.000000
10569.000000
9529.000000
8458.000000
8788.000000
6593.000000
7390.000000
5931.000000
7817.000000
8850.000000
9121.000000
8844.000000
9478.000000
9447.000000
6448.000000
8062.000000
9127.000000
7252.000000
5720.000000
6920.000000
6398.000000
6295.000000
6492.000000
5404.000000
4890.000000
5207.000000
7482.000000
5296.000000
4821.000000
6288.000000
5900.000000
6590.000000
9950.000000
12271.000000
9154.000000
5456.000000
7756.000000
8132.000000
9622.000000
7526.000000
6915.000000
9534.000000
7855.000000
6036.000000
6241.000000
8568.000000
7082.000000
6422.000000
7230.000000
8814.000000
7667.000000
6582.000000
8063.000000
6591.000000
4253.000000
4646.000000
6048.000000
6984.000000
7317.000000
5868.000000
4744.000000
4148.000000
4883.000000
5707.000000
5270.000000
6652.000000
6120.000000
6252.000000
7857.000000
12230.000000
10199.000000
8220.000000
7894.000000
9047.000000
7667.000000
9770.000000
7595.000000
7791.000000
9484.000000
5237.000000
7307.000000
6667.000000
5459.000000
7527.000000
7301.000000
5909.000000
4726.000000
6347.000000
7712.000000
6798.000000
5696.000000
6847.000000
6693.000000
7788.000000
6607.000000
6719.000000
5537.000000
3887.000000
5677.000000
6120.000000
6137.000000
5585.000000
6606.000000
5478.000000
6824.000000
11092.000000
11464.000000
8094.000000
7150.000000
8975.000000
7737.000000
9129.000000
9079.000000
9236.000000
8962.000000
6535.000000
6545.000000
6443.000000
6528.000000
6597.000000
6460.000000
6425.000000
6222.000000
6221.000000
6153.000000
5336.000000
7306.000000
6855.000000
7270.000000
7140.000000
6115.000000
6655.000000
6177.000000
5017.000000
4636.000000
5989.000000
5764.000000
4325.000000
5697.000000
4937.000000
5252.000000
9532.000000
10535.000000
9055.000000
8173.000000
8263.000000
10191.000000
9582.000000
7182.000000
10282.000000
8706.000000
4373.000000
8327.000000
8088.000000
4530.000000
7399.000000
7497.000000
7390.000000
5974.000000
5194.000000
6141.000000
4314.000000
7410.000000
6387.000000
6552.000000
5976.000000
6277.000000
7678.000000
6044.000000
5981.000000
5346.000000
4908.000000
4251.000000
5454.000000
3939.000000
4736.000000
5235.000000
6152.000000
11302.000000
9177.000000
8646.000000
10426.000000
10061.000000
8718.000000
6080.000000
9107.000000
7674.000000
4793.000000
6547.000000
7511.000000
5011.000000
5781.000000
7056.000000
7379.000000
5985.000000
5931.000000
5971.000000
5498.000000
7196.000000
6638.000000
5473.000000
6014.000000
8274.000000
7048.000000
6248.000000
4519.000000
5066.000000
3555.000000
3675.000000
5799.000000
5869.000000
6574.000000
6289.000000
7672.000000
9071.000000
9262.000000
10409.000000
11071.000000
11233.000000
8518.000000
7390.000000
8978.000000
7036.000000
3775.000000
6487.000000
7413.000000
5180.000000
6834.000000
7228.000000
6871.000000
5149.000000
6653.000000
5551.000000
6190.000000
6283.000000
6974.000000
7273.000000
7422.000000
9551.000000
7577.000000
5865.000000
6120.000000
4893.000000
2743.000000
5021.000000
2677.000000
4674.000000
7578.000000
6041.000000
6020.000000
7093.000000
10261.000000
11735.000000
11056.000000
10998.000000
9107.000000
7676.000000
7406.000000
5797.000000
3759.000000
4785.000000
4294.000000
3735.000000
4260.000000
6709.000000
6174.000000
6601.000000
6256.000000
7418.000000
6503.000000
7044.000000
9725.000000
11330.000000
10756.000000
7734.000000
5638.000000
5816.000000
6324.000000
5206.000000
4983.000000
5297.000000
4369.000000
4495.000000
7370.000000
6823.000000
6645.000000
7028.000000
10529.000000
11624.000000
10673.000000
3565.000000
2893.000000
1905.000000
5692.000000
5376.000000
4053.000000
4740.000000
2683.000000
1088.000000
2189.000000
1803.000000
4489.000000
7023.000000
5546.000000
5257.000000
7476.000000
5789.000000
6988.000000
7662.000000
6612.000000
5587.000000
4231.000000
6047.000000
6041.000000
5340.000000
5857.000000
7606.000000
7661.000000
6369.000000
6776.000000
5531.000000
5474.000000
9456.000000
11475.000000
11795.000000
9453.000000
8448.000000
2178.000000
2241.000000
6539.000000
7941.000000
5694.000000
5612.000000
3532.000000
1689.000000
2082.000000
5272.000000
3247.000000
6366.000000
5772.000000
5039.000000
7396.000000
5137.000000
4487.000000
5762.000000
5468.000000
4689.000000
5246.000000
5290.000000
6627.000000
5103.000000
7457.000000
8084.000000
7976.000000
7568.000000
6551.000000
6600.000000
5479.000000
10671.000000
11885.000000
9752.000000
7881.000000
7633.000000
8302.000000
9456.000000
7637.000000
8357.000000
5364.000000
5213.000000
4264.000000
6953.000000
7191.000000
4982.000000
3064.000000
4643.000000
5758.000000
5931.000000
6981.000000
5613.000000
3918.000000
7107.000000
4945.000000
3459.000000
6164.000000
5819.000000
6932.000000
6023.000000
7550.000000
8011.000000
7104.000000
6301.000000
5731.000000
5502.000000
7552.000000
12063.000000
11405.000000
5025.000000
8274.000000
7783.000000
9649.000000
11292.000000
6617.000000
8371.000000
6177.000000
5458.000000
4306.000000
6769.000000
7105.000000
5919.000000
3873.000000
1893.000000
4748.000000
5781.000000
7249.000000
2815.000000
3458.000000
5365.000000
5531.000000
5201.000000
5797.000000
6591.000000
5907.000000
7109.000000
7119.000000
6228.000000
6947.000000
5491.000000
5545.000000
5793.000000
9094.000000
11388.000000
10256.000000
9164.000000
9671.000000
8992.000000
9234.000000
10254.000000
8690.000000
8714.000000
8313.000000
5665.000000
5532.000000
4811.000000
5585.000000
4203.000000
4069.000000
4062.000000
3290.000000
7179.000000
8531.000000
6908.000000
6803.000000
5496.000000
6841.000000
6229.000000
6906.000000
7352.000000
6922.000000
6255.000000
6498.000000
5603.000000
5818.000000
6641.000000
6347.000000
5862.000000
11083.000000
11579.000000
6832.000000
9234.000000
8808.000000
10044.000000
10515.000000
9446.000000
9889.000000
9612.000000
8776.000000
7414.000000
6969.000000
5247.000000
5840.000000
5065.000000
4244.000000
4632.000000
3276.000000
6438.000000
8452.000000
8693.000000
9444.000000
7355.000000
8123.000000
8064.000000
7810.000000
7162.000000
8084.000000
6569.000000
6499.000000
6058.000000
5341.000000
5544.000000
7217.000000
8109.000000
10083.000000
12037.000000
9301.000000
9361.000000
8892.000000
9456.000000
11245.000000
11455.000000
11374.000000
10223.000000
8261.000000
5860.000000
6314.000000
7517.000000
5485.000000
4193.000000
3882.000000
3404.000000
3605.000000
6674.000000
7549.000000
7783.000000
7644.000000
8193.000000
7966.000000
6089.000000
8236.000000
7205.000000
7124.000000
7049.000000
5611.000000
5631.000000
4426.000000
6387.000000
6812.000000
6284.000000
11647.000000
12379.000000
11023.000000
5162.000000
8337.000000
11294.000000
9089.000000
11810.000000
7173.000000
2809.000000
1527.000000
1201.000000
4455.000000
7709.000000
3736.000000
4881.000000
3367.000000
2490.000000
3618.000000
6009.000000
7925.000000
7607.000000
6634.000000
6146.000000
7429.000000
7454.000000
7934.000000
7113.000000
6578.000000
7020.000000
5492.000000
5377.000000
5422.000000
7290.000000
7808.000000
10074.000000
10812.000000
11217.000000
9648.000000
9263.000000
7446.000000
10186.000000
10184.000000
12295.000000
11064.000000
2361.000000
1248.000000
767.000000
8102.000000
7658.000000
4102.000000
3805.000000
2671.000000
3467.000000
5086.000000
6029.000000
7019.000000
6859.000000
5621.000000
6140.000000
6108.000000
7107.000000
6526.000000
7350.000000
7067.000000
6395.000000
4970.000000
5729.000000
5624.000000
6849.000000
7012.000000
9372.000000
10441.000000
10161.000000
10546.000000
11646.000000
9279.000000
7420.000000
9878.000000
11829.000000
11282.000000
8928.000000
1024.000000
4639.000000
9841.000000
6993.000000
3402.000000
4552.000000
3658.000000
2143.000000
4237.000000
6258.000000
6319.000000
5553.000000
4839.000000
5231.000000
6822.000000
6832.000000
6324.000000
6712.000000
7566.000000
7052.000000
6196.000000
5531.000000
5801.000000
6505.000000
8213.000000
8910.000000
9031.000000
9181.000000
9714.000000
9145.000000
9603.000000
9060.000000
10354.000000
11820.000000
11364.000000
11095.000000
3068.000000
8519.000000
8824.000000
6962.000000
4137.000000
5530.000000
5603.000000
4243.000000
4783.000000
6017.000000
5420.000000
5179.000000
4996.000000
5636.000000
6683.000000
6845.000000
6464.000000
7433.000000
6868.000000
6167.000000
7637.000000
4226.000000
7059.000000
5565.000000
7546.000000
9681.000000
9199.000000
7353.000000
8722.000000
9266.000000
9533.000000
8914.000000
11304.000000
10165.000000
12262.000000
9248.000000
5479.000000
6397.000000
9264.000000
6743.000000
5169.000000
5224.000000
4219.000000
4473.000000
4952.000000
5087.000000
5250.000000
5036.000000
4286.000000
6391.000000
6258.000000
5964.000000
5960.000000
5704.000000
6335.000000
6524.000000
6250.000000
6363.000000
6641.000000
5661.000000
8594.000000
8594.000000
9313.000000
9745.000000
10476.000000
9616.000000
10054.000000
8558.000000
9412.000000
11418.000000
10063.000000
806.000000
1874.000000
1426.000000
5507.000000
6273.000000
5174.000000
4984.000000
4498.000000
4493.000000
5463.000000
4372.000000
4933.000000
5015.000000
5692.000000
4540.000000
5161.000000
6202.000000
7647.000000
5913.000000
5903.000000
8249.000000
8240.000000
7670.000000
6702.000000
6404.000000
9830.000000
11247.000000
10586.000000
11366.000000
11919.000000
7486.000000
6846.000000
6594.000000
6317.000000
11404.000000
10775.000000
9320.000000
6686.000000
7330.000000
5760.000000
5302.000000
3999.000000
4947.000000
5664.000000
3740.000000
4979.000000
5801.000000
4837.000000
4636.000000
5082.000000
5706.000000
6494.000000
7219.000000
6909.000000
5226.000000
6980.000000
9805.000000
10665.000000
10357.000000
10196.000000
5985.000000
9886.000000
8582.000000
10572.000000
10317.000000
11494.000000
3309.000000
10303.000000
6751.000000
2513.000000
7506.000000
12394.000000
11097.000000
9815.000000
8959.000000
7222.000000
3717.000000
3963.000000
5190.000000
4444.000000
4678.000000
3696.000000
3550.000000
4412.000000
4241.000000
4981.000000
4751.000000
6212.000000
6076.000000
6983.000000
5204.000000
5177.000000
9650.000000
11670.000000
9879.000000
10539.000000
6920.000000
11678.000000
10334.000000
11538.000000
8574.000000
9540.000000
10803.000000
9510.000000
9709.000000
7373.000000
7681.000000
7180.000000
10131.000000
8152.000000
7144.000000
4924.000000
2338.000000
3532.000000
4068.000000
4381.000000
4963.000000
6452.000000
4849.000000
3501.000000
4533.000000
5642.000000
5248.000000
5383.000000
6180.000000
5167.000000
4882.000000
5378.000000
10796.000000
11494.000000
11002.000000
11503.000000
10126.000000
11252.000000
8999.000000
10873.000000
9056.000000
4354.000000
10228.000000
2186.000000
8524.000000
7691.000000
7546.000000
5412.000000
4128.000000
1940.000000
2027.000000
2840.000000
1562.000000
4504.000000
4851.000000
4232.000000
4606.000000
5536.000000
6445.000000
5010.000000
5270.000000
7687.000000
5002.000000
5252.000000
5605.000000
3891.000000
4459.000000
5422.000000
9130.000000
9761.000000
10226.000000
10378.000000
9702.000000
10719.000000
11747.000000
11009.000000
10290.000000
2593.000000
8619.000000
9812.000000
7579.000000
10080.000000
9783.000000
5301.000000
993.000000
4050.000000
4885.000000
3145.000000
5095.000000
5362.000000
2832.000000
5576.000000
5611.000000
5606.000000
4572.000000
4953.000000
6625.000000
5325.000000
4555.000000
4168.000000
4657.000000
5044.000000
3947.000000
4962.000000
9263.000000
9767.000000
10027.000000
6968.000000
9573.000000
10707.000000
11052.000000
9479.000000
10751.000000
10390.000000
10797.000000
9560.000000
9431.000000
3393.000000
10118.000000
3777.000000
6675.000000
3496.000000
4130.000000
4665.000000
4340.000000
6748.000000
5219.000000
6019.000000
5338.000000
4276.000000
3745.000000
3510.000000
5720.000000
4398.000000
3736.000000
3598.000000
3913.000000
3855.000000
4312.000000
4505.000000
9226.000000
9999.000000
9549.000000
5904.000000
10370.000000
9738.000000
8477.000000
11112.000000
11845.000000
10860.000000
8353.000000
7886.000000
3532.000000
10362.000000
9709.000000
8692.000000
6252.000000
2295.000000
6236.000000
7663.000000
3426.000000
5136.000000
6127.000000
7487.000000
5232.000000
4252.000000
4184.000000
4331.000000
4455.000000
5978.000000
2951.000000
3268.000000
4075.000000
7069.000000
8549.000000
4169.000000
8192.000000
6365.000000
8208.000000
9467.000000
8569.000000
7545.000000
7713.000000
10697.000000
11238.000000
8798.000000
8067.000000
6778.000000
10793.000000
11117.000000
6625.000000
5921.000000
10348.000000
7148.000000
8702.000000
8249.000000
3286.000000
4541.000000
6918.000000
3292.000000
6654.000000
5305.000000
4464.000000
4480.000000
4236.000000
4072.000000
3561.000000
3748.000000
3016.000000
4502.000000
5154.000000
3261.000000
9053.000000
7233.000000
5501.000000
9817.000000
7656.000000
6106.000000
7009.000000
10381.000000
8519.000000
7232.000000
9404.000000
10999.000000
10490.000000
8891.000000
9532.000000
7923.000000
10263.000000
7807.000000
6736.000000
8430.000000
8689.000000
8074.000000
5369.000000
2442.000000
6094.000000
6278.000000
3938.000000
3364.000000
3777.000000
3308.000000
2665.000000
3309.000000
3109.000000
2668.000000
3097.000000
3366.000000
9660.000000
8949.000000
5616.000000
9965.000000
9294.000000
8526.000000
9323.000000
10529.000000
8584.000000
8956.000000
7252.000000
9500.000000
9130.000000
2896.000000
7751.000000
9453.000000
10034.000000
9130.000000
3232.000000
4157.000000
4070.000000
6749.000000
5625.000000
7578.000000
6615.000000
6506.000000
6000.000000
3190.000000
3045.000000
2076.000000
2406.000000
3529.000000
3816.000000
2707.000000
2276.000000
2615.000000
9830.000000
9608.000000
9537.000000
8711.000000
7542.000000
8068.000000
8677.000000
10361.000000
11145.000000
8211.000000
8891.000000
8524.000000
9963.000000
5647.000000
7527.000000
11028.000000
4808.000000
8105.000000
9069.000000
8811.000000
8332.000000
9561.000000
2806.000000
5517.000000
7384.000000
6334.000000
5461.000000
2406.000000
1767.000000
2417.000000
2683.000000
3909.000000
2835.000000
2536.000000
3100.000000
2560.000000
