963.000000
869.000000
876.000000
842.000000
822.000000
873.000000
919.000000
863.000000
697.000000
791.000000
830.000000
525.000000
350.000000
401.000000
494.000000
1070.000000
1993.000000
2524.000000
1257.000000
237.000000
283.000000
407.000000
301.000000
481.000000
897.000000
1747.000000
1675.000000
1114.000000
749.000000
866.000000
1061.000000
1234.000000
967.000000
977.000000
810.000000
840.000000
1110.000000
1271.000000
842.000000
494.000000
634.000000
615.000000
263.000000
579.000000
799.000000
935.000000
627.000000
622.000000
772.000000
603.000000
484.000000
442.000000
568.000000
903.000000
969.000000
976.000000
1126.000000
1143.000000
1476.000000
2130.000000
2293.000000
2534.000000
1158.000000
919.000000
802.000000
738.000000
610.000000
688.000000
1080.000000
1407.000000
1478.000000
848.000000
633.000000
644.000000
511.000000
544.000000
474.000000
891.000000
816.000000
1130.000000
1047.000000
1159.000000
1602.000000
2436.000000
2152.000000
1947.000000
985.000000
658.000000
783.000000
608.000000
382.000000
245.000000
453.000000
586.000000
683.000000
730.000000
710.000000
1367.000000
1933.000000
1486.000000
1008.000000
952.000000
804.000000
691.000000
564.000000
476.000000
562.000000
867.000000
786.000000
682.000000
591.000000
684.000000
894.000000
694.000000
579.000000
304.000000
704.000000
1425.000000
1675.000000
892.000000
1126.000000
1503.000000
1482.000000
2109.000000
774.000000
744.000000
636.000000
528.000000
531.000000
626.000000
1183.000000
1756.000000
1658.000000
991.000000
958.000000
533.000000
593.000000
476.000000
445.000000
706.000000
1144.000000
1560.000000
1091.000000
1392.000000
1923.000000
2996.000000
1698.000000
475.000000
394.000000
633.000000
550.000000
315.000000
216.000000
204.000000
388.000000
591.000000
1659.000000
2809.000000
2823.000000
2507.000000
2275.000000
2648.000000
1811.000000
1309.000000
856.000000
1115.000000
1169.000000
824.000000
781.000000
930.000000
1154.000000
1374.000000
1222.000000
1211.000000
1309.000000
1027.000000
1237.000000
708.000000
447.000000
456.000000
748.000000
901.000000
940.000000
1223.000000
1765.000000
2313.000000
754.000000
1079.000000
1360.000000
1195.000000
1296.000000
1960.000000
3293.000000
2998.000000
2312.000000
722.000000
827.000000
1717.000000
2497.000000
2215.000000
744.000000
654.000000
860.000000
1272.000000
1137.000000
1652.000000
1336.000000
1907.000000
1176.000000
945.000000
858.000000
560.000000
313.000000
199.000000
195.000000
366.000000
550.000000
517.000000
574.000000
916.000000
956.000000
832.000000
854.000000
563.000000
544.000000
648.000000
962.000000
1027.000000
744.000000
687.000000
754.000000
773.000000
664.000000
958.000000
1548.000000
2345.000000
2825.000000
3212.000000
3104.000000
1756.000000
341.000000
448.000000
561.000000
910.000000
2131.000000
2570.000000
2272.000000
2033.000000
1503.000000
1611.000000
1782.000000
2277.000000
2675.000000
3253.000000
3028.000000
1966.000000
1683.000000
971.000000
584.000000
970.000000
1132.000000
1224.000000
1453.000000
1181.000000
337.000000
533.000000
924.000000
947.000000
998.000000
1724.000000
1583.000000
1490.000000
996.000000
332.000000
335.000000
441.000000
611.000000
796.000000
555.000000
775.000000
1023.000000
1167.000000
1200.000000
1846.000000
1593.000000
974.000000
1055.000000
1000.000000
914.000000
806.000000
772.000000
540.000000
815.000000
1229.000000
1836.000000
2714.000000
3481.000000
3764.000000
3227.000000
3209.000000
3192.000000
2682.000000
1746.000000
1538.000000
404.000000
729.000000
1216.000000
1239.000000
1057.000000
1542.000000
2612.000000
3190.000000
3187.000000
2997.000000
2458.000000
1437.000000
2297.000000
3322.000000
3015.000000
2797.000000
2677.000000
3031.000000
2939.000000
2484.000000
2262.000000
1678.000000
1392.000000
1784.000000
1661.000000
1508.000000
1145.000000
1225.000000
1471.000000
903.000000
430.000000
411.000000
407.000000
492.000000
432.000000
464.000000
696.000000
1635.000000
3063.000000
3106.000000
1745.000000
1009.000000
1146.000000
643.000000
862.000000
546.000000
522.000000
894.000000
1269.000000
1212.000000
1375.000000
1850.000000
2558.000000
2592.000000
3067.000000
3032.000000
2684.000000
1922.000000
1665.000000
2109.000000
2801.000000
2449.000000
2495.000000
2459.000000
2234.000000
1016.000000
636.000000
839.000000
2755.000000
1351.000000
1037.000000
1469.000000
2045.000000
2114.000000
2259.000000
2115.000000
1681.000000
1757.000000
1783.000000
2738.000000
2805.000000
2896.000000
1776.000000
1657.000000
1230.000000
1512.000000
2000.000000
1670.000000
1257.000000
1521.000000
993.000000
570.000000
867.000000
1119.000000
930.000000
898.000000
805.000000
923.000000
1575.000000
2780.000000
2965.000000
2620.000000
1566.000000
1106.000000
1830.000000
2478.000000
2040.000000
1553.000000
1613.000000
1711.000000
1884.000000
2021.000000
2281.000000
2574.000000
2390.000000
1537.000000
1859.000000
2205.000000
2436.000000
2661.000000
2813.000000
2477.000000
2844.000000
2630.000000
1876.000000
1694.000000
1449.000000
1535.000000
1369.000000
1310.000000
1699.000000
1505.000000
2269.000000
2711.000000
1988.000000
1318.000000
1647.000000
1692.000000
1918.000000
1859.000000
1457.000000
1716.000000
1659.000000
918.000000
1016.000000
1267.000000
2006.000000
2492.000000
2506.000000
1455.000000
1599.000000
1748.000000
1712.000000
1817.000000
1852.000000
876.000000
1470.000000
1755.000000
1224.000000
1122.000000
1980.000000
3399.000000
3153.000000
2777.000000
1746.000000
1420.000000
1321.000000
1075.000000
1003.000000
1260.000000
1733.000000
2088.000000
1920.000000
1756.000000
2504.000000
3321.000000
3686.000000
3304.000000
2661.000000
2627.000000
2932.000000
2966.000000
2839.000000
2866.000000
2880.000000
2887.000000
2336.000000
2018.000000
1407.000000
1445.000000
1306.000000
1461.000000
2291.000000
1413.000000
2058.000000
2656.000000
3477.000000
3209.000000
3299.000000
2784.000000
2201.000000
1797.000000
2033.000000
2460.000000
2588.000000
1714.000000
1475.000000
1569.000000
1946.000000
2289.000000
2775.000000
3123.000000
2886.000000
2741.000000
2689.000000
2913.000000
3039.000000
3081.000000
3517.000000
3608.000000
3527.000000
3892.000000
4344.000000
4568.000000
4907.000000
4663.000000
3259.000000
1694.000000
956.000000
1068.000000
1174.000000
929.000000
965.000000
929.000000
1531.000000
2345.000000
3230.000000
3303.000000
2968.000000
2333.000000
2364.000000
2323.000000
2899.000000
2630.000000
2827.000000
3220.000000
3196.000000
3086.000000
2695.000000
2259.000000
1604.000000
1639.000000
1881.000000
2722.000000
1260.000000
1780.000000
2222.000000
2513.000000
2888.000000
2827.000000
2245.000000
1566.000000
2007.000000
2211.000000
2431.000000
2978.000000
2704.000000
1838.000000
1531.000000
2403.000000
2630.000000
2652.000000
2611.000000
2614.000000
2417.000000
2146.000000
2093.000000
2599.000000
2770.000000
3348.000000
3967.000000
4335.000000
4394.000000
4672.000000
4813.000000
4586.000000
4298.000000
3586.000000
2509.000000
1602.000000
1795.000000
1900.000000
1844.000000
1666.000000
1168.000000
1049.000000
1122.000000
1871.000000
2509.000000
2755.000000
2695.000000
3206.000000
3790.000000
3712.000000
3213.000000
3068.000000
3031.000000
3213.000000
3192.000000
3279.000000
2985.000000
2624.000000
2748.000000
2164.000000
2437.000000
2434.000000
2178.000000
3432.000000
3696.000000
3975.000000
4231.000000
3946.000000
3414.000000
2854.000000
3180.000000
3281.000000
2688.000000
1589.000000
1093.000000
1362.000000
2140.000000
2440.000000
2547.000000
2332.000000
2136.000000
1912.000000
1953.000000
2090.000000
2497.000000
3319.000000
4027.000000
4077.000000
3675.000000
3409.000000
3578.000000
3555.000000
3402.000000
3099.000000
2636.000000
2318.000000
2468.000000
2271.000000
2611.000000
2149.000000
1800.000000
1465.000000
1404.000000
1001.000000
1264.000000
1383.000000
1604.000000
2101.000000
3120.000000
3102.000000
2516.000000
2095.000000
2034.000000
2568.000000
3233.000000
3120.000000
2888.000000
2725.000000
2290.000000
1893.000000
1825.000000
2180.000000
1860.000000
1613.000000
1682.000000
2866.000000
3757.000000
3739.000000
3114.000000
2657.000000
2360.000000
2218.000000
2397.000000
2542.000000
2012.000000
1392.000000
1198.000000
1619.000000
1806.000000
2064.000000
2204.000000
2256.000000
2107.000000
2129.000000
2716.000000
3262.000000
3592.000000
3381.000000
3165.000000
2342.000000
2195.000000
2322.000000
2336.000000
2907.000000
3582.000000
3505.000000
2849.000000
2705.000000
2531.000000
2539.000000
2772.000000
2849.000000
1707.000000
1597.000000
1863.000000
1913.000000
1969.000000
1830.000000
1833.000000
1728.000000
2175.000000
2674.000000
2548.000000
2357.000000
2645.000000
2907.000000
2934.000000
2309.000000
1572.000000
1131.000000
1200.000000
1654.000000
2141.000000
1883.000000
1401.000000
1657.000000
1164.000000
1170.000000
1132.000000
847.000000
1409.000000
2313.000000
3064.000000
3247.000000
3751.000000
3163.000000
2045.000000
1881.000000
1924.000000
1894.000000
1816.000000
1795.000000
2302.000000
3055.000000
3636.000000
2894.000000
2560.000000
2631.000000
3076.000000
3018.000000
2781.000000
2705.000000
2915.000000
3533.000000
3898.000000
3832.000000
3278.000000
2488.000000
2545.000000
2798.000000
2530.000000
2086.000000
1893.000000
1881.000000
1783.000000
2366.000000
2559.000000
2547.000000
2711.000000
2799.000000
2863.000000
2796.000000
2891.000000
3356.000000
3427.000000
3787.000000
3839.000000
3054.000000
1722.000000
1025.000000
1189.000000
1499.000000
2052.000000
1607.000000
1929.000000
2042.000000
1886.000000
1884.000000
1647.000000
1142.000000
1089.000000
867.000000
730.000000
623.000000
765.000000
1116.000000
1750.000000
1757.000000
2013.000000
1795.000000
2105.000000
2123.000000
2161.000000
2329.000000
2906.000000
3449.000000
3381.000000
3177.000000
2752.000000
2719.000000
3207.000000
2995.000000
3023.000000
3267.000000
3559.000000
3673.000000
3314.000000
3103.000000
3206.000000
3083.000000
3177.000000
2955.000000
2579.000000
1651.000000
1443.000000
1456.000000
1420.000000
1255.000000
1140.000000
1577.000000
2054.000000
1922.000000
1971.000000
2553.000000
3318.000000
3877.000000
3751.000000
3321.000000
1975.000000
1016.000000
1457.000000
1730.000000
1327.000000
1524.000000
1618.000000
1414.000000
1440.000000
1221.000000
1873.000000
2302.000000
1160.000000
1219.000000
1008.000000
996.000000
708.000000
866.000000
626.000000
797.000000
782.000000
750.000000
937.000000
1031.000000
1377.000000
1951.000000
2845.000000
3106.000000
3778.000000
4100.000000
4211.000000
3603.000000
2596.000000
2641.000000
2609.000000
2416.000000
2565.000000
3147.000000
3720.000000
3468.000000
2878.000000
2174.000000
2152.000000
2287.000000
2530.000000
2351.000000
1575.000000
1562.000000
1669.000000
1632.000000
1729.000000
2209.000000
2670.000000
2742.000000
2943.000000
2336.000000
1833.000000
2042.000000
2193.000000
2489.000000
2604.000000
2773.000000
2604.000000
3047.000000
2917.000000
1716.000000
579.000000
960.000000
1288.000000
1118.000000
646.000000
1355.000000
2381.000000
2254.000000
1132.000000
1081.000000
994.000000
971.000000
1094.000000
929.000000
853.000000
1017.000000
1455.000000
850.000000
570.000000
812.000000
1175.000000
1869.000000
1806.000000
3284.000000
4090.000000
3922.000000
3056.000000
2052.000000
1183.000000
1047.000000
948.000000
1237.000000
2289.000000
3259.000000
3513.000000
2691.000000
2906.000000
2661.000000
2601.000000
2081.000000
1821.000000
1266.000000
1181.000000
1708.000000
2329.000000
2002.000000
1350.000000
1294.000000
1563.000000
1967.000000
2288.000000
2646.000000
1972.000000
1631.000000
2172.000000
2403.000000
2605.000000
2493.000000
2732.000000
2272.000000
1212.000000
376.000000
284.000000
833.000000
1029.000000
1030.000000
2179.000000
3669.000000
3576.000000
2728.000000
1694.000000
1569.000000
1604.000000
1266.000000
779.000000
700.000000
718.000000
1484.000000
2758.000000
3011.000000
3027.000000
2055.000000
2408.000000
2916.000000
2663.000000
2459.000000
2814.000000
3015.000000
2930.000000
2120.000000
1683.000000
1719.000000
1746.000000
1463.000000
1676.000000
2418.000000
2457.000000
1654.000000
1864.000000
2002.000000
1683.000000
1459.000000
1273.000000
1618.000000
1883.000000
1517.000000
1866.000000
2445.000000
1988.000000
1524.000000
1025.000000
978.000000
932.000000
871.000000
1063.000000
1343.000000
1104.000000
1051.000000
1669.000000
2267.000000
1793.000000
1302.000000
943.000000
1545.000000
2181.000000
3135.000000
2681.000000
3098.000000
3665.000000
3714.000000
3050.000000
2309.000000
1468.000000
2018.000000
1940.000000
1830.000000
1310.000000
1278.000000
1446.000000
1244.000000
976.000000
1296.000000
1671.000000
1955.000000
1889.000000
2230.000000
2091.000000
1688.000000
2262.000000
3236.000000
3923.000000
3642.000000
3209.000000
3204.000000
3388.000000
3373.000000
3092.000000
2692.000000
2597.000000
1888.000000
1518.000000
1951.000000
2664.000000
2790.000000
2271.000000
1808.000000
1978.000000
1759.000000
1453.000000
1021.000000
1011.000000
1196.000000
1061.000000
903.000000
883.000000
1175.000000
2056.000000
2808.000000
2676.000000
2727.000000
2674.000000
2365.000000
2014.000000
2480.000000
2600.000000
3015.000000
3382.000000
3810.000000
4228.000000
4023.000000
4004.000000
3963.000000
4362.000000
4367.000000
1536.000000
1947.000000
2150.000000
1542.000000
2126.000000
1809.000000
1427.000000
1372.000000
1228.000000
1001.000000
1593.000000
2172.000000
2512.000000
1951.000000
2098.000000
2637.000000
3185.000000
3465.000000
3140.000000
3145.000000
3261.000000
3360.000000
3386.000000
3273.000000
2416.000000
1699.000000
1451.000000
1412.000000
1482.000000
1956.000000
2123.000000
2134.000000
1671.000000
1503.000000
1834.000000
2442.000000
2993.000000
2565.000000
1869.000000
1919.000000
1960.000000
1163.000000
817.000000
1144.000000
1486.000000
1308.000000
1165.000000
1162.000000
1082.000000
1336.000000
1918.000000
2638.000000
2841.000000
3071.000000
3112.000000
3281.000000
3791.000000
3924.000000
3643.000000
3976.000000
4209.000000
4261.000000
2408.000000
1589.000000
1414.000000
1242.000000
1136.000000
1630.000000
1534.000000
1545.000000
1379.000000
1233.000000
1170.000000
1071.000000
1709.000000
2605.000000
2615.000000
2894.000000
3187.000000
3748.000000
3329.000000
2811.000000
2747.000000
3242.000000
3995.000000
3962.000000
3472.000000
3015.000000
3195.000000
2862.000000
2541.000000
2668.000000
2963.000000
2864.000000
2302.000000
2209.000000
2768.000000
3031.000000
3276.000000
2446.000000
2258.000000
2461.000000
2287.000000
1593.000000
927.000000
877.000000
955.000000
1109.000000
1043.000000
1323.000000
1985.000000
2239.000000
2150.000000
2068.000000
2247.000000
2575.000000
3493.000000
3559.000000
3623.000000
2654.000000
1817.000000
2245.000000
2445.000000
1833.000000
3171.000000
2407.000000
1742.000000
1371.000000
1177.000000
878.000000
1056.000000
1392.000000
1885.000000
2505.000000
2625.000000
2044.000000
1208.000000
1560.000000
2003.000000
2177.000000
2525.000000
2811.000000
3284.000000
3391.000000
3138.000000
3058.000000
2787.000000
2824.000000
2565.000000
2582.000000
2581.000000
2482.000000
2461.000000
2604.000000
2358.000000
2648.000000
2778.000000
3475.000000
3839.000000
3411.000000
2227.000000
1393.000000
1131.000000
1186.000000
1892.000000
2344.000000
2080.000000
1803.000000
1754.000000
994.000000
1003.000000
1374.000000
1338.000000
1201.000000
1732.000000
1856.000000
2169.000000
2402.000000
2841.000000
2552.000000
2467.000000
2485.000000
2550.000000
3202.000000
3812.000000
3591.000000
2183.000000
1996.000000
2351.000000
2582.000000
2366.000000
2181.000000
2786.000000
2831.000000
2770.000000
2526.000000
2460.000000
2540.000000
2364.000000
2174.000000
2289.000000
2556.000000
2975.000000
3117.000000
3254.000000
3069.000000
2458.000000
1838.000000
1531.000000
1733.000000
1887.000000
1878.000000
1721.000000
1366.000000
1811.000000
2892.000000
3701.000000
4165.000000
3971.000000
3451.000000
2930.000000
2213.000000
1906.000000
1730.000000
1774.000000
2325.000000
2950.000000
2481.000000
1910.000000
1866.000000
2064.000000
1910.000000
1096.000000
1707.000000
2508.000000
1837.000000
2407.000000
2313.000000
2638.000000
2984.000000
2812.000000
2715.000000
2932.000000
3233.000000
3009.000000
2614.000000
2593.000000
2631.000000
3438.000000
3506.000000
2798.000000
2034.000000
2349.000000
3342.000000
3877.000000
3328.000000
2864.000000
2020.000000
1801.000000
1910.000000
1813.000000
1785.000000
1490.000000
1553.000000
1673.000000
1811.000000
1610.000000
1589.000000
1866.000000
1683.000000
1267.000000
1179.000000
1276.000000
1167.000000
770.000000
554.000000
858.000000
1497.000000
2295.000000
2972.000000
2789.000000
2221.000000
1541.000000
1635.000000
1242.000000
1148.000000
1279.000000
1464.000000
1691.000000
1649.000000
2029.000000
2298.000000
2798.000000
1779.000000
1419.000000
1543.000000
1859.000000
2144.000000
1929.000000
2277.000000
2431.000000
1976.000000
1583.000000
1757.000000
1719.000000
2085.000000
2683.000000
4046.000000
4342.000000
3664.000000
1669.000000
1932.000000
1906.000000
1681.000000
1533.000000
1817.000000
1957.000000
2342.000000
2329.000000
2141.000000
2185.000000
2204.000000
1919.000000
1361.000000
1157.000000
1728.000000
3021.000000
3708.000000
3175.000000
2467.000000
2509.000000
2732.000000
2525.000000
2173.000000
1564.000000
1185.000000
1045.000000
734.000000
684.000000
885.000000
1618.000000
2896.000000
3384.000000
3344.000000
2768.000000
2435.000000
2067.000000
2142.000000
1740.000000
1505.000000
1334.000000
1679.000000
1839.000000
1752.000000
1637.000000
1668.000000
2358.000000
2474.000000
2112.000000
1506.000000
1929.000000
2500.000000
2015.000000
915.000000
745.000000
1026.000000
1393.000000
1309.000000
2407.000000
2739.000000
3084.000000
2637.000000
2653.000000
2843.000000
2437.000000
1750.000000
1668.000000
1816.000000
1527.000000
1669.000000
1487.000000
1757.000000
1628.000000
2197.000000
2447.000000
2335.000000
2007.000000
1599.000000
1908.000000
2298.000000
2362.000000
1938.000000
1811.000000
2318.000000
2742.000000
2547.000000
1769.000000
2045.000000
2419.000000
1890.000000
1324.000000
936.000000
1531.000000
2648.000000
3559.000000
4042.000000
3695.000000
2800.000000
1905.000000
1860.000000
1737.000000
1454.000000
1319.000000
856.000000
834.000000
1558.000000
2206.000000
2550.000000
2572.000000
2906.000000
2964.000000
2825.000000
2621.000000
1691.000000
1236.000000
937.000000
702.000000
681.000000
535.000000
348.000000
646.000000
1322.000000
1886.000000
1787.000000
1632.000000
2878.000000
2961.000000
3012.000000
1700.000000
1800.000000
1196.000000
1190.000000
1492.000000
1546.000000
850.000000
1383.000000
1789.000000
2103.000000
2184.000000
2068.000000
1512.000000
1202.000000
1585.000000
2289.000000
2567.000000
2152.000000
2534.000000
2313.000000
2432.000000
2328.000000
1665.000000
1455.000000
1019.000000
775.000000
1030.000000
1516.000000
2000.000000
2335.000000
2471.000000
2148.000000
1653.000000
1163.000000
854.000000
970.000000
952.000000
1031.000000
1456.000000
1609.000000
2064.000000
2360.000000
2419.000000
1559.000000
1579.000000
1632.000000
1305.000000
1222.000000
1493.000000
1551.000000
1349.000000
1061.000000
868.000000
762.000000
977.000000
1398.000000
1432.000000
1194.000000
3354.000000
2676.000000
3354.000000
3716.000000
3758.000000
2498.000000
1483.000000
1415.000000
2102.000000
1635.000000
1885.000000
699.000000
1167.000000
1432.000000
1543.000000
1190.000000
971.000000
876.000000
1438.000000
1750.000000
2177.000000
1988.000000
1544.000000
1426.000000
1383.000000
1548.000000
1148.000000
918.000000
907.000000
826.000000
946.000000
1058.000000
1107.000000
1179.000000
1697.000000
1635.000000
1821.000000
2387.000000
2980.000000
3706.000000
3687.000000
3818.000000
3857.000000
3093.000000
3077.000000
2782.000000
2143.000000
1669.000000
1438.000000
944.000000
410.000000
525.000000
660.000000
686.000000
499.000000
482.000000
493.000000
665.000000
1115.000000
1245.000000
1333.000000
1577.000000
4139.000000
2988.000000
3448.000000
4243.000000
4904.000000
3835.000000
4209.000000
4816.000000
4421.000000
3947.000000
3176.000000
1141.000000
1687.000000
1840.000000
1581.000000
2123.000000
1617.000000
727.000000
585.000000
589.000000
1032.000000
1052.000000
689.000000
636.000000
889.000000
842.000000
1037.000000
1267.000000
1479.000000
1272.000000
864.000000
785.000000
1233.000000
1975.000000
2100.000000
2346.000000
3221.000000
4070.000000
3624.000000
3642.000000
4023.000000
4119.000000
3919.000000
3735.000000
3738.000000
3213.000000
2662.000000
2529.000000
2203.000000
1394.000000
1539.000000
1267.000000
837.000000
436.000000
381.000000
405.000000
330.000000
307.000000
417.000000
525.000000
498.000000
230.000000
5593.000000
5142.000000
4992.000000
4991.000000
3825.000000
3684.000000
3650.000000
4095.000000
3813.000000
3432.000000
3401.000000
1909.000000
2159.000000
2845.000000
3119.000000
2855.000000
2008.000000
1227.000000
839.000000
773.000000
1014.000000
473.000000
396.000000
629.000000
707.000000
1231.000000
1794.000000
1806.000000
1234.000000
1847.000000
2279.000000
2315.000000
2189.000000
2111.000000
2320.000000
2370.000000
3291.000000
3040.000000
3021.000000
3397.000000
3718.000000
4161.000000
3754.000000
3217.000000
3543.000000
3533.000000
3022.000000
2094.000000
1703.000000
992.000000
518.000000
386.000000
289.000000
299.000000
417.000000
711.000000
690.000000
591.000000
385.000000
444.000000
364.000000
172.000000
5089.000000
4981.000000
4841.000000
5195.000000
4581.000000
4432.000000
4738.000000
4538.000000
4366.000000
4118.000000
3138.000000
2075.000000
3137.000000
3616.000000
2274.000000
1582.000000
1446.000000
1532.000000
1508.000000
1580.000000
1984.000000
1131.000000
615.000000
489.000000
944.000000
1943.000000
2361.000000
1814.000000
1745.000000
2776.000000
2851.000000
2146.000000
1673.000000
1633.000000
1684.000000
1989.000000
2688.000000
3298.000000
3553.000000
3549.000000
3325.000000
2784.000000
3290.000000
4017.000000
3702.000000
2890.000000
1917.000000
1291.000000
1112.000000
1450.000000
1441.000000
1090.000000
1441.000000
1755.000000
1288.000000
855.000000
713.000000
902.000000
1017.000000
704.000000
279.000000
133.000000
4488.000000
3978.000000
4364.000000
4416.000000
4824.000000
4522.000000
5262.000000
5555.000000
4906.000000
4467.000000
4164.000000
4063.000000
4286.000000
4161.000000
2863.000000
1958.000000
1243.000000
729.000000
649.000000
1644.000000
2174.000000
1490.000000
912.000000
872.000000
1167.000000
2278.000000
2619.000000
1533.000000
1454.000000
1208.000000
1215.000000
1071.000000
1214.000000
1655.000000
1806.000000
1964.000000
2292.000000
2804.000000
3056.000000
3283.000000
3641.000000
3394.000000
3873.000000
4336.000000
3106.000000
2431.000000
1235.000000
515.000000
654.000000
1204.000000
1323.000000
849.000000
613.000000
279.000000
444.000000
831.000000
916.000000
752.000000
706.000000
566.000000
87.000000
63.000000
4477.000000
3710.000000
3736.000000
4606.000000
4756.000000
5113.000000
5203.000000
4714.000000
4931.000000
5097.000000
5736.000000
5725.000000
5373.000000
4985.000000
5168.000000
5025.000000
4490.000000
3416.000000
2281.000000
2140.000000
2745.000000
2784.000000
2762.000000
2154.000000
2589.000000
2901.000000
2417.000000
1717.000000
1841.000000
1163.000000
674.000000
725.000000
1046.000000
1762.000000
2391.000000
2747.000000
2715.000000
3137.000000
3086.000000
3163.000000
3480.000000
3812.000000
3606.000000
3533.000000
2962.000000
1905.000000
832.000000
397.000000
411.000000
500.000000
1053.000000
1104.000000
888.000000
529.000000
527.000000
577.000000
452.000000
538.000000
516.000000
314.000000
109.000000
108.000000
4272.000000
4130.000000
3854.000000
4073.000000
4304.000000
4538.000000
4281.000000
4686.000000
5123.000000
5193.000000
5047.000000
5734.000000
6004.000000
5714.000000
5213.000000
4947.000000
4698.000000
3742.000000
3283.000000
2611.000000
2999.000000
2904.000000
4433.000000
3935.000000
3312.000000
4411.000000
4439.000000
3498.000000
3722.000000
2563.000000
1308.000000
955.000000
2034.000000
2722.000000
2769.000000
2520.000000
2674.000000
3260.000000
3647.000000
3152.000000
2697.000000
2897.000000
3294.000000
3296.000000
2475.000000
1200.000000
673.000000
746.000000
531.000000
333.000000
241.000000
232.000000
264.000000
265.000000
185.000000
163.000000
339.000000
545.000000
580.000000
267.000000
209.000000
221.000000
3289.000000
3833.000000
4062.000000
3974.000000
4217.000000
4010.000000
3745.000000
3959.000000
4603.000000
4941.000000
5347.000000
5261.000000
5450.000000
4901.000000
5137.000000
5150.000000
4724.000000
4437.000000
4335.000000
4245.000000
3577.000000
3138.000000
3769.000000
4072.000000
3666.000000
3905.000000
4385.000000
4364.000000
4721.000000
3876.000000
2900.000000
2329.000000
3253.000000
2917.000000
2903.000000
3072.000000
2752.000000
2968.000000
3384.000000
3849.000000
3699.000000
3407.000000
3154.000000
2141.000000
1632.000000
862.000000
745.000000
176.000000
265.000000
394.000000
382.000000
176.000000
117.000000
285.000000
579.000000
674.000000
389.000000
379.000000
353.000000
168.000000
160.000000
243.000000
2794.000000
3366.000000
3521.000000
3534.000000
3396.000000
3537.000000
3122.000000
3870.000000
4196.000000
4282.000000
4548.000000
4621.000000
5207.000000
4814.000000
5238.000000
4923.000000
4949.000000
4855.000000
4883.000000
4861.000000
4397.000000
4317.000000
5014.000000
4678.000000
4573.000000
4810.000000
4479.000000
4938.000000
4873.000000
4798.000000
4801.000000
4081.000000
2791.000000
3262.000000
3813.000000
3306.000000
3306.000000
3205.000000
3092.000000
3395.000000
3822.000000
3409.000000
3089.000000
2705.000000
1670.000000
457.000000
294.000000
304.000000
610.000000
653.000000
410.000000
153.000000
124.000000
288.000000
635.000000
712.000000
471.000000
390.000000
271.000000
105.000000
64.000000
68.000000
3764.000000
3252.000000
3360.000000
2967.000000
3118.000000
3141.000000
2774.000000
3508.000000
3462.000000
3279.000000
3338.000000
3786.000000
4357.000000
4476.000000
4799.000000
5209.000000
5557.000000
5926.000000
5453.000000
5089.000000
4386.000000
4444.000000
4663.000000
4370.000000
4468.000000
5012.000000
4613.000000
4506.000000
4401.000000
3972.000000
4000.000000
3776.000000
2818.000000
3870.000000
4172.000000
3957.000000
4128.000000
3861.000000
3983.000000
4395.000000
4107.000000
3836.000000
3641.000000
2642.000000
2644.000000
1276.000000
721.000000
698.000000
771.000000
552.000000
342.000000
209.000000
275.000000
333.000000
181.000000
302.000000
430.000000
458.000000
299.000000
130.000000
107.000000
50.000000
4365.000000
3704.000000
3222.000000
2749.000000
3269.000000
2895.000000
3049.000000
3380.000000
3836.000000
4215.000000
4212.000000
3995.000000
4388.000000
4432.000000
4721.000000
5563.000000
5708.000000
5425.000000
5284.000000
5135.000000
4941.000000
4858.000000
4652.000000
4623.000000
4524.000000
5020.000000
5167.000000
4700.000000
4562.000000
4562.000000
3897.000000
3828.000000
2902.000000
3923.000000
4253.000000
3945.000000
4134.000000
3576.000000
3719.000000
3924.000000
3862.000000
3833.000000
3919.000000
3896.000000
2453.000000
1046.000000
708.000000
505.000000
776.000000
759.000000
646.000000
439.000000
242.000000
235.000000
270.000000
491.000000
519.000000
486.000000
135.000000
88.000000
164.000000
53.000000
3849.000000
3969.000000
3323.000000
2863.000000
3143.000000
3184.000000
3504.000000
4040.000000
4375.000000
4089.000000
3448.000000
3478.000000
3902.000000
4176.000000
4474.000000
5105.000000
5291.000000
5167.000000
5506.000000
5695.000000
5321.000000
4496.000000
3862.000000
4382.000000
4426.000000
4697.000000
4769.000000
4673.000000
5019.000000
5207.000000
4164.000000
3274.000000
3686.000000
3739.000000
3975.000000
3844.000000
4246.000000
3336.000000
3564.000000
4311.000000
4224.000000
3750.000000
3490.000000
4098.000000
2775.000000
1472.000000
807.000000
649.000000
556.000000
504.000000
297.000000
157.000000
134.000000
143.000000
208.000000
340.000000
467.000000
427.000000
149.000000
122.000000
94.000000
134.000000
3398.000000
3652.000000
3555.000000
3085.000000
2918.000000
2791.000000
3241.000000
3888.000000
3868.000000
3768.000000
3649.000000
3789.000000
4036.000000
4526.000000
5186.000000
5265.000000
5307.000000
4985.000000
4842.000000
4247.000000
4236.000000
4284.000000
4397.000000
4203.000000
4014.000000
4208.000000
4373.000000
4170.000000
4509.000000
4489.000000
3961.000000
3199.000000
3447.000000
3304.000000
3791.000000
4241.000000
4425.000000
4757.000000
5033.000000
4526.000000
4429.000000
4426.000000
4627.000000
4072.000000
3107.000000
1987.000000
607.000000
537.000000
529.000000
443.000000
273.000000
199.000000
241.000000
268.000000
305.000000
412.000000
501.000000
360.000000
108.000000
83.000000
295.000000
547.000000
2709.000000
3089.000000
3360.000000
3649.000000
3010.000000
2813.000000
3480.000000
3340.000000
3296.000000
3490.000000
4191.000000
4108.000000
4146.000000
3986.000000
4164.000000
4372.000000
4789.000000
4504.000000
4108.000000
4044.000000
4040.000000
3920.000000
3833.000000
3136.000000
3381.000000
3849.000000
3823.000000
4109.000000
4782.000000
4076.000000
2757.000000
2687.000000
3505.000000
4131.000000
3752.000000
4052.000000
4505.000000
4008.000000
4088.000000
4181.000000
4223.000000
4812.000000
4465.000000
4066.000000
3191.000000
1749.000000
909.000000
580.000000
684.000000
741.000000
614.000000
385.000000
394.000000
438.000000
367.000000
484.000000
584.000000
589.000000
547.000000
538.000000
414.000000
385.000000
2706.000000
2785.000000
3393.000000
3626.000000
3641.000000
3220.000000
3552.000000
3451.000000
3079.000000
2661.000000
3389.000000
3990.000000
4442.000000
4666.000000
4671.000000
4708.000000
4740.000000
4724.000000
4424.000000
4525.000000
5103.000000
4793.000000
3964.000000
4074.000000
4175.000000
3982.000000
3453.000000
3978.000000
4018.000000
3734.000000
2558.000000
2868.000000
3376.000000
3676.000000
4406.000000
4388.000000
3857.000000
4309.000000
4724.000000
5203.000000
4804.000000
4467.000000
4643.000000
4818.000000
3348.000000
1789.000000
888.000000
701.000000
504.000000
448.000000
379.000000
345.000000
438.000000
419.000000
485.000000
329.000000
311.000000
358.000000
307.000000
631.000000
638.000000
575.000000
3742.000000
3553.000000
3998.000000
3963.000000
3742.000000
3425.000000
3253.000000
3179.000000
3151.000000
3126.000000
3459.000000
3730.000000
3945.000000
3570.000000
4053.000000
4677.000000
4870.000000
4828.000000
4968.000000
4925.000000
4810.000000
4004.000000
3167.000000
3018.000000
3542.000000
4310.000000
4164.000000
4415.000000
3506.000000
3360.000000
3030.000000
3026.000000
3445.000000
3607.000000
3996.000000
4222.000000
3969.000000
4904.000000
4505.000000
4281.000000
4405.000000
4767.000000
4421.000000
3634.000000
3223.000000
1899.000000
1443.000000
717.000000
590.000000
676.000000
844.000000
698.000000
723.000000
568.000000
513.000000
330.000000
272.000000
435.000000
575.000000
565.000000
224.000000
459.000000
2460.000000
3222.000000
3083.000000
3337.000000
3525.000000
3701.000000
3479.000000
3956.000000
4059.000000
3953.000000
3740.000000
3742.000000
3855.000000
4091.000000
3934.000000
4186.000000
4310.000000
4783.000000
4983.000000
4934.000000
4215.000000
3766.000000
4085.000000
4380.000000
4617.000000
4253.000000
4706.000000
5060.000000
4055.000000
3223.000000
2630.000000
2628.000000
2550.000000
3400.000000
3004.000000
3439.000000
2985.000000
3730.000000
4430.000000
4047.000000
3925.000000
4229.000000
4297.000000
3067.000000
2687.000000
1483.000000
1286.000000
1003.000000
528.000000
493.000000
444.000000
428.000000
405.000000
391.000000
479.000000
600.000000
680.000000
561.000000
522.000000
423.000000
316.000000
233.000000
2951.000000
2167.000000
2300.000000
2681.000000
2872.000000
2845.000000
3050.000000
2959.000000
3344.000000
3847.000000
4393.000000
4194.000000
3791.000000
3476.000000
3518.000000
3669.000000
4507.000000
4328.000000
3461.000000
2942.000000
3071.000000
2755.000000
3106.000000
2888.000000
3648.000000
4065.000000
4286.000000
3082.000000
2667.000000
2348.000000
2174.000000
2272.000000
2781.000000
2980.000000
3568.000000
3665.000000
3757.000000
4273.000000
4224.000000
4186.000000
3911.000000
3809.000000
3492.000000
2688.000000
1948.000000
1662.000000
1436.000000
1462.000000
1024.000000
983.000000
680.000000
348.000000
372.000000
277.000000
388.000000
422.000000
397.000000
247.000000
320.000000
503.000000
537.000000
547.000000
2547.000000
2763.000000
3307.000000
2896.000000
2790.000000
2305.000000
2827.000000
3137.000000
3544.000000
3541.000000
3630.000000
3499.000000
2980.000000
2313.000000
1683.000000
1547.000000
1811.000000
2526.000000
3133.000000
3221.000000
2983.000000
2594.000000
2820.000000
3062.000000
2948.000000
3409.000000
3728.000000
4209.000000
3473.000000
2602.000000
2500.000000
2233.000000
2170.000000
2369.000000
2621.000000
3035.000000
3194.000000
3544.000000
3693.000000
3546.000000
2698.000000
1412.000000
1523.000000
2149.000000
2503.000000
2050.000000
1499.000000
1074.000000
739.000000
586.000000
525.000000
552.000000
488.000000
437.000000
543.000000
412.000000
347.000000
291.000000
451.000000
527.000000
492.000000
606.000000
2272.000000
2216.000000
2886.000000
2785.000000
3078.000000
2768.000000
2593.000000
2229.000000
1789.000000
2225.000000
2526.000000
2106.000000
1952.000000
2018.000000
1576.000000
1341.000000
1288.000000
1748.000000
2305.000000
2970.000000
2975.000000
2713.000000
2882.000000
3175.000000
3487.000000
4238.000000
3522.000000
2801.000000
2668.000000
2741.000000
2975.000000
2795.000000
2982.000000
2943.000000
2916.000000
1961.000000
2700.000000
3462.000000
3488.000000
3439.000000
3340.000000
3445.000000
3205.000000
2899.000000
1895.000000
1594.000000
1022.000000
774.000000
757.000000
599.000000
535.000000
525.000000
561.000000
587.000000
531.000000
416.000000
313.000000
290.000000
319.000000
423.000000
521.000000
556.000000
2865.000000
2887.000000
2350.000000
2071.000000
1529.000000
1289.000000
1793.000000
1747.000000
1450.000000
1474.000000
1915.000000
1949.000000
1756.000000
1497.000000
1339.000000
1151.000000
710.000000
1344.000000
2072.000000
2654.000000
2165.000000
2352.000000
3412.000000
3732.000000
2789.000000
2492.000000
3204.000000
2876.000000
2541.000000
2758.000000
2708.000000
3034.000000
2683.000000
3413.000000
3906.000000
3915.000000
3202.000000
3486.000000
3208.000000
3213.000000
3280.000000
4063.000000
3504.000000
2504.000000
2111.000000
1955.000000
1657.000000
1386.000000
1302.000000
677.000000
529.000000
677.000000
790.000000
677.000000
590.000000
591.000000
542.000000
335.000000
394.000000
461.000000
773.000000
1143.000000
2844.000000
3026.000000
3157.000000
3097.000000
2513.000000
1919.000000
1730.000000
1235.000000
1371.000000
1541.000000
1415.000000
1469.000000
1266.000000
1197.000000
1050.000000
1217.000000
1337.000000
1656.000000
1849.000000
1605.000000
779.000000
1078.000000
1640.000000
2429.000000
2357.000000
2609.000000
2254.000000
2687.000000
2681.000000
3043.000000
2707.000000
2406.000000
2746.000000
3263.000000
4660.000000
3928.000000
3289.000000
2877.000000
2828.000000
2485.000000
3143.000000
3756.000000
3006.000000
3451.000000
2982.000000
2011.000000
1830.000000
1192.000000
860.000000
621.000000
391.000000
442.000000
525.000000
563.000000
611.000000
411.000000
408.000000
363.000000
604.000000
1191.000000
2069.000000
2410.000000
2964.000000
3182.000000
3105.000000
3111.000000
2786.000000
2768.000000
2755.000000
2211.000000
1843.000000
2043.000000
2645.000000
2937.000000
2254.000000
1614.000000
1156.000000
1261.000000
1681.000000
2394.000000
2183.000000
1895.000000
1361.000000
1548.000000
1972.000000
2212.000000
3090.000000
3442.000000
3750.000000
3086.000000
2564.000000
2910.000000
3079.000000
3062.000000
2580.000000
1904.000000
2573.000000
2848.000000
3583.000000
2960.000000
3334.000000
4014.000000
4650.000000
4312.000000
4056.000000
4498.000000
4398.000000
4771.000000
4927.000000
4929.000000
4589.000000
4428.000000
4233.000000
3865.000000
3509.000000
3619.000000
4080.000000
4336.000000
4381.000000
4399.000000
4542.000000
4725.000000
5047.000000
5517.000000
2863.000000
2979.000000
3196.000000
3390.000000
3402.000000
3280.000000
3346.000000
3003.000000
2348.000000
1963.000000
2236.000000
2794.000000
2799.000000
2982.000000
2961.000000
2394.000000
2135.000000
2274.000000
2277.000000
2028.000000
1663.000000
1534.000000
1778.000000
1286.000000
1676.000000
2127.000000
3131.000000
2804.000000
2388.000000
2263.000000
2603.000000
2458.000000
2164.000000
2588.000000
4176.000000
3864.000000
3067.000000
3922.000000
4514.000000
5290.000000
5644.000000
5670.000000
5486.000000
5478.000000
5458.000000
5360.000000
5348.000000
5431.000000
5474.000000
5392.000000
5269.000000
5359.000000
5384.000000
5461.000000
5356.000000
5341.000000
5296.000000
5050.000000
4891.000000
4994.000000
5075.000000
5241.000000
3361.000000
2771.000000
2541.000000
2692.000000
3107.000000
3344.000000
3118.000000
3039.000000
2508.000000
2456.000000
2510.000000
2643.000000
2454.000000
2540.000000
2400.000000
1899.000000
1585.000000
2168.000000
2289.000000
2062.000000
1585.000000
1337.000000
1574.000000
1976.000000
2076.000000
1670.000000
2272.000000
2952.000000
2423.000000
1824.000000
2044.000000
2378.000000
2376.000000
2714.000000
2955.000000
4862.000000
3963.000000
4176.000000
4981.000000
5347.000000
5494.000000
5428.000000
5462.000000
5306.000000
5241.000000
5336.000000
5279.000000
5318.000000
5457.000000
5372.000000
5131.000000
5062.000000
4952.000000
5033.000000
5272.000000
5459.000000
5499.000000
5370.000000
5080.000000
4735.000000
4781.000000
5176.000000
3211.000000
3084.000000
2998.000000
2656.000000
2395.000000
2409.000000
2366.000000
2616.000000
2331.000000
2180.000000
1982.000000
2002.000000
2192.000000
2163.000000
1886.000000
1719.000000
1694.000000
2236.000000
2285.000000
2271.000000
1936.000000
1443.000000
1194.000000
1947.000000
2108.000000
1915.000000
2670.000000
3175.000000
2584.000000
2178.000000
1576.000000
1896.000000
2285.000000
2935.000000
3355.000000
3674.000000
4717.000000
4867.000000
4946.000000
5232.000000
5248.000000
5162.000000
5291.000000
5466.000000
5219.000000
5018.000000
4991.000000
4911.000000
4834.000000
4813.000000
4950.000000
5064.000000
5084.000000
5160.000000
4836.000000
4430.000000
4121.000000
4362.000000
4769.000000
5066.000000
5069.000000
5039.000000
2742.000000
2740.000000
2802.000000
2847.000000
2880.000000
2728.000000
2512.000000
2394.000000
2343.000000
2139.000000
2134.000000
2194.000000
2147.000000
2028.000000
1834.000000
1991.000000
2334.000000
2641.000000
2372.000000
2150.000000
2026.000000
1682.000000
1336.000000
1817.000000
1732.000000
1690.000000
1233.000000
2307.000000
2758.000000
2680.000000
2525.000000
2149.000000
2087.000000
2315.000000
2870.000000
4139.000000
4511.000000
4658.000000
4587.000000
4721.000000
4651.000000
4844.000000
4909.000000
4751.000000
4666.000000
4829.000000
4928.000000
4853.000000
4944.000000
5050.000000
5075.000000
4992.000000
4694.000000
4320.000000
4301.000000
4547.000000
4872.000000
5097.000000
5107.000000
5036.000000
4970.000000
5099.000000
2628.000000
2106.000000
1690.000000
1497.000000
1664.000000
2257.000000
2482.000000
2667.000000
2629.000000
2316.000000
1879.000000
1772.000000
2016.000000
1795.000000
1988.000000
1781.000000
2316.000000
2249.000000
2150.000000
1928.000000
1800.000000
1614.000000
1477.000000
1142.000000
1298.000000
1548.000000
1679.000000
2267.000000
2849.000000
3170.000000
2765.000000
2245.000000
2439.000000
2474.000000
2783.000000
3465.000000
3618.000000
4316.000000
4535.000000
4571.000000
4695.000000
4589.000000
4567.000000
4608.000000
4742.000000
4784.000000
4741.000000
4422.000000
4201.000000
4420.000000
4394.000000
4285.000000
4299.000000
4536.000000
4923.000000
5029.000000
4935.000000
4927.000000
4982.000000
4810.000000
4509.000000
4227.000000
2633.000000
2121.000000
2346.000000
2065.000000
2592.000000
2448.000000
2152.000000
2460.000000
2495.000000
2413.000000
2373.000000
1981.000000
1619.000000
1784.000000
1659.000000
1887.000000
2462.000000
2376.000000
2151.000000
1850.000000
1545.000000
1342.000000
1130.000000
1103.000000
904.000000
868.000000
931.000000
1620.000000
2427.000000
2874.000000
3008.000000
2858.000000
2436.000000
2369.000000
2718.000000
2874.000000
2797.000000
3820.000000
4110.000000
4121.000000
3987.000000
3976.000000
4106.000000
4219.000000
4400.000000
4500.000000
4482.000000
4602.000000
4732.000000
4780.000000
4734.000000
4663.000000
4748.000000
4713.000000
4838.000000
4865.000000
4926.000000
4832.000000
4665.000000
4462.000000
4376.000000
4387.000000
2609.000000
2473.000000
2074.000000
2436.000000
2708.000000
2784.000000
2238.000000
2347.000000
2482.000000
2676.000000
2665.000000
2275.000000
2012.000000
1748.000000
1310.000000
1465.000000
1854.000000
2046.000000
1650.000000
1843.000000
1717.000000
1294.000000
1096.000000
1183.000000
1397.000000
1141.000000
1297.000000
2147.000000
2964.000000
2947.000000
2867.000000
2793.000000
2675.000000
2668.000000
2732.000000
2692.000000
2480.000000
2850.000000
4227.000000
4294.000000
4149.000000
3967.000000
3757.000000
3753.000000
3768.000000
4135.000000
4435.000000
4668.000000
4677.000000
4676.000000
4649.000000
4629.000000
4631.000000
4828.000000
4997.000000
5008.000000
5243.000000
5465.000000
5506.000000
5368.000000
4919.000000
4363.000000
2811.000000
2852.000000
2484.000000
2268.000000
2350.000000
2128.000000
1999.000000
2081.000000
2518.000000
2629.000000
2414.000000
2047.000000
1751.000000
1990.000000
2009.000000
2162.000000
2077.000000
2227.000000
2369.000000
2407.000000
2227.000000
1640.000000
1981.000000
1741.000000
1517.000000
1562.000000
1726.000000
2033.000000
2227.000000
2207.000000
1998.000000
1661.000000
1131.000000
1675.000000
2739.000000
2704.000000
2305.000000
2253.000000
3667.000000
4135.000000
4035.000000
3827.000000
3976.000000
4022.000000
4210.000000
4530.000000
4601.000000
4593.000000
4544.000000
4300.000000
4295.000000
4515.000000
4510.000000
4693.000000
4898.000000
5073.000000
4962.000000
4875.000000
4985.000000
5187.000000
5325.000000
5289.000000
2288.000000
2356.000000
2362.000000
2563.000000
2690.000000
2279.000000
2221.000000
2167.000000
2248.000000
2405.000000
2329.000000
2269.000000
2554.000000
1918.000000
1853.000000
1810.000000
2045.000000
2246.000000
2320.000000
2540.000000
2450.000000
2288.000000
2387.000000
1832.000000
1667.000000
1814.000000
1837.000000
1883.000000
2480.000000
2937.000000
2763.000000
1876.000000
881.000000
1790.000000
2938.000000
3190.000000
2325.000000
1267.000000
1115.000000
2030.000000
2876.000000
3720.000000
3889.000000
3969.000000
3778.000000
3666.000000
3884.000000
4234.000000
4130.000000
4144.000000
4141.000000
4027.000000
3870.000000
3809.000000
3978.000000
4343.000000
4690.000000
4973.000000
5008.000000
4999.000000
4988.000000
4939.000000
2336.000000
2331.000000
2419.000000
2605.000000
2771.000000
2604.000000
2507.000000
2422.000000
2306.000000
2307.000000
2360.000000
2160.000000
2136.000000
2357.000000
2379.000000
2445.000000
2280.000000
1989.000000
2038.000000
1907.000000
2143.000000
1849.000000
1892.000000
1889.000000
2073.000000
2141.000000
2324.000000
2234.000000
2172.000000
2187.000000
2036.000000
1777.000000
1801.000000
2409.000000
2860.000000
2800.000000
2393.000000
1445.000000
711.000000
778.000000
922.000000
1475.000000
1348.000000
2134.000000
3279.000000
3677.000000
3926.000000
4212.000000
4130.000000
3921.000000
3804.000000
3652.000000
3507.000000
3174.000000
3290.000000
3326.000000
3631.000000
3902.000000
4579.000000
4705.000000
4622.000000
4613.000000
2168.000000
2280.000000
2427.000000
2224.000000
2113.000000
2346.000000
2596.000000
2651.000000
2439.000000
2282.000000
2552.000000
2071.000000
2193.000000
2365.000000
2405.000000
2283.000000
2323.000000
2045.000000
2019.000000
2117.000000
2085.000000
1973.000000
1932.000000
2022.000000
2007.000000
2120.000000
2348.000000
2276.000000
2259.000000
2419.000000
2285.000000
1898.000000
2195.000000
2386.000000
2404.000000
1951.000000
1916.000000
1613.000000
945.000000
816.000000
1152.000000
1006.000000
804.000000
1044.000000
1179.000000
1350.000000
1518.000000
2003.000000
2147.000000
2314.000000
3062.000000
3699.000000
3710.000000
3308.000000
3372.000000
3314.000000
3498.000000
3761.000000
4116.000000
4257.000000
4329.000000
4332.000000
1976.000000
2055.000000
2063.000000
2155.000000
2044.000000
2064.000000
2219.000000
2215.000000
2381.000000
2431.000000
2546.000000
2460.000000
2165.000000
2339.000000
2399.000000
2510.000000
2071.000000
1871.000000
1986.000000
1913.000000
1961.000000
2008.000000
1955.000000
1960.000000
2024.000000
2000.000000
1942.000000
1945.000000
1926.000000
1973.000000
1801.000000
1826.000000
1753.000000
2015.000000
1933.000000
1747.000000
1693.000000
1495.000000
1285.000000
942.000000
1067.000000
1204.000000
1434.000000
930.000000
688.000000
613.000000
609.000000
659.000000
794.000000
1042.000000
1341.000000
1507.000000
2082.000000
2678.000000
3123.000000
3160.000000
3102.000000
3575.000000
4255.000000
4192.000000
3958.000000
3847.000000
1983.000000
2071.000000
2088.000000
1929.000000
1859.000000
1982.000000
2068.000000
2132.000000
2347.000000
2432.000000
2351.000000
2249.000000
2401.000000
2265.000000
2253.000000
2126.000000
2221.000000
2157.000000
2295.000000
1815.000000
1718.000000
1839.000000
2017.000000
1997.000000
2006.000000
1789.000000
1811.000000
2068.000000
2169.000000
1754.000000
1589.000000
1740.000000
1764.000000
1735.000000
1658.000000
1651.000000
1802.000000
1587.000000
1325.000000
1521.000000
2009.000000
1844.000000
1250.000000
813.000000
827.000000
731.000000
857.000000
1411.000000
1578.000000
1208.000000
1082.000000
1239.000000
1315.000000
1753.000000
1784.000000
1638.000000
1209.000000
1648.000000
2529.000000
3329.000000
3998.000000
4082.000000
1874.000000
2093.000000
2088.000000
1931.000000
2052.000000
2079.000000
2226.000000
2217.000000
2204.000000
2370.000000
2239.000000
2150.000000
2090.000000
2221.000000
2050.000000
2084.000000
1990.000000
1902.000000
2082.000000
1969.000000
1883.000000
1919.000000
2167.000000
2339.000000
2810.000000
2954.000000
2483.000000
2400.000000
2649.000000
2275.000000
1879.000000
1866.000000
1718.000000
1863.000000
1925.000000
1543.000000
1508.000000
1774.000000
2146.000000
2035.000000
1742.000000
1700.000000
1599.000000
1031.000000
785.000000
1185.000000
1615.000000
1445.000000
914.000000
993.000000
1065.000000
1056.000000
938.000000
818.000000
1001.000000
1391.000000
1597.000000
1013.000000
854.000000
961.000000
1245.000000
1633.000000
2173.000000
1991.000000
2051.000000
2007.000000
2203.000000
2208.000000
2181.000000
2200.000000
2151.000000
2109.000000
2297.000000
2200.000000
1852.000000
2206.000000
2380.000000
2349.000000
2200.000000
2080.000000
2288.000000
2252.000000
2015.000000
1950.000000
1977.000000
2175.000000
2304.000000
2093.000000
2604.000000
2302.000000
2314.000000
1929.000000
1764.000000
1768.000000
1813.000000
2075.000000
1905.000000
1648.000000
1417.000000
1489.000000
1386.000000
1495.000000
1885.000000
1789.000000
959.000000
667.000000
934.000000
1258.000000
1245.000000
1080.000000
1057.000000
998.000000
876.000000
985.000000
977.000000
957.000000
1115.000000
1117.000000
1104.000000
1391.000000
1177.000000
1118.000000
1158.000000
1161.000000
