887.000000
1226.000000
887.000000
1106.000000
1494.000000
3647.000000
1164.000000
737.000000
1790.000000
1218.000000
599.000000
1380.000000
733.000000
698.000000
805.000000
763.000000
816.000000
1761.000000
565.000000
320.000000
372.000000
1234.000000
1360.000000
1603.000000
1021.000000
1582.000000
2172.000000
1038.000000
1521.000000
2695.000000
1080.000000
1125.000000
1110.000000
744.000000
689.000000
739.000000
1477.000000
2674.000000
510.000000
734.000000
612.000000
449.000000
1385.000000
2290.000000
1497.000000
1124.000000
1238.000000
1246.000000
1297.000000
1409.000000
1670.000000
783.000000
1635.000000
1042.000000
1087.000000
1356.000000
699.000000
1729.000000
913.000000
692.000000
422.000000
361.000000
424.000000
1433.000000
1727.000000
1151.000000
2325.000000
1498.000000
1273.000000
1787.000000
1520.000000
1773.000000
907.000000
908.000000
1117.000000
2167.000000
4545.000000
1494.000000
2081.000000
1055.000000
2990.000000
1956.000000
487.000000
391.000000
904.000000
2171.000000
1107.000000
1804.000000
2649.000000
1067.000000
1852.000000
852.000000
1411.000000
838.000000
1221.000000
2674.000000
2271.000000
2939.000000
1462.000000
959.000000
829.000000
3988.000000
2866.000000
1196.000000
849.000000
911.000000
1723.000000
1924.000000
1057.000000
1242.000000
2198.000000
855.000000
1788.000000
3236.000000
1018.000000
1249.000000
2536.000000
1039.000000
1943.000000
2067.000000
1004.000000
5293.000000
3772.000000
1909.000000
1141.000000
1058.000000
1381.000000
1369.000000
1657.000000
1903.000000
2183.000000
1390.000000
1200.000000
2145.000000
872.000000
1075.000000
1125.000000
2509.000000
1101.000000
960.000000
976.000000
1171.000000
4161.000000
5135.000000
1513.000000
1055.000000
1051.000000
1578.000000
1295.000000
1023.000000
1383.000000
842.000000
1289.000000
1503.000000
1280.000000
1849.000000
746.000000
843.000000
3986.000000
857.000000
1013.000000
840.000000
4066.000000
4828.000000
4085.000000
1407.000000
776.000000
683.000000
1930.000000
1545.000000
1330.000000
932.000000
550.000000
1323.000000
1931.000000
1443.000000
3310.000000
760.000000
959.000000
858.000000
789.000000
929.000000
765.000000
5548.000000
4441.000000
3841.000000
1709.000000
874.000000
883.000000
1506.000000
3132.000000
2994.000000
1187.000000
1094.000000
1545.000000
2389.000000
906.000000
1525.000000
877.000000
2961.000000
1381.000000
583.000000
832.000000
945.000000
4641.000000
3630.000000
4026.000000
1055.000000
1274.000000
753.000000
1270.000000
1292.000000
1204.000000
1453.000000
1139.000000
1524.000000
661.000000
1341.000000
637.000000
1616.000000
1162.000000
794.000000
737.000000
834.000000
2014.000000
3979.000000
5109.000000
1708.000000
1821.000000
1133.000000
641.000000
822.000000
899.000000
924.000000
3675.000000
1085.000000
1647.000000
1606.000000
499.000000
2965.000000
819.000000
1159.000000
1815.000000
1648.000000
954.000000
2524.000000
5237.000000
5380.000000
792.000000
2138.000000
883.000000
943.000000
992.000000
967.000000
2115.000000
1304.000000
1633.000000
2432.000000
2104.000000
1000.000000
722.000000
749.000000
1183.000000
812.000000
1291.000000
633.000000
2643.000000
5280.000000
5326.000000
801.000000
1353.000000
841.000000
1076.000000
1020.000000
941.000000
1001.000000
752.000000
2738.000000
1486.000000
1148.000000
1084.000000
821.000000
1751.000000
899.000000
1192.000000
2910.000000
1132.000000
2093.000000
3846.000000
4582.000000
929.000000
842.000000
929.000000
734.000000
440.000000
653.000000
963.000000
1013.000000
928.000000
6116.000000
2230.000000
1700.000000
911.000000
860.000000
1279.000000
1119.000000
4813.000000
3694.000000
1285.000000
3253.000000
2615.000000
1008.000000
1025.000000
1174.000000
1093.000000
794.000000
977.000000
1049.000000
1251.000000
936.000000
4694.000000
1800.000000
2993.000000
717.000000
1182.000000
917.000000
5994.000000
3872.000000
4039.000000
1197.000000
2396.000000
2130.000000
922.000000
1257.000000
723.000000
1671.000000
1377.000000
2018.000000
1578.000000
1160.000000
1376.000000
1556.000000
1407.000000
1229.000000
923.000000
1303.000000
1660.000000
3905.000000
4637.000000
4086.000000
1074.000000
2515.000000
532.000000
610.000000
2610.000000
1635.000000
1763.000000
1994.000000
1473.000000
1300.000000
1790.000000
1466.000000
944.000000
1135.000000
1571.000000
1002.000000
950.000000
4034.000000
4975.000000
5336.000000
3136.000000
1566.000000
2673.000000
493.000000
887.000000
1354.000000
2992.000000
1646.000000
1974.000000
1062.000000
877.000000
1226.000000
1572.000000
868.000000
1125.000000
1420.000000
586.000000
1367.000000
4249.000000
5332.000000
4991.000000
1598.000000
1041.000000
2783.000000
478.000000
810.000000
1154.000000
1536.000000
2255.000000
2264.000000
1735.000000
1180.000000
1502.000000
1852.000000
717.000000
1090.000000
816.000000
345.000000
2578.000000
4234.000000
4861.000000
5765.000000
1255.000000
753.000000
4261.000000
932.000000
596.000000
1089.000000
1030.000000
1608.000000
1428.000000
1376.000000
1456.000000
1978.000000
2310.000000
1055.000000
921.000000
858.000000
775.000000
4601.000000
4587.000000
5556.000000
5865.000000
2305.000000
659.000000
3592.000000
1905.000000
787.000000
947.000000
1077.000000
1762.000000
1453.000000
1240.000000
1650.000000
2215.000000
1021.000000
1537.000000
986.000000
1758.000000
3494.000000
5691.000000
4724.000000
5145.000000
4250.000000
2491.000000
877.000000
3596.000000
2096.000000
720.000000
742.000000
1214.000000
1499.000000
1241.000000
1695.000000
1338.000000
1880.000000
739.000000
1419.000000
1384.000000
2140.000000
6470.000000
6225.000000
4752.000000
5034.000000
1464.000000
2498.000000
952.000000
3589.000000
2657.000000
750.000000
611.000000
1283.000000
1777.000000
1806.000000
1838.000000
1924.000000
1968.000000
2043.000000
2182.000000
1668.000000
4523.000000
5013.000000
5469.000000
4634.000000
4448.000000
1956.000000
2272.000000
1250.000000
1264.000000
1927.000000
820.000000
505.000000
1089.000000
1458.000000
1818.000000
1469.000000
1661.000000
2018.000000
2380.000000
2084.000000
2848.000000
4904.000000
4897.000000
4154.000000
5040.000000
4834.000000
2386.000000
2278.000000
1027.000000
1026.000000
2273.000000
433.000000
391.000000
733.000000
695.000000
1645.000000
1123.000000
2399.000000
1594.000000
2144.000000
2731.000000
4456.000000
4350.000000
4786.000000
4838.000000
4635.000000
4922.000000
1866.000000
1381.000000
1480.000000
1107.000000
1102.000000
449.000000
1677.000000
1597.000000
1208.000000
1515.000000
793.000000
1454.000000
2548.000000
2019.000000
2515.000000
4714.000000
5723.000000
5302.000000
4927.000000
2958.000000
3810.000000
2023.000000
1753.000000
1413.000000
1159.000000
574.000000
783.000000
2912.000000
6184.000000
4732.000000
1617.000000
796.000000
1060.000000
2735.000000
1946.000000
4210.000000
5227.000000
5617.000000
5381.000000
5625.000000
2545.000000
3561.000000
1157.000000
2128.000000
1127.000000
713.000000
752.000000
1411.000000
4083.000000
4930.000000
7288.000000
1741.000000
768.000000
1338.000000
2150.000000
2091.000000
3267.000000
3564.000000
5990.000000
3807.000000
6240.000000
3505.000000
2682.000000
2098.000000
2367.000000
1325.000000
1608.000000
1012.000000
1739.000000
2104.000000
3861.000000
7173.000000
1247.000000
1609.000000
1537.000000
1403.000000
2167.000000
4968.000000
3962.000000
6294.000000
4607.000000
3808.000000
4443.000000
2708.000000
2024.000000
2494.000000
1753.000000
1966.000000
1716.000000
2075.000000
2547.000000
2914.000000
3729.000000
1210.000000
1527.000000
1736.000000
1724.000000
5014.000000
5225.000000
4588.000000
5019.000000
4764.000000
3652.000000
4573.000000
1691.000000
2647.000000
2096.000000
1727.000000
1924.000000
1536.000000
1685.000000
2463.000000
2838.000000
5826.000000
964.000000
1182.000000
1470.000000
2136.000000
4555.000000
5222.000000
4277.000000
5159.000000
4354.000000
3075.000000
3493.000000
1520.000000
2331.000000
2661.000000
1754.000000
1972.000000
2623.000000
1674.000000
2222.000000
2103.000000
1443.000000
596.000000
1354.000000
2547.000000
2644.000000
4821.000000
4846.000000
3713.000000
4488.000000
4039.000000
3639.000000
3899.000000
2609.000000
1932.000000
2993.000000
2889.000000
3426.000000
2797.000000
2553.000000
1250.000000
1378.000000
978.000000
1196.000000
1395.000000
2511.000000
3192.000000
6540.000000
4718.000000
5207.000000
2174.000000
5477.000000
2012.000000
2788.000000
2946.000000
2780.000000
1767.000000
2928.000000
2371.000000
1981.000000
1696.000000
2212.000000
1672.000000
1881.000000
1696.000000
2285.000000
1607.000000
3349.000000
4384.000000
4822.000000
4873.000000
3594.000000
6357.000000
5412.000000
4511.000000
2252.000000
2882.000000
2336.000000
2705.000000
1754.000000
1359.000000
630.000000
3512.000000
2872.000000
1312.000000
1621.000000
2311.000000
2011.000000
3441.000000
5324.000000
5264.000000
5848.000000
3320.000000
5351.000000
6264.000000
6865.000000
2447.000000
682.000000
1025.000000
1004.000000
1269.000000
657.000000
1423.000000
3044.000000
3121.000000
1699.000000
1526.000000
1326.000000
2134.000000
3028.000000
2712.000000
3721.000000
3761.000000
4876.000000
5300.000000
4809.000000
4103.000000
1798.000000
588.000000
800.000000
509.000000
1034.000000
598.000000
1220.000000
2879.000000
3175.000000
1329.000000
1443.000000
1332.000000
2397.000000
3549.000000
3330.000000
6475.000000
2987.000000
5074.000000
4999.000000
2780.000000
3849.000000
1977.000000
728.000000
839.000000
1013.000000
853.000000
911.000000
579.000000
1300.000000
2086.000000
2302.000000
1095.000000
1527.000000
1665.000000
3288.000000
3874.000000
6782.000000
3362.000000
4073.000000
5454.000000
3167.000000
5957.000000
2612.000000
1357.000000
898.000000
1085.000000
844.000000
846.000000
546.000000
1161.000000
768.000000
1588.000000
974.000000
865.000000
1217.000000
3225.000000
4784.000000
4463.000000
3182.000000
2317.000000
6703.000000
3212.000000
8614.000000
5604.000000
4971.000000
1287.000000
988.000000
1391.000000
1325.000000
1018.000000
962.000000
1199.000000
682.000000
713.000000
720.000000
1117.000000
4238.000000
3005.000000
5789.000000
2009.000000
3675.000000
5422.000000
5855.000000
8631.000000
6071.000000
1574.000000
1372.000000
1796.000000
2106.000000
1207.000000
1042.000000
1120.000000
1713.000000
1696.000000
1149.000000
1284.000000
1215.000000
4175.000000
4652.000000
4373.000000
3160.000000
3211.000000
3960.000000
7444.000000
8563.000000
5309.000000
5301.000000
5477.000000
3303.000000
2642.000000
1731.000000
1571.000000
1347.000000
2201.000000
2001.000000
1544.000000
4043.000000
1576.000000
4137.000000
2726.000000
3674.000000
4167.000000
2404.000000
3283.000000
8661.000000
8552.000000
7178.000000
6943.000000
3989.000000
4706.000000
2651.000000
1797.000000
2289.000000
3760.000000
2789.000000
1767.000000
