7788.000000
7572.000000
6850.000000
6053.000000
5667.000000
5123.000000
5460.000000
6516.000000
5935.000000
5318.000000
5757.000000
4736.000000
4462.000000
5201.000000
3725.000000
3316.000000
3048.000000
2847.000000
2569.000000
2221.000000
1932.000000
1719.000000
1632.000000
1562.000000
2034.000000
1947.000000
2101.000000
1896.000000
1707.000000
7497.000000
7564.000000
6501.000000
5835.000000
5307.000000
4834.000000
5186.000000
6341.000000
6344.000000
5832.000000
6145.000000
5362.000000
4526.000000
4753.000000
4018.000000
3269.000000
3001.000000
2927.000000
2637.000000
2273.000000
2099.000000
1915.000000
1973.000000
1845.000000
2106.000000
2012.000000
2055.000000
1718.000000
1753.000000
6799.000000
7069.000000
5897.000000
5373.000000
5148.000000
4963.000000
5446.000000
6706.000000
6851.000000
6352.000000
6728.000000
6516.000000
5097.000000
4585.000000
3977.000000
3326.000000
2934.000000
3002.000000
2729.000000
2381.000000
2323.000000
2042.000000
2299.000000
2159.000000
2163.000000
2170.000000
1938.000000
1694.000000
1735.000000
6168.000000
6397.000000
5323.000000
5250.000000
5340.000000
5348.000000
6190.000000
6898.000000
7227.000000
7405.000000
7549.000000
7131.000000
5943.000000
5198.000000
3797.000000
3406.000000
2892.000000
3109.000000
2875.000000
2567.000000
2581.000000
2128.000000
2603.000000
2327.000000
2170.000000
2313.000000
1820.000000
1779.000000
1742.000000
6113.000000
6147.000000
5159.000000
5169.000000
5326.000000
5591.000000
6646.000000
7002.000000
7424.000000
7715.000000
7857.000000
7365.000000
6540.000000
5525.000000
3997.000000
3539.000000
2832.000000
3152.000000
2957.000000
2761.000000
2861.000000
2278.000000
2880.000000
2328.000000
2200.000000
2328.000000
1632.000000
1723.000000
1802.000000
5586.000000
5635.000000
5177.000000
5191.000000
5124.000000
5685.000000
6909.000000
7005.000000
7124.000000
6860.000000
7211.000000
7318.000000
6948.000000
5569.000000
4359.000000
3582.000000
2991.000000
3412.000000
3139.000000
2992.000000
3010.000000
2301.000000
2921.000000
2151.000000
2184.000000
2362.000000
1645.000000
1684.000000
1924.000000
5406.000000
5546.000000
5407.000000
5407.000000
5080.000000
5552.000000
6813.000000
6944.000000
6892.000000
6716.000000
7056.000000
7548.000000
7282.000000
5866.000000
4572.000000
3489.000000
3095.000000
3689.000000
3257.000000
3207.000000
3081.000000
2171.000000
2797.000000
2032.000000
2147.000000
2114.000000
1469.000000
1592.000000
1890.000000
5062.000000
5305.000000
5286.000000
5224.000000
5024.000000
5154.000000
6052.000000
6334.000000
6174.000000
6385.000000
7118.000000
7439.000000
7109.000000
6463.000000
5143.000000
3666.000000
3177.000000
3886.000000
3279.000000
3272.000000
2962.000000
1965.000000
2672.000000
2187.000000
2343.000000
2152.000000
1512.000000
1590.000000
1834.000000
4837.000000
5250.000000
5288.000000
5035.000000
4919.000000
4601.000000
5201.000000
5573.000000
5913.000000
6199.000000
6913.000000
7475.000000
6799.000000
6556.000000
5424.000000
3731.000000
3206.000000
3849.000000
3182.000000
3190.000000
2777.000000
1909.000000
2595.000000
2233.000000
2321.000000
2139.000000
1583.000000
1503.000000
1757.000000
4054.000000
4387.000000
4467.000000
4961.000000
5212.000000
4838.000000
4855.000000
5274.000000
5797.000000
5929.000000
6504.000000
7399.000000
6649.000000
6030.000000
4960.000000
3742.000000
3204.000000
3776.000000
3159.000000
3078.000000
2614.000000
2027.000000
2637.000000
2204.000000
2124.000000
2052.000000
1589.000000
1511.000000
1810.000000
3919.000000
4306.000000
4378.000000
5288.000000
5436.000000
5470.000000
5317.000000
5770.000000
6123.000000
6333.000000
6856.000000
7739.000000
7140.000000
6239.000000
4599.000000
3723.000000
3112.000000
3603.000000
3076.000000
2911.000000
2470.000000
2196.000000
2632.000000
2346.000000
2078.000000
1977.000000
1567.000000
1506.000000
1799.000000
3915.000000
4198.000000
4470.000000
5523.000000
6137.000000
6332.000000
6282.000000
6542.000000
6443.000000
6695.000000
7193.000000
7301.000000
7052.000000
6492.000000
4389.000000
3797.000000
3060.000000
3489.000000
3069.000000
2819.000000
2391.000000
2325.000000
2433.000000
2310.000000
1952.000000
1854.000000
1589.000000
1646.000000
1796.000000
4318.000000
4693.000000
5064.000000
5755.000000
6750.000000
7127.000000
7265.000000
7257.000000
7027.000000
6764.000000
7213.000000
7153.000000
7245.000000
6539.000000
4109.000000
3675.000000
3044.000000
3410.000000
3176.000000
2921.000000
2470.000000
2479.000000
2292.000000
2099.000000
1857.000000
1744.000000
1625.000000
1909.000000
1970.000000
5123.000000
5382.000000
5681.000000
6202.000000
7442.000000
7742.000000
7997.000000
7672.000000
7483.000000
7025.000000
7264.000000
7198.000000
7333.000000
6500.000000
4733.000000
4098.000000
3358.000000
3406.000000
3172.000000
2915.000000
2490.000000
2629.000000
2168.000000
1812.000000
1841.000000
1673.000000
1580.000000
1919.000000
1884.000000
5736.000000
5978.000000
6365.000000
6507.000000
7532.000000
8128.000000
8119.000000
7872.000000
7917.000000
7610.000000
8144.000000
8259.000000
7676.000000
6716.000000
5973.000000
5085.000000
4317.000000
3981.000000
3473.000000
2959.000000
2448.000000
2672.000000
2096.000000
1866.000000
1986.000000
1626.000000
1687.000000
1989.000000
1785.000000
5762.000000
5821.000000
6728.000000
6901.000000
7844.000000
8373.000000
8367.000000
8209.000000
8467.000000
8364.000000
8592.000000
8779.000000
8308.000000
7345.000000
6878.000000
6039.000000
5794.000000
5664.000000
5267.000000
4408.000000
3310.000000
2974.000000
2113.000000
1814.000000
1697.000000
1426.000000
1615.000000
1930.000000
1750.000000
5730.000000
6108.000000
6941.000000
6684.000000
7661.000000
8101.000000
8433.000000
8708.000000
8999.000000
9123.000000
9189.000000
9278.000000
8863.000000
8309.000000
8113.000000
7434.000000
7337.000000
7102.000000
6893.000000
6279.000000
5382.000000
4680.000000
3353.000000
2618.000000
1909.000000
1626.000000
1568.000000
1878.000000
2171.000000
5817.000000
6465.000000
7095.000000
7313.000000
8174.000000
8326.000000
8938.000000
9548.000000
9573.000000
10010.000000
10024.000000
10275.000000
9637.000000
9237.000000
9190.000000
9004.000000
9256.000000
9076.000000
8858.000000
8079.000000
7186.000000
6515.000000
5394.000000
4615.000000
3676.000000
3247.000000
2721.000000
2665.000000
2578.000000
5117.000000
6146.000000
6590.000000
7545.000000
8514.000000
8998.000000
9839.000000
10085.000000
9949.000000
10642.000000
10558.000000
10821.000000
10310.000000
10328.000000
10063.000000
10037.000000
10510.000000
10604.000000
10722.000000
10062.000000
9324.000000
8535.000000
7521.000000
6693.000000
5672.000000
5084.000000
4659.000000
4534.000000
4403.000000
5422.000000
6201.000000
6479.000000
7985.000000
8722.000000
9578.000000
10223.000000
9911.000000
9783.000000
10573.000000
10658.000000
10620.000000
10516.000000
10582.000000
10455.000000
10656.000000
11287.000000
11673.000000
12089.000000
11671.000000
11296.000000
10637.000000
9787.000000
9229.000000
8400.000000
7657.000000
7060.000000
6319.000000
5725.000000
5426.000000
6130.000000
6677.000000
8182.000000
8486.000000
9319.000000
9673.000000
9583.000000
9323.000000
9966.000000
10239.000000
10291.000000
10850.000000
10957.000000
11007.000000
11206.000000
11664.000000
11932.000000
12243.000000
11817.000000
11821.000000
11738.000000
11640.000000
11409.000000
10682.000000
10032.000000
9300.000000
8212.000000
7535.000000
5690.000000
6175.000000
6697.000000
7866.000000
8227.000000
8987.000000
9147.000000
9265.000000
8918.000000
9769.000000
10245.000000
10452.000000
11046.000000
10896.000000
11003.000000
11334.000000
11772.000000
11989.000000
12203.000000
11795.000000
11959.000000
12021.000000
12269.000000
12365.000000
12026.000000
11718.000000
11015.000000
9567.000000
8484.000000
5471.000000
5697.000000
6263.000000
7155.000000
7778.000000
8381.000000
8634.000000
8994.000000
9119.000000
9933.000000
10206.000000
10341.000000
10848.000000
10473.000000
10699.000000
11281.000000
11613.000000
11848.000000
11929.000000
11628.000000
11753.000000
11818.000000
12019.000000
11975.000000
11974.000000
11424.000000
10948.000000
9836.000000
9127.000000
5835.000000
6042.000000
6342.000000
6620.000000
7072.000000
7416.000000
7663.000000
8367.000000
9028.000000
9881.000000
10390.000000
10211.000000
10569.000000
9763.000000
9782.000000
10617.000000
10746.000000
11165.000000
11519.000000
11412.000000
11319.000000
11331.000000
11521.000000
11288.000000
11553.000000
10576.000000
10246.000000
9215.000000
8547.000000
6104.000000
6310.000000
6330.000000
6348.000000
6656.000000
6657.000000
6781.000000
7978.000000
8614.000000
9481.000000
10225.000000
9671.000000
9758.000000
9223.000000
9233.000000
9762.000000
9616.000000
10138.000000
10584.000000
10622.000000
10430.000000
10731.000000
10524.000000
10313.000000
10558.000000
9455.000000
9296.000000
8339.000000
7786.000000
6381.000000
6609.000000
6482.000000
6272.000000
6430.000000
6241.000000
6322.000000
7677.000000
8330.000000
8948.000000
9724.000000
9124.000000
8927.000000
8522.000000
8580.000000
8545.000000
8490.000000
9146.000000
9362.000000
9464.000000
9522.000000
9986.000000
9460.000000
9198.000000
9310.000000
8238.000000
8235.000000
7356.000000
7256.000000
6671.000000
6801.000000
6519.000000
6176.000000
6276.000000
6088.000000
6081.000000
7149.000000
7825.000000
8205.000000
9068.000000
8689.000000
8322.000000
8022.000000
7788.000000
7646.000000
7685.000000
7953.000000
8025.000000
8349.000000
8349.000000
8719.000000
8346.000000
8315.000000
8203.000000
7294.000000
7115.000000
6514.000000
6863.000000
6707.000000
6768.000000
6520.000000
6292.000000
6371.000000
6197.000000
5986.000000
6424.000000
6912.000000
7367.000000
8283.000000
8056.000000
7899.000000
7939.000000
7540.000000
7403.000000
7141.000000
6837.000000
6909.000000
7389.000000
7279.000000
7479.000000
7539.000000
7458.000000
7211.000000
6703.000000
6191.000000
6078.000000
6354.000000
