7461.000000
11424.000000
9753.000000
7115.000000
7732.000000
7111.000000
5353.000000
8271.000000
10720.000000
8215.000000
10964.000000
9482.000000
9423.000000
9404.000000
3843.000000
7742.000000
8014.000000
5518.000000
7941.000000
9037.000000
10763.000000
10913.000000
11598.000000
13245.000000
13333.000000
5483.000000
8959.000000
6653.000000
7868.000000
9395.000000
9151.000000
8906.000000
7145.000000
12606.000000
12875.000000
13237.000000
7041.000000
6699.000000
6075.000000
4754.000000
7173.000000
11429.000000
10274.000000
9513.000000
12928.000000
10242.000000
12839.000000
5969.000000
7918.000000
7933.000000
7485.000000
10380.000000
9251.000000
7152.000000
6023.000000
7139.000000
7164.000000
10731.000000
7008.000000
9043.000000
9437.000000
11413.000000
7382.000000
7615.000000
12077.000000
7699.000000
8643.000000
11583.000000
8838.000000
9974.000000
6985.000000
11038.000000
5170.000000
7286.000000
6171.000000
6085.000000
5932.000000
8834.000000
10337.000000
6011.000000
9333.000000
7081.000000
8081.000000
8970.000000
7207.000000
8154.000000
6094.000000
5476.000000
8243.000000
6967.000000
9304.000000
6006.000000
9286.000000
9330.000000
5958.000000
7546.000000
5456.000000
7857.000000
7994.000000
8114.000000
8874.000000
6240.000000
7652.000000
8446.000000
9504.000000
8910.000000
10745.000000
7070.000000
7440.000000
6625.000000
6972.000000
9406.000000
8432.000000
9932.000000
9594.000000
7752.000000
9109.000000
12645.000000
11368.000000
10287.000000
8077.000000
