1032.000000
1160.000000
1070.000000
1519.000000
1610.000000
1675.000000
1685.000000
1546.000000
2006.000000
2416.000000
2142.000000
2409.000000
2495.000000
2154.000000
1897.000000
1260.000000
1155.000000
1401.000000
1576.000000
1782.000000
1728.000000
1441.000000
1477.000000
1119.000000
902.000000
998.000000
1473.000000
1509.000000
1554.000000
1577.000000
1903.000000
1803.000000
1988.000000
2179.000000
2526.000000
2921.000000
2599.000000
2768.000000
2485.000000
2515.000000
1604.000000
1053.000000
1316.000000
1292.000000
1962.000000
1840.000000
1587.000000
1309.000000
1398.000000
1363.000000
1057.000000
1119.000000
1580.000000
1809.000000
2126.000000
2176.000000
2241.000000
2129.000000
2347.000000
2539.000000
2299.000000
2451.000000
2287.000000
2458.000000
2252.000000
2335.000000
1844.000000
1764.000000
1424.000000
1327.000000
1395.000000
1700.000000
1831.000000
1454.000000
1371.000000
1361.000000
1079.000000
863.000000
1521.000000
1694.000000
1970.000000
2084.000000
2047.000000
2078.000000
2308.000000
2049.000000
2015.000000
2275.000000
2423.000000
2479.000000
2321.000000
2348.000000
1849.000000
1843.000000
1943.000000
1261.000000
1376.000000
1124.000000
1595.000000
1594.000000
1363.000000
1174.000000
1041.000000
946.000000
1626.000000
1905.000000
2037.000000
1839.000000
1876.000000
1850.000000
2059.000000
2035.000000
2299.000000
2451.000000
2407.000000
2551.000000
2626.000000
2942.000000
2583.000000
1943.000000
2549.000000
2097.000000
2113.000000
1689.000000
2309.000000
1460.000000
1569.000000
1290.000000
1274.000000
1116.000000
1845.000000
2074.000000
2163.000000
1982.000000
1978.000000
2358.000000
2582.000000
2221.000000
2083.000000
2416.000000
2677.000000
2957.000000
3067.000000
3000.000000
2776.000000
2728.000000
2552.000000
2282.000000
2334.000000
2919.000000
3680.000000
3480.000000
1653.000000
1368.000000
1088.000000
1071.000000
2089.000000
2153.000000
2055.000000
2255.000000
2289.000000
2295.000000
2558.000000
3063.000000
2641.000000
2775.000000
2712.000000
2895.000000
3387.000000
3291.000000
5410.000000
3470.000000
3172.000000
3343.000000
1641.000000
3469.000000
3647.000000
4169.000000
3996.000000
1986.000000
1238.000000
1182.000000
2662.000000
2396.000000
2584.000000
2972.000000
2742.000000
3080.000000
3750.000000
3834.000000
3655.000000
3426.000000
3271.000000
3154.000000
3723.000000
4040.000000
1677.000000
5573.000000
5102.000000
4899.000000
4449.000000
3091.000000
2687.000000
4021.000000
4069.000000
1971.000000
1415.000000
1338.000000
2363.000000
2309.000000
3484.000000
3728.000000
4060.000000
3758.000000
4305.000000
4487.000000
4507.000000
3566.000000
4785.000000
5742.000000
4514.000000
4333.000000
4581.000000
5582.000000
5586.000000
6351.000000
5993.000000
5956.000000
3081.000000
3291.000000
2678.000000
2052.000000
2458.000000
2106.000000
1674.000000
1542.000000
3168.000000
3631.000000
3677.000000
3688.000000
3628.000000
4692.000000
3748.000000
1339.000000
4816.000000
5290.000000
6050.000000
3534.000000
6225.000000
7195.000000
6549.000000
7076.000000
5167.000000
5529.000000
5073.000000
4226.000000
4140.000000
3041.000000
3606.000000
3052.000000
4624.000000
3709.000000
5327.000000
1123.000000
3668.000000
6770.000000
5435.000000
6288.000000
5680.000000
6046.000000
4507.000000
5095.000000
5178.000000
8156.000000
8468.000000
5176.000000
7251.000000
2509.000000
3962.000000
2655.000000
2502.000000
4310.000000
3471.000000
3442.000000
4215.000000
2929.000000
4120.000000
5138.000000
5811.000000
4026.000000
3215.000000
7373.000000
2748.000000
4413.000000
6196.000000
6329.000000
2121.000000
5404.000000
3941.000000
5147.000000
8008.000000
6894.000000
5627.000000
3346.000000
6841.000000
3313.000000
3710.000000
5633.000000
5013.000000
3692.000000
3947.000000
3310.000000
4348.000000
2746.000000
1535.000000
6417.000000
7282.000000
3458.000000
5868.000000
5193.000000
8142.000000
6931.000000
6677.000000
5412.000000
5072.000000
4773.000000
9328.000000
5147.000000
7930.000000
6132.000000
6819.000000
6082.000000
4192.000000
5838.000000
6164.000000
4770.000000
4855.000000
4689.000000
3759.000000
5917.000000
3877.000000
7163.000000
6316.000000
7368.000000
7513.000000
7719.000000
4536.000000
4176.000000
7164.000000
6485.000000
5172.000000
4732.000000
7858.000000
7343.000000
8553.000000
8242.000000
6931.000000
6683.000000
4611.000000
5339.000000
5724.000000
5122.000000
4737.000000
4469.000000
5619.000000
5481.000000
5906.000000
6142.000000
7510.000000
7807.000000
7060.000000
4565.000000
7811.000000
6332.000000
6253.000000
7099.000000
5893.000000
5375.000000
8024.000000
8873.000000
8816.000000
8589.000000
7697.000000
4644.000000
4975.000000
4754.000000
4130.000000
4263.000000
4152.000000
3631.000000
4555.000000
3811.000000
6568.000000
3883.000000
6502.000000
4579.000000
7527.000000
8493.000000
7822.000000
3281.000000
4369.000000
5512.000000
2845.000000
6224.000000
7807.000000
9227.000000
7143.000000
3150.000000
6594.000000
786.000000
5111.000000
6289.000000
3277.000000
4360.000000
3450.000000
3094.000000
5682.000000
4770.000000
946.000000
5278.000000
7627.000000
7464.000000
6247.000000
4675.000000
6580.000000
5027.000000
6924.000000
2057.000000
3140.000000
2854.000000
2593.000000
7108.000000
6969.000000
6884.000000
4971.000000
6046.000000
3954.000000
5215.000000
4248.000000
4718.000000
3962.000000
3388.000000
5248.000000
6518.000000
6355.000000
6518.000000
5821.000000
7107.000000
5249.000000
8830.000000
5322.000000
7224.000000
6508.000000
6252.000000
6158.000000
4823.000000
3685.000000
4466.000000
6623.000000
6682.000000
6915.000000
6253.000000
5462.000000
3563.000000
5582.000000
4618.000000
5273.000000
3463.000000
4205.000000
1918.000000
6083.000000
2437.000000
4032.000000
6525.000000
4446.000000
8024.000000
8084.000000
2547.000000
6383.000000
6461.000000
6248.000000
2172.000000
5945.000000
4314.000000
5337.000000
5046.000000
4673.000000
4393.000000
6358.000000
5646.000000
3555.000000
2646.000000
4669.000000
2046.000000
3501.000000
5716.000000
3971.000000
6779.000000
2369.000000
7613.000000
8181.000000
6430.000000
2332.000000
6811.000000
2966.000000
2609.000000
3672.000000
2691.000000
3758.000000
2203.000000
5440.000000
4555.000000
3925.000000
2484.000000
3210.000000
1881.000000
2050.000000
1742.000000
2256.000000
1432.000000
3438.000000
4046.000000
5990.000000
1132.000000
6125.000000
4421.000000
2734.000000
3621.000000
7795.000000
7042.000000
6116.000000
6457.000000
1700.000000
1362.000000
6015.000000
3993.000000
4569.000000
3048.000000
2028.000000
2880.000000
2414.000000
2355.000000
2756.000000
2994.000000
1455.000000
1645.000000
4845.000000
4448.000000
1731.000000
5775.000000
2431.000000
4562.000000
7170.000000
7508.000000
7351.000000
1515.000000
7463.000000
5165.000000
3430.000000
6682.000000
5543.000000
2895.000000
3796.000000
3879.000000
3724.000000
3255.000000
2553.000000
1966.000000
2354.000000
2031.000000
1674.000000
1873.000000
3990.000000
2154.000000
3452.000000
5080.000000
6113.000000
4813.000000
2570.000000
3164.000000
4020.000000
5098.000000
4902.000000
3241.000000
4104.000000
3661.000000
4789.000000
5684.000000
4626.000000
5769.000000
4915.000000
3779.000000
3246.000000
3076.000000
3211.000000
2848.000000
2684.000000
2493.000000
3694.000000
3931.000000
3449.000000
5501.000000
4870.000000
5658.000000
2181.000000
7037.000000
2515.000000
2089.000000
3357.000000
2581.000000
5887.000000
5022.000000
6583.000000
5548.000000
5807.000000
5185.000000
5091.000000
4595.000000
2816.000000
2170.000000
2873.000000
3311.000000
3000.000000
3461.000000
3167.000000
2686.000000
1807.000000
3054.000000
5024.000000
3138.000000
6666.000000
1689.000000
4117.000000
2043.000000
2875.000000
5595.000000
5608.000000
1608.000000
6029.000000
5186.000000
5130.000000
5554.000000
5015.000000
4844.000000
3369.000000
3020.000000
3633.000000
3295.000000
3384.000000
3019.000000
1727.000000
1684.000000
2939.000000
3901.000000
6253.000000
4261.000000
4610.000000
5723.000000
4128.000000
1302.000000
4192.000000
5398.000000
2825.000000
3366.000000
5264.000000
5819.000000
5176.000000
4499.000000
4766.000000
4846.000000
2942.000000
4062.000000
3605.000000
3912.000000
3599.000000
2997.000000
