4382.000000
2819.000000
4643.000000
5644.000000
4136.000000
4780.000000
4086.000000
5693.000000
6496.000000
6332.000000
6765.000000
4708.000000
7598.000000
8750.000000
8760.000000
10630.000000
7567.000000
8076.000000
4364.000000
6774.000000
4267.000000
5133.000000
5271.000000
7095.000000
7020.000000
5583.000000
6669.000000
7233.000000
7570.000000
7009.000000
7375.000000
8538.000000
7073.000000
7545.000000
8067.000000
8800.000000
2971.000000
4227.000000
3622.000000
5207.000000
8276.000000
4982.000000
5349.000000
4418.000000
7107.000000
6114.000000
4430.000000
6799.000000
8228.000000
6054.000000
5195.000000
6358.000000
8944.000000
8575.000000
3828.000000
6106.000000
5689.000000
7336.000000
6071.000000
4451.000000
9372.000000
6044.000000
8507.000000
7888.000000
10591.000000
12657.000000
9986.000000
7284.000000
6029.000000
5681.000000
7736.000000
9231.000000
4474.000000
3115.000000
5386.000000
4947.000000
4783.000000
5401.000000
8603.000000
7654.000000
7008.000000
8219.000000
7166.000000
8903.000000
7033.000000
5525.000000
7044.000000
5876.000000
9715.000000
10748.000000
4628.000000
5058.000000
7021.000000
5771.000000
2849.000000
7473.000000
9530.000000
9480.000000
6130.000000
9512.000000
9524.000000
8780.000000
5796.000000
6041.000000
6263.000000
7074.000000
7752.000000
8496.000000
6304.000000
7999.000000
8307.000000
2883.000000
2115.000000
6650.000000
7927.000000
6502.000000
4378.000000
5960.000000
7290.000000
6361.000000
8958.000000
3655.000000
5713.000000
7437.000000
8376.000000
10079.000000
5650.000000
5048.000000
4306.000000
7047.000000
7449.000000
4975.000000
7754.000000
9012.000000
9465.000000
6968.000000
7712.000000
7107.000000
4960.000000
5462.000000
4585.000000
4896.000000
4321.000000
5354.000000
8920.000000
9168.000000
6942.000000
7643.000000
6797.000000
5374.000000
4951.000000
2765.000000
6652.000000
5332.000000
5740.000000
6557.000000
7090.000000
6840.000000
6687.000000
6066.000000
5314.000000
5911.000000
