8185.000000
8443.000000
9087.000000
9609.000000
9566.000000
9501.000000
9374.000000
9371.000000
9216.000000
9066.000000
8973.000000
9673.000000
7912.000000
9687.000000
9573.000000
9764.000000
9615.000000
9469.000000
8042.000000
8473.000000
8676.000000
5819.000000
3364.000000
4491.000000
6634.000000
9070.000000
9235.000000
3758.000000
4963.000000
4796.000000
4755.000000
2242.000000
2524.000000
4136.000000
5715.000000
5258.000000
3100.000000
4110.000000
4790.000000
3672.000000
1447.000000
3477.000000
2134.000000
4114.000000
3938.000000
2858.000000
4500.000000
4740.000000
3938.000000
1469.000000
3289.000000
2490.000000
3330.000000
3562.000000
3344.000000
2927.000000
2958.000000
2633.000000
2473.000000
3204.000000
3744.000000
2171.000000
3172.000000
5485.000000
5401.000000
6791.000000
6459.000000
2468.000000
1808.000000
5963.000000
3375.000000
6834.000000
5138.000000
6410.000000
6995.000000
6765.000000
6712.000000
6920.000000
6538.000000
6173.000000
5724.000000
