17.000000
186.000000
207.000000
81.000000
1550.000000
182.000000
223.000000
877.000000
102.000000
140.000000
212.000000
355.000000
963.000000
1055.000000
946.000000
180.000000
55.000000
153.000000
167.000000
624.000000
639.000000
46.000000
28.000000
39.000000
53.000000
261.000000
1246.000000
423.000000
106.000000
155.000000
203.000000
263.000000
304.000000
1207.000000
1875.000000
2955.000000
700.000000
122.000000
68.000000
309.000000
150.000000
513.000000
580.000000
41.000000
31.000000
31.000000
38.000000
466.000000
1914.000000
1597.000000
126.000000
98.000000
264.000000
2844.000000
5017.000000
4854.000000
5101.000000
5471.000000
3167.000000
99.000000
55.000000
730.000000
99.000000
265.000000
370.000000
154.000000
39.000000
39.000000
21.000000
931.000000
2813.000000
1852.000000
107.000000
298.000000
3376.000000
4434.000000
4196.000000
4492.000000
3658.000000
4117.000000
4095.000000
3546.000000
324.000000
833.000000
65.000000
235.000000
521.000000
278.000000
39.000000
39.000000
81.000000
996.000000
3352.000000
1284.000000
178.000000
2121.000000
4133.000000
4139.000000
3352.000000
6021.000000
7113.000000
4600.000000
2312.000000
3239.000000
3785.000000
255.000000
144.000000
89.000000
296.000000
204.000000
39.000000
39.000000
38.000000
558.000000
3150.000000
846.000000
490.000000
4019.000000
3897.000000
3502.000000
3648.000000
4544.000000
6571.000000
4765.000000
2128.000000
2705.000000
3738.000000
163.000000
133.000000
90.000000
222.000000
49.000000
39.000000
39.000000
24.000000
677.000000
2216.000000
496.000000
4123.000000
4293.000000
5055.000000
4720.000000
4562.000000
5065.000000
4863.000000
1793.000000
2000.000000
2367.000000
3143.000000
60.000000
48.000000
38.000000
212.000000
28.000000
39.000000
39.000000
39.000000
471.000000
741.000000
1692.000000
4789.000000
5134.000000
4425.000000
4945.000000
4615.000000
3543.000000
4389.000000
2974.000000
1583.000000
2142.000000
7542.000000
70.000000
90.000000
14.000000
152.000000
28.000000
39.000000
39.000000
39.000000
280.000000
591.000000
4604.000000
4481.000000
4779.000000
3570.000000
2906.000000
2745.000000
4192.000000
6373.000000
1213.000000
2704.000000
6328.000000
7859.000000
160.000000
58.000000
21.000000
39.000000
39.000000
39.000000
39.000000
39.000000
207.000000
3241.000000
5157.000000
5007.000000
4971.000000
4678.000000
4112.000000
1870.000000
5858.000000
2020.000000
2497.000000
2616.000000
4393.000000
7729.000000
128.000000
40.000000
32.000000
39.000000
39.000000
39.000000
39.000000
36.000000
313.000000
3069.000000
4467.000000
4885.000000
4836.000000
4685.000000
4433.000000
1448.000000
7107.000000
1192.000000
3077.000000
1076.000000
4796.000000
7928.000000
389.000000
130.000000
39.000000
36.000000
33.000000
39.000000
39.000000
21.000000
192.000000
3565.000000
4488.000000
4287.000000
5464.000000
5169.000000
4174.000000
1518.000000
3203.000000
1385.000000
4715.000000
437.000000
5229.000000
7123.000000
442.000000
142.000000
39.000000
69.000000
64.000000
39.000000
86.000000
149.000000
1120.000000
4999.000000
4688.000000
5176.000000
5594.000000
5855.000000
4362.000000
1567.000000
2874.000000
751.000000
3455.000000
1341.000000
5647.000000
2827.000000
209.000000
71.000000
39.000000
55.000000
202.000000
50.000000
220.000000
166.000000
1986.000000
2609.000000
3141.000000
5100.000000
5459.000000
5883.000000
5521.000000
3309.000000
503.000000
483.000000
478.000000
125.000000
4221.000000
126.000000
178.000000
103.000000
32.000000
188.000000
611.000000
692.000000
268.000000
189.000000
1953.000000
4670.000000
2978.000000
4730.000000
5697.000000
5716.000000
5656.000000
4495.000000
1034.000000
113.000000
42.000000
365.000000
2061.000000
201.000000
571.000000
274.000000
50.000000
262.000000
453.000000
2369.000000
952.000000
1136.000000
632.000000
3555.000000
983.000000
4065.000000
3861.000000
5941.000000
5502.000000
6602.000000
3872.000000
452.000000
93.000000
512.000000
556.000000
497.000000
1103.000000
684.000000
169.000000
629.000000
201.000000
1970.000000
2847.000000
5267.000000
1155.000000
2369.000000
1522.000000
2761.000000
4920.000000
5636.000000
6153.000000
6060.000000
6455.000000
1027.000000
538.000000
273.000000
336.000000
573.000000
1139.000000
532.000000
388.000000
737.000000
129.000000
738.000000
5404.000000
4941.000000
2539.000000
2119.000000
3666.000000
2124.000000
895.000000
4558.000000
3679.000000
5364.000000
6171.000000
1337.000000
1096.000000
407.000000
119.000000
307.000000
639.000000
39.000000
615.000000
1334.000000
443.000000
846.000000
2896.000000
4230.000000
3007.000000
2707.000000
2660.000000
4332.000000
2737.000000
4254.000000
5370.000000
6164.000000
6753.000000
2156.000000
378.000000
71.000000
69.000000
319.000000
623.000000
196.000000
800.000000
1228.000000
343.000000
2039.000000
1380.000000
3583.000000
1135.000000
2206.000000
878.000000
2829.000000
2048.000000
4216.000000
2444.000000
4663.000000
4908.000000
1916.000000
1442.000000
73.000000
71.000000
581.000000
785.000000
965.000000
828.000000
631.000000
162.000000
930.000000
1403.000000
2798.000000
1317.000000
3104.000000
3066.000000
3238.000000
3362.000000
2782.000000
4355.000000
6834.000000
4255.000000
1634.000000
6288.000000
57.000000
101.000000
524.000000
859.000000
522.000000
924.000000
958.000000
84.000000
