3685.000000
3483.000000
2728.000000
3158.000000
2578.000000
2106.000000
1366.000000
2092.000000
2194.000000
1781.000000
3294.000000
3647.000000
2285.000000
1968.000000
1992.000000
1888.000000
1760.000000
2623.000000
2682.000000
2922.000000
3076.000000
4300.000000
2527.000000
2183.000000
4868.000000
3480.000000
3275.000000
2381.000000
3744.000000
3235.000000
2166.000000
2036.000000
2582.000000
3642.000000
3480.000000
3250.000000
2715.000000
1878.000000
2051.000000
2070.000000
1550.000000
1848.000000
2341.000000
5386.000000
4464.000000
1853.000000
2099.000000
2219.000000
2676.000000
2632.000000
1954.000000
1165.000000
3151.000000
1459.000000
2278.000000
4012.000000
1716.000000
4580.000000
2954.000000
2455.000000
4325.000000
2259.000000
3885.000000
3095.000000
3062.000000
2979.000000
3151.000000
2684.000000
2302.000000
1792.000000
2605.000000
1427.000000
6946.000000
5439.000000
7086.000000
7158.000000
4697.000000
2183.000000
2122.000000
1767.000000
2052.000000
1517.000000
2196.000000
1651.000000
603.000000
1462.000000
1617.000000
1114.000000
4420.000000
3882.000000
2746.000000
2767.000000
1771.000000
2383.000000
3514.000000
2636.000000
3162.000000
2811.000000
2642.000000
2390.000000
1966.000000
2902.000000
2147.000000
6882.000000
6030.000000
7125.000000
7286.000000
5377.000000
3570.000000
1986.000000
1840.000000
1013.000000
1775.000000
1284.000000
938.000000
981.000000
1341.000000
910.000000
1951.000000
3678.000000
4014.000000
3437.000000
3240.000000
2123.000000
2744.000000
3764.000000
4221.000000
2659.000000
2966.000000
3396.000000
3040.000000
2131.000000
2019.000000
2034.000000
5684.000000
4780.000000
3414.000000
6067.000000
4537.000000
4302.000000
3024.000000
1356.000000
2077.000000
2571.000000
3666.000000
4183.000000
3640.000000
3257.000000
3506.000000
2846.000000
2053.000000
2677.000000
3320.000000
3223.000000
2276.000000
3542.000000
1699.000000
2485.000000
4106.000000
4565.000000
4533.000000
3879.000000
3680.000000
3947.000000
3679.000000
4635.000000
2262.000000
1981.000000
2907.000000
2788.000000
3330.000000
3913.000000
4066.000000
3303.000000
2701.000000
2583.000000
2604.000000
2660.000000
2877.000000
2362.000000
2051.000000
947.000000
1469.000000
2571.000000
3243.000000
2585.000000
1782.000000
3308.000000
2830.000000
2024.000000
1362.000000
1325.000000
2151.000000
1902.000000
3099.000000
4612.000000
2247.000000
1683.000000
1864.000000
2321.000000
2843.000000
3852.000000
4305.000000
3030.000000
2522.000000
2929.000000
2834.000000
2759.000000
2284.000000
2034.000000
1843.000000
1965.000000
1294.000000
1426.000000
1478.000000
2909.000000
3113.000000
1415.000000
1003.000000
1902.000000
2568.000000
1729.000000
3028.000000
3599.000000
3141.000000
3099.000000
2126.000000
2111.000000
1995.000000
2475.000000
2159.000000
2443.000000
3154.000000
3317.000000
3631.000000
3350.000000
4413.000000
2808.000000
2273.000000
3159.000000
1081.000000
424.000000
554.000000
391.000000
1414.000000
1361.000000
2868.000000
2911.000000
1167.000000
1420.000000
3153.000000
3158.000000
1550.000000
1244.000000
1887.000000
2411.000000
2214.000000
1873.000000
3291.000000
1502.000000
1742.000000
1946.000000
1941.000000
2714.000000
4076.000000
3658.000000
3507.000000
4425.000000
4538.000000
2476.000000
881.000000
1362.000000
1925.000000
844.000000
357.000000
1115.000000
1120.000000
2968.000000
3359.000000
636.000000
377.000000
554.000000
1608.000000
932.000000
1163.000000
1689.000000
1784.000000
877.000000
1710.000000
2440.000000
1901.000000
1547.000000
1550.000000
1398.000000
1741.000000
2365.000000
2703.000000
3350.000000
3571.000000
4264.000000
3570.000000
1208.000000
367.000000
894.000000
1311.000000
287.000000
1725.000000
2861.000000
3353.000000
3153.000000
1244.000000
2533.000000
2193.000000
1671.000000
1096.000000
1618.000000
1912.000000
2257.000000
2322.000000
975.000000
796.000000
1382.000000
1025.000000
1344.000000
1709.000000
1654.000000
2849.000000
4180.000000
3773.000000
3077.000000
3257.000000
4598.000000
3445.000000
1173.000000
2066.000000
2718.000000
3048.000000
3741.000000
4218.000000
4492.000000
4241.000000
3491.000000
4153.000000
3455.000000
2537.000000
1881.000000
2068.000000
2415.000000
2447.000000
2764.000000
837.000000
476.000000
883.000000
1004.000000
1433.000000
1588.000000
1902.000000
1805.000000
2840.000000
4605.000000
4199.000000
4635.000000
4778.000000
5331.000000
3042.000000
2548.000000
2682.000000
2983.000000
3379.000000
2864.000000
2231.000000
3717.000000
4060.000000
3490.000000
3584.000000
3078.000000
3364.000000
3198.000000
2559.000000
2640.000000
2556.000000
2174.000000
754.000000
532.000000
810.000000
1264.000000
1603.000000
1305.000000
1925.000000
2507.000000
2387.000000
3761.000000
4136.000000
5000.000000
5013.000000
4247.000000
2551.000000
3148.000000
2948.000000
2299.000000
1554.000000
1972.000000
2532.000000
2383.000000
3188.000000
2847.000000
3521.000000
3815.000000
2600.000000
1934.000000
974.000000
1506.000000
1627.000000
1712.000000
1188.000000
749.000000
1045.000000
1236.000000
1182.000000
1229.000000
2111.000000
1933.000000
3408.000000
4335.000000
4914.000000
5109.000000
5365.000000
2997.000000
2831.000000
3840.000000
3029.000000
629.000000
1006.000000
1608.000000
2297.000000
783.000000
2538.000000
2382.000000
1604.000000
2346.000000
2911.000000
1604.000000
2032.000000
2086.000000
1983.000000
1782.000000
1178.000000
1397.000000
1195.000000
1093.000000
944.000000
1768.000000
1505.000000
2086.000000
3126.000000
4471.000000
4817.000000
5035.000000
4734.000000
1090.000000
2160.000000
3938.000000
3531.000000
2127.000000
1966.000000
596.000000
2441.000000
3438.000000
571.000000
852.000000
1643.000000
1231.000000
2194.000000
2061.000000
2827.000000
2526.000000
2182.000000
2155.000000
968.000000
1222.000000
1476.000000
1117.000000
1093.000000
1159.000000
1867.000000
1500.000000
3110.000000
5140.000000
4796.000000
5464.000000
2735.000000
1365.000000
2024.000000
2970.000000
3456.000000
2990.000000
748.000000
2792.000000
931.000000
451.000000
3018.000000
3394.000000
588.000000
2215.000000
1881.000000
3229.000000
2123.000000
2637.000000
2514.000000
1586.000000
1113.000000
1695.000000
1012.000000
1522.000000
1168.000000
918.000000
1023.000000
1191.000000
2106.000000
2971.000000
2524.000000
3869.000000
1100.000000
2279.000000
2188.000000
2780.000000
3308.000000
451.000000
469.000000
673.000000
1498.000000
4338.000000
1308.000000
382.000000
2501.000000
1436.000000
3711.000000
1481.000000
3431.000000
2149.000000
4190.000000
3048.000000
2799.000000
3103.000000
3094.000000
2188.000000
1265.000000
781.000000
1074.000000
1124.000000
1913.000000
2219.000000
3051.000000
1667.000000
1043.000000
1311.000000
1223.000000
1808.000000
585.000000
480.000000
563.000000
3138.000000
2717.000000
526.000000
632.000000
2487.000000
1200.000000
3826.000000
1198.000000
3191.000000
2352.000000
2611.000000
2323.000000
3873.000000
4068.000000
3881.000000
4245.000000
4817.000000
2107.000000
1691.000000
943.000000
1018.000000
2219.000000
2133.000000
2555.000000
1311.000000
1387.000000
1512.000000
1953.000000
798.000000
424.000000
311.000000
1855.000000
725.000000
637.000000
1653.000000
2368.000000
715.000000
3468.000000
1115.000000
2050.000000
1806.000000
2045.000000
2037.000000
1075.000000
828.000000
1387.000000
2032.000000
2402.000000
3573.000000
4069.000000
1782.000000
1415.000000
1168.000000
1762.000000
2550.000000
1808.000000
2067.000000
2422.000000
3029.000000
516.000000
905.000000
1151.000000
1112.000000
1558.000000
1611.000000
1485.000000
1832.000000
1227.000000
3163.000000
1378.000000
1256.000000
2191.000000
1688.000000
805.000000
288.000000
1036.000000
1986.000000
1052.000000
927.000000
3533.000000
2564.000000
3532.000000
1943.000000
2099.000000
886.000000
2009.000000
2802.000000
2198.000000
3277.000000
2674.000000
531.000000
1658.000000
3442.000000
3617.000000
2039.000000
1105.000000
1334.000000
1897.000000
1816.000000
2419.000000
1441.000000
721.000000
2373.000000
1690.000000
701.000000
1604.000000
2197.000000
706.000000
266.000000
239.000000
1235.000000
882.000000
4054.000000
2384.000000
3119.000000
4352.000000
1623.000000
2891.000000
3059.000000
1731.000000
3521.000000
298.000000
231.000000
501.000000
363.000000
2116.000000
3001.000000
1566.000000
1750.000000
2093.000000
1223.000000
1188.000000
1366.000000
2043.000000
1215.000000
2932.000000
2444.000000
975.000000
624.000000
2157.000000
826.000000
515.000000
374.000000
2505.000000
2697.000000
2955.000000
4331.000000
4480.000000
2098.000000
2323.000000
3689.000000
2429.000000
677.000000
901.000000
1327.000000
3738.000000
3755.000000
1349.000000
1973.000000
1814.000000
1772.000000
1448.000000
1797.000000
2336.000000
1789.000000
1451.000000
2309.000000
2030.000000
1504.000000
240.000000
315.000000
270.000000
850.000000
603.000000
350.000000
864.000000
1599.000000
3380.000000
5589.000000
1686.000000
2741.000000
1476.000000
3346.000000
737.000000
999.000000
3885.000000
3175.000000
683.000000
2062.000000
2327.000000
1875.000000
2294.000000
1885.000000
2225.000000
1972.000000
1138.000000
1094.000000
1782.000000
1378.000000
734.000000
1120.000000
268.000000
330.000000
832.000000
1187.000000
306.000000
423.000000
735.000000
2704.000000
5114.000000
2546.000000
2154.000000
1985.000000
983.000000
881.000000
1063.000000
806.000000
362.000000
1744.000000
3451.000000
1537.000000
3039.000000
2504.000000
1684.000000
2895.000000
1939.000000
1357.000000
2131.000000
3017.000000
2651.000000
1533.000000
820.000000
1212.000000
327.000000
504.000000
1435.000000
396.000000
491.000000
662.000000
1925.000000
3706.000000
3895.000000
675.000000
918.000000
557.000000
1796.000000
1078.000000
506.000000
1242.000000
3418.000000
1300.000000
2113.000000
1500.000000
2355.000000
2009.000000
3662.000000
1826.000000
1522.000000
3575.000000
2310.000000
3863.000000
2098.000000
931.000000
941.000000
754.000000
279.000000
296.000000
389.000000
470.000000
526.000000
1469.000000
2607.000000
4935.000000
1617.000000
1643.000000
1172.000000
1157.000000
1064.000000
899.000000
3214.000000
1840.000000
1402.000000
4050.000000
2044.000000
3793.000000
1630.000000
4073.000000
2318.000000
2008.000000
2548.000000
3086.000000
2509.000000
3189.000000
2132.000000
1320.000000
1856.000000
1389.000000
587.000000
423.000000
615.000000
546.000000
646.000000
2503.000000
4145.000000
2216.000000
432.000000
1494.000000
828.000000
1038.000000
1217.000000
1493.000000
723.000000
2964.000000
2939.000000
2667.000000
3449.000000
1332.000000
4116.000000
1954.000000
1574.000000
2568.000000
4142.000000
1382.000000
3788.000000
1327.000000
1208.000000
418.000000
224.000000
341.000000
616.000000
1116.000000
729.000000
658.000000
1684.000000
3041.000000
3229.000000
843.000000
1823.000000
1591.000000
1229.000000
1058.000000
1050.000000
719.000000
3090.000000
836.000000
3119.000000
2723.000000
1740.000000
3937.000000
1697.000000
1615.000000
2499.000000
3437.000000
1777.000000
1940.000000
1673.000000
946.000000
658.000000
817.000000
725.000000
709.000000
1623.000000
1039.000000
913.000000
1410.000000
2903.000000
3381.000000
1506.000000
2183.000000
1059.000000
1125.000000
1268.000000
474.000000
881.000000
1699.000000
509.000000
3863.000000
3117.000000
2078.000000
3871.000000
1361.000000
1745.000000
3410.000000
2614.000000
2192.000000
1149.000000
2902.000000
2210.000000
1151.000000
936.000000
942.000000
1378.000000
1975.000000
1530.000000
915.000000
1530.000000
1967.000000
3650.000000
2974.000000
1106.000000
1214.000000
1872.000000
570.000000
651.000000
2209.000000
869.000000
1211.000000
2561.000000
1180.000000
1063.000000
3887.000000
1035.000000
1629.000000
3502.000000
2165.000000
1787.000000
1598.000000
2701.000000
3317.000000
2545.000000
1143.000000
480.000000
1003.000000
1452.000000
2145.000000
2619.000000
1682.000000
1861.000000
2750.000000
3011.000000
982.000000
