6496.000000
6463.000000
6555.000000
6585.000000
6597.000000
6523.000000
6559.000000
6532.000000
6590.000000
6655.000000
6680.000000
6633.000000
6639.000000
6699.000000
6700.000000
6762.000000
6765.000000
6765.000000
6783.000000
6793.000000
6783.000000
7161.000000
7042.000000
6282.000000
6640.000000
6792.000000
6716.000000
6791.000000
6926.000000
6853.000000
6821.000000
6753.000000
6513.000000
6573.000000
6512.000000
6585.000000
6507.000000
6633.000000
6599.000000
6576.000000
6617.000000
6695.000000
6673.000000
6633.000000
6639.000000
6669.000000
6661.000000
6762.000000
6765.000000
6765.000000
6783.000000
6833.000000
6870.000000
7041.000000
7068.000000
6281.000000
6555.000000
6797.000000
6715.000000
6774.000000
6802.000000
6653.000000
6795.000000
6783.000000
6549.000000
6539.000000
6519.000000
6605.000000
6582.000000
6586.000000
6591.000000
6614.000000
6623.000000
6662.000000
6684.000000
6679.000000
6687.000000
6701.000000
6779.000000
6775.000000
6733.000000
6797.000000
6783.000000
6803.000000
6794.000000
6792.000000
6958.000000
5847.000000
6889.000000
6791.000000
6723.000000
6765.000000
6778.000000
6135.000000
6776.000000
6783.000000
6549.000000
6529.000000
6489.000000
6553.000000
6578.000000
6610.000000
6533.000000
5301.000000
5151.000000
5415.000000
5944.000000
6792.000000
6673.000000
6812.000000
6810.000000
6807.000000
6787.000000
6792.000000
6843.000000
6793.000000
6762.000000
6789.000000
7045.000000
6030.000000
6993.000000
6762.000000
6752.000000
6714.000000
6696.000000
5703.000000
6823.000000
6802.000000
6612.000000
6664.000000
6527.000000
6604.000000
6687.000000
5907.000000
4069.000000
3613.000000
3555.000000
4399.000000
4800.000000
5249.000000
5792.000000
6943.000000
6959.000000
7013.000000
6901.000000
6856.000000
6900.000000
6840.000000
6813.000000
6855.000000
7068.000000
6920.000000
6929.000000
6728.000000
6768.000000
6691.000000
6286.000000
6131.000000
6926.000000
6723.000000
6667.000000
6753.000000
7555.000000
6719.000000
6654.000000
3353.000000
2776.000000
2663.000000
2961.000000
3185.000000
3842.000000
4248.000000
4751.000000
5253.000000
6839.000000
6990.000000
6965.000000
6915.000000
6906.000000
6878.000000
6880.000000
7094.000000
6873.000000
7281.000000
6852.000000
6846.000000
6772.000000
6558.000000
5649.000000
6618.000000
6889.000000
6768.000000
7296.000000
7258.000000
7610.000000
7278.000000
4988.000000
2594.000000
2229.000000
2290.000000
2217.000000
2643.000000
2681.000000
3653.000000
4158.000000
4415.000000
4595.000000
6834.000000
6990.000000
7026.000000
7045.000000
7096.000000
7091.000000
7086.000000
6954.000000
6936.000000
6726.000000
6881.000000
6707.000000
6367.000000
5255.000000
6452.000000
6633.000000
6767.000000
7639.000000
7639.000000
7610.000000
7561.000000
2553.000000
1884.000000
2482.000000
3181.000000
4682.000000
5296.000000
3248.000000
2602.000000
3235.000000
4030.000000
4139.000000
5248.000000
7100.000000
7069.000000
7014.000000
7113.000000
7227.000000
6861.000000
6476.000000
6681.000000
6824.000000
6791.000000
6795.000000
6433.000000
5248.000000
6357.000000
6531.000000
6780.000000
7650.000000
7650.000000
7617.000000
7609.000000
6258.000000
5964.000000
4658.000000
4832.000000
2856.000000
3900.000000
6349.000000
4107.000000
3148.000000
3409.000000
3647.000000
3479.000000
6986.000000
7035.000000
6993.000000
7168.000000
7164.000000
6948.000000
5875.000000
7023.000000
6818.000000
6566.000000
6675.000000
6260.000000
5341.000000
6641.000000
6771.000000
6820.000000
7650.000000
7650.000000
7622.000000
7617.000000
5060.000000
3687.000000
4435.000000
5592.000000
3675.000000
3877.000000
3169.000000
3961.000000
3628.000000
3378.000000
3711.000000
4246.000000
6451.000000
6898.000000
7113.000000
7236.000000
7112.000000
7103.000000
6964.000000
7206.000000
6943.000000
6505.000000
6366.000000
5571.000000
5250.000000
6050.000000
6891.000000
6752.000000
7650.000000
7650.000000
7638.000000
7609.000000
4468.000000
5388.000000
4466.000000
5147.000000
3659.000000
4697.000000
3399.000000
2942.000000
3565.000000
3617.000000
3630.000000
4153.000000
5229.000000
6756.000000
7068.000000
7108.000000
7207.000000
5986.000000
6900.000000
7417.000000
7201.000000
5723.000000
6004.000000
5316.000000
5208.000000
5815.000000
6687.000000
6719.000000
7650.000000
7650.000000
7627.000000
7176.000000
4225.000000
3423.000000
5937.000000
3805.000000
3489.000000
4678.000000
6206.000000
3231.000000
3577.000000
3625.000000
3454.000000
4116.000000
4282.000000
6941.000000
6918.000000
6563.000000
6811.000000
5497.000000
5943.000000
7324.000000
7184.000000
5104.000000
5422.000000
5434.000000
5375.000000
5878.000000
6636.000000
6601.000000
7650.000000
7650.000000
7583.000000
5567.000000
3977.000000
3526.000000
2691.000000
5754.000000
2992.000000
2219.000000
4105.000000
2410.000000
3596.000000
3871.000000
3771.000000
4339.000000
4364.000000
4897.000000
6539.000000
5999.000000
6598.000000
5495.000000
5458.000000
5760.000000
7092.000000
5533.000000
5344.000000
5652.000000
5603.000000
6227.000000
6770.000000
6499.000000
7650.000000
7650.000000
7636.000000
4775.000000
3349.000000
3583.000000
2806.000000
6485.000000
6717.000000
6609.000000
6237.000000
5872.000000
2009.000000
3714.000000
3847.000000
4031.000000
4342.000000
4654.000000
4900.000000
5572.000000
5775.000000
5235.000000
6116.000000
5574.000000
5793.000000
5511.000000
5833.000000
6048.000000
5632.000000
6352.000000
6451.000000
6853.000000
7650.000000
7650.000000
7632.000000
4368.000000
3103.000000
2926.000000
1106.000000
2581.000000
6748.000000
6563.000000
6214.000000
6652.000000
1408.000000
3105.000000
3690.000000
3897.000000
4199.000000
3932.000000
4141.000000
4522.000000
3908.000000
5279.000000
3594.000000
6190.000000
5765.000000
5644.000000
6116.000000
5685.000000
5982.000000
6164.000000
6561.000000
6784.000000
7650.000000
7650.000000
7633.000000
4453.000000
2600.000000
2609.000000
981.000000
1275.000000
5057.000000
6381.000000
6429.000000
6407.000000
1218.000000
2420.000000
3758.000000
3894.000000
4263.000000
3748.000000
3715.000000
3674.000000
4052.000000
4205.000000
4388.000000
5901.000000
5945.000000
4783.000000
6040.000000
5562.000000
5954.000000
6165.000000
6934.000000
6818.000000
7650.000000
7650.000000
7608.000000
3410.000000
2946.000000
2128.000000
1116.000000
1533.000000
1285.000000
6067.000000
6276.000000
5751.000000
1232.000000
1960.000000
3589.000000
3805.000000
3453.000000
3745.000000
3473.000000
3596.000000
3973.000000
4105.000000
5810.000000
1742.000000
6152.000000
5883.000000
5729.000000
5731.000000
6190.000000
6521.000000
6822.000000
7031.000000
7650.000000
7650.000000
7638.000000
3817.000000
2636.000000
1857.000000
1617.000000
1144.000000
1060.000000
5680.000000
5361.000000
1559.000000
1190.000000
1983.000000
3737.000000
3754.000000
3413.000000
3473.000000
3083.000000
3679.000000
3698.000000
4494.000000
5572.000000
5320.000000
5791.000000
5509.000000
5959.000000
5686.000000
6198.000000
6645.000000
6980.000000
6660.000000
7650.000000
7650.000000
7620.000000
6193.000000
2116.000000
5086.000000
1276.000000
1277.000000
1116.000000
5064.000000
3466.000000
1226.000000
1288.000000
2398.000000
3719.000000
3641.000000
3354.000000
3585.000000
2953.000000
3359.000000
3970.000000
4643.000000
5171.000000
5263.000000
2532.000000
5494.000000
5948.000000
5710.000000
6264.000000
6800.000000
6603.000000
7320.000000
7650.000000
7650.000000
7615.000000
7514.000000
1958.000000
3117.000000
2096.000000
1263.000000
1025.000000
1850.000000
900.000000
969.000000
1104.000000
2255.000000
3711.000000
3476.000000
3473.000000
3785.000000
2960.000000
3706.000000
3729.000000
4627.000000
4948.000000
5456.000000
5541.000000
5091.000000
5043.000000
5750.000000
6381.000000
6285.000000
6658.000000
6645.000000
7650.000000
7650.000000
7603.000000
7579.000000
1931.000000
4334.000000
4528.000000
3832.000000
1877.000000
937.000000
816.000000
1076.000000
1163.000000
2239.000000
3544.000000
3363.000000
3632.000000
3548.000000
2580.000000
3331.000000
3708.000000
4156.000000
5014.000000
5689.000000
5584.000000
5225.000000
5062.000000
5500.000000
6233.000000
6165.000000
6622.000000
6054.000000
7650.000000
7650.000000
7540.000000
7575.000000
5177.000000
5794.000000
5368.000000
5127.000000
1878.000000
923.000000
995.000000
1043.000000
1341.000000
2601.000000
3728.000000
3147.000000
3564.000000
3397.000000
2691.000000
3352.000000
3293.000000
4166.000000
4457.000000
5730.000000
4917.000000
5752.000000
4517.000000
4993.000000
6768.000000
5772.000000
6865.000000
5979.000000
7650.000000
7650.000000
7427.000000
7020.000000
6112.000000
4294.000000
4785.000000
5395.000000
2155.000000
1059.000000
1042.000000
876.000000
1841.000000
2948.000000
3504.000000
3354.000000
3635.000000
3284.000000
2431.000000
2825.000000
3243.000000
3174.000000
3996.000000
4640.000000
5873.000000
5469.000000
5502.000000
5433.000000
5788.000000
5693.000000
6715.000000
6364.000000
7650.000000
7650.000000
7477.000000
6502.000000
5624.000000
5354.000000
5213.000000
5189.000000
2046.000000
1177.000000
1078.000000
1813.000000
2276.000000
3268.000000
3053.000000
3373.000000
3553.000000
3204.000000
2122.000000
2812.000000
2653.000000
3161.000000
3615.000000
5500.000000
6237.000000
4305.000000
5377.000000
5370.000000
5680.000000
5874.000000
6834.000000
6706.000000
7632.000000
7650.000000
7467.000000
6521.000000
5479.000000
5560.000000
6204.000000
5756.000000
2085.000000
1895.000000
1911.000000
1841.000000
2560.000000
2906.000000
3044.000000
3458.000000
3412.000000
3128.000000
2152.000000
2447.000000
2602.000000
2778.000000
3124.000000
5939.000000
5716.000000
2546.000000
4519.000000
5198.000000
5795.000000
5990.000000
6357.000000
6303.000000
7650.000000
7610.000000
7246.000000
6597.000000
5757.000000
5670.000000
7461.000000
6608.000000
2348.000000
3361.000000
2785.000000
2683.000000
3102.000000
2933.000000
3098.000000
3381.000000
3347.000000
2993.000000
2033.000000
2297.000000
2099.000000
2731.000000
3175.000000
5456.000000
5525.000000
1629.000000
1693.000000
2462.000000
5445.000000
5685.000000
6241.000000
5895.000000
7505.000000
7264.000000
7087.000000
6436.000000
6246.000000
7337.000000
7543.000000
7231.000000
2500.000000
2586.000000
3372.000000
3294.000000
3190.000000
3085.000000
3024.000000
3382.000000
3285.000000
3082.000000
2097.000000
2344.000000
2131.000000
2765.000000
3151.000000
4903.000000
5236.000000
1945.000000
3067.000000
2531.000000
5684.000000
5655.000000
6549.000000
5872.000000
7458.000000
6536.000000
7233.000000
6848.000000
6404.000000
7540.000000
7548.000000
7470.000000
2804.000000
1498.000000
3401.000000
3157.000000
3024.000000
3112.000000
3046.000000
3151.000000
3264.000000
3021.000000
1866.000000
1815.000000
2296.000000
2774.000000
3406.000000
4397.000000
5623.000000
2845.000000
6912.000000
5780.000000
7402.000000
5287.000000
6654.000000
6565.000000
7281.000000
6320.000000
7265.000000
6792.000000
7371.000000
7492.000000
7447.000000
7441.000000
3005.000000
1456.000000
3448.000000
3155.000000
3062.000000
2986.000000
2864.000000
3163.000000
3139.000000
2812.000000
2024.000000
1916.000000
1837.000000
2308.000000
3059.000000
3941.000000
5530.000000
4861.000000
5426.000000
6122.000000
7557.000000
5413.000000
6410.000000
7011.000000
7229.000000
6638.000000
7383.000000
6482.000000
7450.000000
7303.000000
6475.000000
7255.000000
3678.000000
1622.000000
2799.000000
3003.000000
2836.000000
2807.000000
2715.000000
2886.000000
3123.000000
2667.000000
2095.000000
1967.000000
1970.000000
2086.000000
3216.000000
3817.000000
4510.000000
4845.000000
5933.000000
6689.000000
7454.000000
5534.000000
5917.000000
6900.000000
6830.000000
6546.000000
6065.000000
6468.000000
7496.000000
7307.000000
5605.000000
7216.000000
5287.000000
1608.000000
1006.000000
3144.000000
3076.000000
2974.000000
3089.000000
2916.000000
2608.000000
2679.000000
2228.000000
2049.000000
1905.000000
1710.000000
2956.000000
3655.000000
4378.000000
4773.000000
6437.000000
6783.000000
6518.000000
5230.000000
5355.000000
6847.000000
6004.000000
5533.000000
7190.000000
7173.000000
7537.000000
7565.000000
7573.000000
7535.000000
7457.000000
1790.000000
1258.000000
3040.000000
2845.000000
2900.000000
2922.000000
2779.000000
2764.000000
2648.000000
2377.000000
1959.000000
1605.000000
1437.000000
2559.000000
3721.000000
4023.000000
5030.000000
5556.000000
5874.000000
7349.000000
5237.000000
4653.000000
6110.000000
