171.000000
442.000000
446.000000
524.000000
868.000000
694.000000
1375.000000
530.000000
528.000000
411.000000
785.000000
532.000000
511.000000
364.000000
269.000000
582.000000
477.000000
246.000000
211.000000
199.000000
300.000000
677.000000
484.000000
619.000000
1289.000000
1009.000000
762.000000
722.000000
916.000000
1179.000000
1467.000000
760.000000
423.000000
342.000000
684.000000
319.000000
471.000000
232.000000
282.000000
392.000000
425.000000
1346.000000
1022.000000
1315.000000
1502.000000
771.000000
855.000000
2797.000000
1342.000000
1369.000000
703.000000
506.000000
676.000000
809.000000
359.000000
253.000000
278.000000
279.000000
464.000000
748.000000
576.000000
907.000000
988.000000
777.000000
779.000000
1452.000000
1748.000000
1861.000000
961.000000
666.000000
667.000000
5615.000000
5293.000000
308.000000
533.000000
325.000000
177.000000
431.000000
948.000000
877.000000
939.000000
1441.000000
1494.000000
1116.000000
1268.000000
1131.000000
2473.000000
3444.000000
2770.000000
2266.000000
1800.000000
359.000000
261.000000
412.000000
265.000000
364.000000
802.000000
1068.000000
1288.000000
991.000000
1794.000000
1223.000000
1091.000000
1757.000000
1436.000000
2090.000000
2071.000000
2160.000000
1827.000000
1091.000000
4904.000000
4624.000000
459.000000
644.000000
443.000000
389.000000
682.000000
415.000000
998.000000
1090.000000
1020.000000
4609.000000
2075.000000
1347.000000
569.000000
126.000000
726.000000
573.000000
1257.000000
2428.000000
1552.000000
1943.000000
454.000000
91.000000
312.000000
539.000000
2045.000000
3047.000000
619.000000
1300.000000
2870.000000
1185.000000
1296.000000
877.000000
346.000000
842.000000
946.000000
524.000000
1418.000000
2299.000000
678.000000
565.000000
51.000000
111.000000
331.000000
773.000000
890.000000
347.000000
470.000000
564.000000
583.000000
720.000000
638.000000
499.000000
1060.000000
593.000000
1056.000000
1887.000000
708.000000
338.000000
734.000000
