3049.000000
3181.000000
3191.000000
2344.000000
2868.000000
3651.000000
3279.000000
3016.000000
2897.000000
3067.000000
3185.000000
2842.000000
2901.000000
3136.000000
3495.000000
3754.000000
3851.000000
2862.000000
3068.000000
3151.000000
2992.000000
3022.000000
3451.000000
3158.000000
5376.000000
5445.000000
5248.000000
5232.000000
4257.000000
4180.000000
2985.000000
2754.000000
2966.000000
3668.000000
3731.000000
4879.000000
4485.000000
5047.000000
4580.000000
3307.000000
3844.000000
2654.000000
3279.000000
2696.000000
3597.000000
2484.000000
3809.000000
3556.000000
4255.000000
4268.000000
2830.000000
3226.000000
3419.000000
5202.000000
3774.000000
3720.000000
2922.000000
3223.000000
2581.000000
3887.000000
3223.000000
2209.000000
2187.000000
2978.000000
2252.000000
2731.000000
3437.000000
2976.000000
807.000000
1989.000000
617.000000
1157.000000
235.000000
3386.000000
1384.000000
1454.000000
3549.000000
3526.000000
3437.000000
184.000000
3499.000000
2771.000000
1838.000000
145.000000
3594.000000
3849.000000
3742.000000
3902.000000
3088.000000
3609.000000
2074.000000
3365.000000
3425.000000
2193.000000
1991.000000
3422.000000
3252.000000
3683.000000
3450.000000
2629.000000
3082.000000
2075.000000
2468.000000
2099.000000
2518.000000
2688.000000
2532.000000
2384.000000
2981.000000
3010.000000
2903.000000
2854.000000
2272.000000
2510.000000
1995.000000
2288.000000
2317.000000
2291.000000
2909.000000
2623.000000
2761.000000
