3163.000000
3371.000000
4256.000000
3207.000000
3340.000000
3868.000000
2645.000000
4888.000000
4124.000000
4366.000000
5935.000000
6527.000000
3802.000000
4836.000000
4305.000000
4326.000000
4911.000000
3537.000000
4181.000000
3802.000000
3487.000000
3940.000000
3862.000000
5344.000000
4257.000000
4837.000000
4343.000000
5082.000000
2968.000000
4855.000000
5085.000000
4838.000000
5189.000000
5101.000000
4922.000000
5189.000000
5109.000000
4561.000000
5079.000000
5217.000000
5047.000000
4899.000000
4940.000000
5548.000000
3831.000000
4310.000000
3858.000000
3259.000000
3874.000000
2899.000000
4590.000000
4411.000000
4751.000000
5789.000000
6498.000000
4003.000000
4350.000000
5055.000000
4333.000000
4934.000000
3491.000000
4862.000000
3837.000000
4059.000000
3621.000000
4198.000000
5656.000000
5569.000000
5819.000000
5428.000000
5827.000000
3382.000000
4897.000000
5474.000000
5669.000000
4738.000000
5084.000000
5103.000000
5309.000000
5259.000000
5731.000000
5513.000000
5215.000000
6330.000000
6125.000000
3956.000000
5558.000000
4701.000000
4413.000000
4747.000000
4624.000000
4994.000000
3556.000000
4489.000000
4963.000000
4244.000000
5619.000000
5361.000000
4353.000000
4565.000000
5552.000000
4457.000000
4404.000000
3441.000000
3706.000000
3258.000000
3921.000000
3679.000000
3750.000000
4833.000000
4782.000000
5768.000000
5036.000000
5717.000000
2996.000000
5481.000000
5644.000000
5872.000000
5893.000000
6539.000000
6291.000000
6030.000000
6968.000000
7039.000000
6955.000000
4560.000000
7718.000000
5220.000000
4498.000000
5362.000000
4327.000000
4095.000000
4848.000000
4934.000000
5260.000000
3722.000000
5032.000000
4770.000000
5299.000000
5687.000000
4598.000000
4927.000000
4018.000000
5443.000000
3584.000000
3593.000000
3418.000000
4576.000000
4891.000000
5079.000000
5749.000000
6040.000000
6193.000000
6113.000000
5980.000000
6281.000000
4262.000000
4283.000000
6720.000000
6654.000000
6492.000000
6423.000000
6377.000000
7482.000000
6253.000000
5964.000000
6132.000000
6256.000000
4970.000000
5456.000000
5489.000000
5430.000000
5341.000000
4977.000000
4380.000000
5714.000000
5897.000000
6141.000000
4392.000000
5048.000000
5079.000000
5439.000000
6402.000000
5021.000000
5484.000000
4262.000000
4981.000000
5764.000000
5670.000000
4166.000000
5521.000000
5694.000000
6306.000000
6532.000000
5915.000000
6107.000000
6025.000000
6417.000000
5923.000000
4425.000000
3836.000000
5414.000000
5960.000000
4847.000000
5747.000000
5822.000000
5909.000000
5752.000000
5642.000000
5611.000000
5584.000000
5312.000000
5553.000000
5347.000000
4970.000000
4806.000000
4790.000000
4623.000000
4973.000000
5214.000000
5355.000000
4318.000000
5450.000000
5801.000000
5513.000000
5670.000000
5865.000000
5768.000000
2681.000000
3397.000000
5646.000000
5819.000000
3908.000000
5697.000000
5496.000000
5440.000000
5572.000000
5921.000000
7464.000000
7861.000000
7035.000000
5854.000000
5840.000000
4442.000000
6065.000000
6166.000000
6017.000000
6028.000000
5961.000000
5209.000000
5393.000000
5513.000000
5699.000000
4480.000000
4962.000000
4641.000000
4675.000000
5072.000000
4888.000000
6195.000000
6364.000000
5899.000000
5916.000000
6269.000000
4538.000000
5800.000000
5633.000000
3976.000000
3797.000000
4648.000000
6398.000000
6057.000000
7711.000000
7222.000000
6966.000000
5498.000000
6565.000000
6376.000000
6603.000000
7398.000000
7739.000000
7395.000000
7221.000000
7104.000000
8308.000000
7396.000000
6009.000000
5757.000000
5648.000000
5329.000000
5284.000000
5021.000000
4611.000000
5006.000000
5156.000000
4928.000000
5070.000000
5188.000000
4966.000000
5254.000000
5450.000000
3498.000000
4844.000000
4688.000000
5977.000000
6637.000000
5709.000000
4711.000000
5225.000000
5419.000000
3796.000000
6568.000000
8011.000000
7973.000000
7777.000000
9860.000000
8492.000000
8907.000000
8814.000000
7998.000000
8600.000000
8088.000000
7633.000000
7923.000000
8013.000000
7674.000000
7092.000000
8046.000000
7746.000000
8415.000000
6623.000000
6254.000000
6420.000000
6779.000000
6630.000000
6849.000000
6934.000000
7399.000000
7113.000000
6821.000000
7075.000000
6862.000000
7013.000000
6401.000000
3411.000000
4300.000000
4050.000000
5202.000000
5908.000000
5732.000000
6104.000000
7330.000000
8991.000000
9276.000000
8965.000000
10321.000000
10210.000000
10277.000000
9813.000000
8943.000000
8936.000000
9127.000000
8813.000000
8973.000000
9020.000000
9044.000000
7814.000000
7215.000000
6735.000000
7538.000000
6580.000000
6985.000000
7603.000000
7961.000000
7124.000000
6612.000000
6548.000000
6833.000000
6315.000000
6475.000000
6473.000000
6582.000000
6352.000000
6270.000000
6187.000000
6082.000000
6417.000000
3358.000000
5449.000000
5582.000000
5577.000000
4937.000000
5162.000000
5681.000000
10169.000000
8885.000000
9957.000000
9860.000000
10102.000000
10059.000000
9699.000000
9747.000000
9872.000000
9292.000000
9790.000000
8535.000000
9883.000000
9814.000000
8816.000000
7700.000000
7960.000000
6745.000000
7363.000000
6531.000000
6788.000000
7616.000000
7135.000000
7532.000000
6423.000000
6544.000000
6505.000000
6581.000000
6251.000000
6698.000000
6737.000000
6728.000000
6691.000000
6539.000000
6067.000000
6469.000000
3621.000000
5241.000000
5706.000000
6317.000000
5754.000000
5666.000000
9837.000000
9324.000000
8733.000000
8789.000000
9435.000000
9627.000000
9626.000000
9616.000000
9620.000000
8650.000000
9277.000000
8571.000000
8357.000000
9362.000000
9735.000000
8085.000000
6945.000000
7532.000000
7023.000000
7953.000000
6681.000000
6297.000000
7454.000000
6077.000000
7173.000000
6903.000000
6629.000000
8068.000000
6427.000000
6903.000000
6305.000000
5889.000000
6666.000000
6523.000000
7112.000000
6436.000000
6431.000000
3537.000000
5389.000000
5951.000000
6633.000000
6344.000000
7112.000000
10200.000000
9738.000000
8579.000000
8224.000000
8800.000000
8209.000000
9112.000000
9333.000000
9595.000000
9028.000000
9586.000000
9270.000000
8227.000000
8186.000000
7431.000000
7992.000000
7151.000000
7197.000000
7673.000000
7025.000000
6080.000000
6484.000000
6735.000000
4033.000000
2109.000000
7720.000000
6551.000000
6340.000000
6185.000000
6549.000000
6751.000000
7102.000000
6731.000000
7144.000000
6849.000000
6697.000000
6284.000000
6056.000000
6136.000000
6114.000000
6314.000000
6372.000000
9017.000000
9288.000000
9227.000000
6873.000000
8935.000000
8106.000000
8755.000000
8885.000000
8731.000000
8353.000000
8537.000000
9156.000000
10020.000000
7297.000000
7022.000000
6770.000000
7378.000000
7039.000000
6416.000000
7891.000000
7037.000000
5605.000000
6941.000000
7099.000000
4436.000000
710.000000
9058.000000
9868.000000
4083.000000
6544.000000
6712.000000
6757.000000
6577.000000
6928.000000
6758.000000
7002.000000
6985.000000
6886.000000
6263.000000
6720.000000
6766.000000
6799.000000
6869.000000
7998.000000
9403.000000
7216.000000
6798.000000
7776.000000
7375.000000
8251.000000
7979.000000
7694.000000
7632.000000
8015.000000
8789.000000
8000.000000
6511.000000
6396.000000
6959.000000
6214.000000
7077.000000
6488.000000
7639.000000
7533.000000
4918.000000
7114.000000
8298.000000
5856.000000
1247.000000
8939.000000
9443.000000
6421.000000
6536.000000
6907.000000
6652.000000
6999.000000
6803.000000
6870.000000
6806.000000
6959.000000
6603.000000
6411.000000
6333.000000
6769.000000
6508.000000
6939.000000
8073.000000
8828.000000
7095.000000
6496.000000
7038.000000
6984.000000
8058.000000
7713.000000
8026.000000
7406.000000
6786.000000
7238.000000
7030.000000
5864.000000
6000.000000
6778.000000
6115.000000
6661.000000
6576.000000
7020.000000
7978.000000
5852.000000
7047.000000
8103.000000
5961.000000
3656.000000
7434.000000
9794.000000
8403.000000
6824.000000
6930.000000
6821.000000
6893.000000
6949.000000
6984.000000
6573.000000
6585.000000
6893.000000
6351.000000
6290.000000
6390.000000
6243.000000
7364.000000
8658.000000
9210.000000
8004.000000
6397.000000
7721.000000
7435.000000
7049.000000
6898.000000
7669.000000
7714.000000
7093.000000
7302.000000
6975.000000
6304.000000
5844.000000
6618.000000
6098.000000
6672.000000
6627.000000
7353.000000
7266.000000
5567.000000
7315.000000
7771.000000
7091.000000
6714.000000
7452.000000
7064.000000
7458.000000
6720.000000
6725.000000
6724.000000
6946.000000
6867.000000
6739.000000
6849.000000
6516.000000
7130.000000
6070.000000
6420.000000
6558.000000
6663.000000
8004.000000
8383.000000
8209.000000
7767.000000
5557.000000
7364.000000
6834.000000
6407.000000
6919.000000
7455.000000
7332.000000
6814.000000
7280.000000
5852.000000
5974.000000
5435.000000
7240.000000
6955.000000
6146.000000
6927.000000
7182.000000
7476.000000
5585.000000
6999.000000
7715.000000
7462.000000
7479.000000
7351.000000
6808.000000
6637.000000
6750.000000
6837.000000
6891.000000
6633.000000
7020.000000
7258.000000
7032.000000
6656.000000
6609.000000
5729.000000
5960.000000
5938.000000
6401.000000
7948.000000
8372.000000
7338.000000
6482.000000
5846.000000
5401.000000
6368.000000
6260.000000
6208.000000
7081.000000
7364.000000
6866.000000
7054.000000
6559.000000
6505.000000
5266.000000
6893.000000
7052.000000
5832.000000
6160.000000
6994.000000
7065.000000
5839.000000
5240.000000
5749.000000
6943.000000
6670.000000
6206.000000
6854.000000
7425.000000
6865.000000
7259.000000
7443.000000
7159.000000
6985.000000
6856.000000
6888.000000
6630.000000
6510.000000
5966.000000
6233.000000
6434.000000
6330.000000
8065.000000
7822.000000
6759.000000
5366.000000
5445.000000
3232.000000
6625.000000
7748.000000
6476.000000
6403.000000
6717.000000
5791.000000
6356.000000
5520.000000
4957.000000
5384.000000
6600.000000
6903.000000
5611.000000
6465.000000
6610.000000
6646.000000
4553.000000
3826.000000
4312.000000
4581.000000
6170.000000
5975.000000
6142.000000
7656.000000
7125.000000
7044.000000
6464.000000
5337.000000
7189.000000
7043.000000
6791.000000
6929.000000
6651.000000
6112.000000
6350.000000
6308.000000
5017.000000
5669.000000
7209.000000
6521.000000
5165.000000
4874.000000
2290.000000
5521.000000
6015.000000
6082.000000
4813.000000
5373.000000
5054.000000
5746.000000
4867.000000
3419.000000
4967.000000
7054.000000
7108.000000
5826.000000
5873.000000
5903.000000
5361.000000
4154.000000
2838.000000
3886.000000
4313.000000
5230.000000
7275.000000
6158.000000
9393.000000
7545.000000
6931.000000
7765.000000
7319.000000
6553.000000
6861.000000
7536.000000
6983.000000
6927.000000
6256.000000
6393.000000
6690.000000
4654.000000
4987.000000
5545.000000
5611.000000
4681.000000
3444.000000
1208.000000
5506.000000
5180.000000
5682.000000
4788.000000
3837.000000
3802.000000
4519.000000
4467.000000
2840.000000
4140.000000
7625.000000
7163.000000
6758.000000
5834.000000
5426.000000
4447.000000
3585.000000
2039.000000
4582.000000
6089.000000
6926.000000
7795.000000
7514.000000
8439.000000
9018.000000
6976.000000
5702.000000
7566.000000
6923.000000
6822.000000
6783.000000
7014.000000
6904.000000
6205.000000
6937.000000
7161.000000
2582.000000
4218.000000
4485.000000
3348.000000
5013.000000
3473.000000
415.000000
4334.000000
4464.000000
5425.000000
4745.000000
3561.000000
3516.000000
4290.000000
3493.000000
2473.000000
4726.000000
7146.000000
6303.000000
6089.000000
5364.000000
4884.000000
3185.000000
2266.000000
2092.000000
4693.000000
6253.000000
7746.000000
6310.000000
7972.000000
8735.000000
7750.000000
7501.000000
4178.000000
7218.000000
7611.000000
6876.000000
7216.000000
7261.000000
6584.000000
7710.000000
8523.000000
7860.000000
2710.000000
4161.000000
4769.000000
3623.000000
4311.000000
3361.000000
285.000000
2117.000000
3975.000000
4437.000000
4645.000000
4409.000000
3487.000000
3999.000000
4233.000000
3017.000000
5842.000000
3965.000000
4948.000000
5037.000000
5635.000000
4786.000000
2512.000000
2356.000000
2088.000000
4335.000000
6537.000000
8141.000000
6890.000000
7605.000000
8955.000000
8397.000000
5435.000000
5916.000000
6902.000000
7277.000000
8224.000000
8753.000000
6262.000000
6743.000000
6667.000000
6821.000000
6645.000000
5961.000000
4367.000000
4054.000000
4533.000000
4073.000000
3128.000000
286.000000
870.000000
2685.000000
3010.000000
3480.000000
3250.000000
3244.000000
3254.000000
3404.000000
3118.000000
3552.000000
1509.000000
4164.000000
7190.000000
6775.000000
5723.000000
3013.000000
1786.000000
1600.000000
4158.000000
6016.000000
8255.000000
8443.000000
2630.000000
6541.000000
8356.000000
5280.000000
7907.000000
7859.000000
7525.000000
7175.000000
4008.000000
6578.000000
7261.000000
6761.000000
5114.000000
5559.000000
4647.000000
4963.000000
3911.000000
5148.000000
4286.000000
2185.000000
375.000000
211.000000
2776.000000
2276.000000
1759.000000
2042.000000
2423.000000
2969.000000
1945.000000
1694.000000
2987.000000
1727.000000
4563.000000
1683.000000
2131.000000
1101.000000
1040.000000
1372.000000
1912.000000
3408.000000
4925.000000
7278.000000
6732.000000
4918.000000
4945.000000
8523.000000
9343.000000
8088.000000
6532.000000
7163.000000
5048.000000
6355.000000
6818.000000
6644.000000
5496.000000
5894.000000
5789.000000
6645.000000
3618.000000
4126.000000
4129.000000
3006.000000
1103.000000
350.000000
2721.000000
6591.000000
2910.000000
2007.000000
1470.000000
1560.000000
1677.000000
1872.000000
1174.000000
1830.000000
3133.000000
1518.000000
2577.000000
2848.000000
1471.000000
1727.000000
1881.000000
1692.000000
2819.000000
5971.000000
5111.000000
5073.000000
4997.000000
6125.000000
8039.000000
8151.000000
6355.000000
6715.000000
3686.000000
6016.000000
7057.000000
7442.000000
6443.000000
6142.000000
6554.000000
6984.000000
7209.000000
3895.000000
4025.000000
3103.000000
2438.000000
934.000000
639.000000
6860.000000
7169.000000
5840.000000
1321.000000
1587.000000
1346.000000
1375.000000
1190.000000
1098.000000
667.000000
2279.000000
2248.000000
2483.000000
2602.000000
781.000000
1230.000000
1123.000000
663.000000
3757.000000
8003.000000
4439.000000
4138.000000
4611.000000
6617.000000
7411.000000
6972.000000
6364.000000
2285.000000
4968.000000
9252.000000
8984.000000
8182.000000
7273.000000
6776.000000
6998.000000
6983.000000
6129.000000
4260.000000
3169.000000
2023.000000
1084.000000
970.000000
1630.000000
7657.000000
7570.000000
7637.000000
7144.000000
3787.000000
1130.000000
754.000000
1784.000000
3689.000000
4623.000000
2105.000000
1604.000000
1960.000000
2046.000000
7150.000000
6598.000000
1809.000000
1335.000000
4663.000000
7021.000000
3425.000000
3178.000000
5513.000000
7984.000000
6363.000000
4786.000000
3613.000000
3810.000000
9143.000000
9172.000000
8858.000000
8786.000000
7543.000000
7195.000000
7875.000000
5419.000000
5083.000000
3780.000000
1362.000000
7013.000000
1438.000000
1134.000000
6134.000000
7987.000000
7688.000000
8116.000000
8846.000000
9162.000000
9575.000000
9143.000000
8209.000000
9588.000000
8594.000000
2700.000000
1758.000000
1636.000000
5844.000000
7123.000000
6964.000000
2457.000000
2629.000000
5536.000000
6821.000000
7277.000000
2932.000000
5043.000000
6374.000000
7399.000000
3290.000000
4519.000000
9183.000000
8356.000000
7741.000000
8413.000000
8618.000000
8463.000000
8192.000000
9055.000000
3875.000000
4388.000000
2164.000000
5256.000000
7251.000000
1878.000000
1270.000000
6348.000000
7028.000000
7357.000000
8119.000000
8379.000000
7808.000000
8113.000000
8122.000000
9277.000000
7857.000000
7245.000000
2408.000000
1620.000000
1525.000000
9552.000000
8617.000000
7347.000000
7385.000000
3377.000000
6591.000000
7452.000000
7924.000000
5315.000000
2909.000000
5750.000000
5458.000000
4588.000000
6645.000000
7658.000000
8292.000000
7634.000000
7846.000000
7220.000000
6469.000000
6635.000000
7365.000000
4616.000000
3236.000000
1084.000000
7834.000000
7713.000000
2765.000000
1740.000000
8298.000000
7299.000000
8516.000000
9022.000000
9407.000000
9541.000000
8601.000000
8375.000000
7926.000000
8929.000000
9347.000000
2991.000000
2528.000000
3785.000000
7590.000000
7615.000000
7757.000000
6767.000000
2685.000000
4743.000000
7213.000000
7958.000000
7499.000000
2529.000000
4275.000000
2372.000000
2845.000000
6942.000000
7373.000000
6862.000000
5787.000000
3225.000000
6670.000000
6898.000000
7589.000000
6550.000000
5598.000000
2722.000000
5163.000000
8578.000000
6009.000000
2653.000000
2472.000000
8228.000000
8273.000000
8414.000000
8109.000000
7366.000000
5677.000000
5558.000000
6240.000000
6302.000000
5432.000000
5223.000000
3005.000000
2392.000000
6641.000000
7478.000000
7466.000000
7284.000000
7212.000000
3743.000000
4318.000000
7436.000000
7512.000000
7965.000000
8234.000000
6303.000000
3084.000000
2870.000000
6321.000000
7295.000000
6944.000000
6359.000000
6950.000000
6666.000000
7449.000000
6764.000000
7712.000000
5162.000000
2635.000000
7231.000000
7047.000000
4099.000000
2567.000000
2133.000000
5771.000000
5999.000000
5558.000000
5879.000000
4523.000000
4572.000000
4855.000000
5703.000000
6204.000000
4484.000000
4136.000000
2768.000000
2905.000000
8012.000000
6686.000000
6998.000000
8524.000000
7835.000000
8441.000000
4682.000000
6287.000000
7318.000000
7382.000000
7103.000000
6867.000000
7210.000000
6846.000000
6788.000000
6925.000000
6859.000000
6979.000000
6881.000000
6292.000000
6492.000000
7100.000000
6793.000000
4991.000000
2299.000000
8050.000000
8234.000000
4082.000000
2476.000000
2621.000000
4539.000000
5921.000000
4464.000000
5188.000000
4726.000000
4504.000000
4981.000000
5789.000000
5656.000000
4108.000000
5680.000000
4640.000000
3876.000000
7600.000000
7127.000000
7034.000000
6607.000000
6718.000000
7333.000000
5125.000000
5449.000000
6731.000000
6577.000000
6486.000000
6773.000000
6976.000000
6797.000000
6335.000000
6685.000000
6340.000000
6868.000000
7203.000000
7293.000000
6423.000000
8594.000000
5701.000000
4073.000000
4040.000000
8361.000000
8540.000000
6038.000000
1670.000000
2008.000000
4026.000000
6831.000000
6002.000000
5935.000000
6277.000000
5865.000000
6454.000000
6691.000000
6661.000000
6888.000000
6861.000000
5945.000000
4561.000000
6419.000000
6000.000000
5531.000000
6104.000000
5639.000000
5529.000000
5291.000000
4216.000000
4277.000000
5812.000000
6811.000000
7003.000000
7402.000000
6719.000000
7050.000000
6876.000000
7885.000000
8239.000000
8804.000000
8033.000000
7489.000000
9121.000000
5661.000000
4167.000000
4303.000000
7226.000000
6503.000000
6339.000000
6590.000000
3331.000000
2871.000000
4243.000000
3674.000000
5917.000000
6015.000000
5313.000000
5531.000000
5335.000000
5270.000000
4743.000000
4837.000000
5235.000000
2120.000000
3840.000000
5527.000000
5523.000000
5364.000000
6246.000000
6765.000000
2377.000000
910.000000
2463.000000
6814.000000
6397.000000
6927.000000
7411.000000
5725.000000
6742.000000
6874.000000
7550.000000
8556.000000
6976.000000
8497.000000
8807.000000
6803.000000
6336.000000
2439.000000
4342.000000
6302.000000
5957.000000
5402.000000
5212.000000
4363.000000
4353.000000
4673.000000
4954.000000
5446.000000
6318.000000
7331.000000
6607.000000
6620.000000
5589.000000
5073.000000
5444.000000
4995.000000
5362.000000
5861.000000
6782.000000
7728.000000
6845.000000
7871.000000
6857.000000
6167.000000
7407.000000
8086.000000
8144.000000
8218.000000
8208.000000
8174.000000
8388.000000
8329.000000
8913.000000
8268.000000
9027.000000
8605.000000
8585.000000
8152.000000
5489.000000
5413.000000
5101.000000
5870.000000
6242.000000
6296.000000
6984.000000
6318.000000
5442.000000
5518.000000
5685.000000
6381.000000
6156.000000
5532.000000
6155.000000
7131.000000
6393.000000
6992.000000
7323.000000
7656.000000
7363.000000
8025.000000
8313.000000
8047.000000
7684.000000
7695.000000
6691.000000
5851.000000
5957.000000
6773.000000
7896.000000
7932.000000
6458.000000
7468.000000
7701.000000
8306.000000
8661.000000
8487.000000
7395.000000
8394.000000
7975.000000
7749.000000
7607.000000
5371.000000
6017.000000
6065.000000
5700.000000
5925.000000
6399.000000
7403.000000
6916.000000
6665.000000
6443.000000
6487.000000
6309.000000
6190.000000
5837.000000
6132.000000
5381.000000
6421.000000
7532.000000
7669.000000
7809.000000
7569.000000
6576.000000
6528.000000
7370.000000
8150.000000
7663.000000
7205.000000
7071.000000
6991.000000
7313.000000
7314.000000
7598.000000
8723.000000
8115.000000
8400.000000
8791.000000
8420.000000
8189.000000
7852.000000
7955.000000
7091.000000
7517.000000
6974.000000
6107.000000
7301.000000
6949.000000
7859.000000
7627.000000
8170.000000
8016.000000
7952.000000
7267.000000
6893.000000
7235.000000
7532.000000
7205.000000
7645.000000
8132.000000
7915.000000
7417.000000
7805.000000
8170.000000
8492.000000
8146.000000
8245.000000
7490.000000
7368.000000
7722.000000
7707.000000
7443.000000
7429.000000
8059.000000
7291.000000
6924.000000
7398.000000
7900.000000
8002.000000
8232.000000
9093.000000
8796.000000
8017.000000
9139.000000
8912.000000
8452.000000
8558.000000
8345.000000
7157.000000
7717.000000
8434.000000
8326.000000
8135.000000
8545.000000
8572.000000
8873.000000
8556.000000
7318.000000
7825.000000
8043.000000
7469.000000
7553.000000
8161.000000
8619.000000
8879.000000
7538.000000
7539.000000
7827.000000
7887.000000
8582.000000
7890.000000
8867.000000
8481.000000
9283.000000
8882.000000
8266.000000
8376.000000
7375.000000
6369.000000
8056.000000
7088.000000
7089.000000
8218.000000
8257.000000
8527.000000
7621.000000
8117.000000
7488.000000
7535.000000
8615.000000
8216.000000
7935.000000
8497.000000
8730.000000
8792.000000
7812.000000
6457.000000
6902.000000
7912.000000
8669.000000
8344.000000
8646.000000
8321.000000
7508.000000
8383.000000
8380.000000
6676.000000
7972.000000
8692.000000
7464.000000
8073.000000
9269.000000
8877.000000
8020.000000
7759.000000
7593.000000
8718.000000
6802.000000
8534.000000
8175.000000
7930.000000
7751.000000
8893.000000
8850.000000
8241.000000
8350.000000
9249.000000
9068.000000
9123.000000
8964.000000
8240.000000
6315.000000
6958.000000
7341.000000
8478.000000
8403.000000
7987.000000
8481.000000
8123.000000
7828.000000
7216.000000
7281.000000
6963.000000
6434.000000
8629.000000
8620.000000
8118.000000
9089.000000
7790.000000
9103.000000
9086.000000
7716.000000
7189.000000
8338.000000
8961.000000
7448.000000
8103.000000
7665.000000
7141.000000
6707.000000
8156.000000
7726.000000
7610.000000
8131.000000
9396.000000
8693.000000
7966.000000
8608.000000
7290.000000
6833.000000
8198.000000
8735.000000
8644.000000
8815.000000
8715.000000
7083.000000
7706.000000
