12916.000000
12745.000000
12626.000000
11284.000000
9502.000000
8239.000000
8707.000000
9700.000000
9880.000000
10269.000000
10058.000000
10305.000000
9724.000000
10326.000000
10148.000000
10750.000000
10788.000000
10000.000000
10673.000000
10463.000000
11157.000000
11643.000000
11358.000000
11496.000000
10422.000000
10660.000000
11010.000000
11361.000000
11970.000000
11059.000000
11038.000000
10906.000000
10848.000000
10432.000000
10632.000000
10282.000000
10902.000000
10139.000000
9605.000000
9393.000000
9266.000000
9913.000000
10494.000000
9924.000000
9212.000000
9320.000000
9004.000000
9151.000000
9391.000000
10005.000000
9460.000000
9376.000000
10011.000000
10187.000000
9881.000000
11385.000000
11351.000000
10358.000000
11053.000000
11372.000000
12133.000000
11674.000000
10372.000000
9730.000000
11233.000000
10684.000000
11080.000000
10917.000000
11784.000000
11996.000000
11354.000000
11792.000000
12174.000000
11730.000000
11046.000000
10237.000000
10840.000000
10337.000000
11305.000000
11232.000000
10969.000000
10844.000000
10990.000000
10524.000000
9993.000000
10572.000000
10053.000000
10986.000000
11659.000000
11598.000000
11335.000000
12009.000000
11218.000000
11361.000000
11647.000000
10824.000000
11158.000000
11429.000000
9958.000000
7544.000000
6688.000000
7060.000000
9356.000000
11096.000000
10911.000000
11205.000000
11053.000000
10892.000000
9890.000000
10719.000000
10633.000000
10244.000000
10792.000000
10940.000000
10632.000000
11623.000000
11695.000000
11693.000000
11787.000000
11662.000000
10361.000000
10741.000000
10853.000000
10739.000000
10425.000000
11028.000000
10701.000000
11029.000000
12355.000000
11511.000000
11629.000000
11644.000000
10922.000000
11132.000000
12005.000000
11491.000000
12318.000000
11580.000000
11590.000000
9876.000000
9230.000000
9211.000000
9847.000000
8972.000000
8904.000000
9010.000000
8181.000000
8671.000000
11367.000000
11362.000000
11226.000000
11981.000000
11784.000000
11570.000000
10971.000000
10638.000000
10370.000000
10163.000000
11727.000000
11966.000000
10875.000000
10699.000000
10508.000000
10899.000000
12372.000000
11126.000000
11086.000000
11128.000000
11865.000000
11533.000000
12854.000000
13179.000000
13345.000000
13258.000000
12770.000000
12397.000000
12921.000000
11752.000000
11895.000000
12295.000000
11869.000000
10672.000000
10727.000000
11045.000000
10271.000000
10900.000000
12492.000000
8570.000000
11477.000000
11091.000000
12276.000000
11592.000000
10424.000000
10853.000000
9632.000000
11683.000000
11907.000000
13156.000000
12683.000000
12274.000000
11746.000000
12263.000000
11893.000000
13934.000000
15113.000000
14993.000000
14160.000000
12375.000000
11379.000000
11693.000000
10504.000000
10026.000000
8970.000000
10813.000000
10990.000000
9683.000000
9836.000000
8447.000000
8775.000000
9022.000000
9014.000000
9172.000000
9459.000000
10350.000000
11668.000000
11452.000000
11102.000000
11583.000000
10566.000000
10065.000000
10368.000000
8051.000000
10514.000000
13567.000000
13217.000000
13527.000000
15227.000000
15078.000000
14881.000000
14708.000000
15065.000000
14675.000000
15217.000000
13333.000000
13648.000000
12981.000000
10292.000000
9320.000000
8103.000000
7210.000000
9004.000000
8444.000000
9492.000000
9652.000000
10373.000000
9711.000000
11357.000000
10999.000000
10653.000000
7688.000000
8654.000000
10164.000000
10476.000000
10207.000000
10496.000000
13977.000000
15155.000000
15178.000000
14360.000000
14366.000000
14490.000000
13727.000000
14383.000000
14630.000000
14689.000000
14866.000000
14206.000000
14149.000000
13903.000000
14647.000000
13353.000000
12597.000000
13632.000000
11538.000000
9113.000000
8610.000000
9312.000000
8298.000000
8946.000000
8358.000000
8698.000000
8917.000000
10376.000000
9611.000000
9948.000000
10751.000000
5745.000000
6389.000000
11029.000000
11446.000000
11079.000000
12732.000000
14800.000000
15961.000000
15177.000000
15038.000000
14495.000000
14357.000000
15269.000000
15443.000000
15073.000000
14561.000000
13701.000000
14493.000000
13808.000000
13785.000000
13523.000000
13598.000000
12442.000000
12602.000000
11668.000000
11759.000000
10934.000000
11684.000000
10939.000000
10190.000000
11549.000000
10882.000000
11275.000000
11069.000000
11385.000000
10709.000000
10800.000000
9608.000000
9530.000000
10027.000000
10118.000000
11396.000000
14281.000000
14713.000000
15324.000000
13130.000000
13646.000000
13339.000000
14269.000000
14926.000000
14545.000000
14414.000000
13896.000000
13807.000000
13406.000000
12679.000000
13579.000000
14585.000000
13550.000000
11929.000000
12167.000000
11713.000000
10988.000000
12860.000000
12031.000000
12301.000000
12348.000000
12215.000000
12704.000000
11793.000000
11407.000000
11530.000000
11089.000000
10253.000000
11996.000000
11781.000000
12425.000000
11480.000000
12750.000000
15086.000000
15583.000000
14493.000000
13047.000000
13177.000000
12760.000000
14416.000000
14397.000000
14223.000000
13727.000000
13988.000000
13210.000000
13349.000000
11787.000000
13518.000000
13475.000000
13619.000000
10997.000000
11867.000000
11610.000000
9217.000000
10885.000000
11053.000000
10910.000000
11120.000000
9904.000000
9364.000000
11182.000000
11885.000000
11902.000000
12358.000000
11925.000000
11832.000000
11290.000000
11920.000000
10946.000000
14492.000000
14047.000000
15636.000000
12515.000000
12243.000000
13149.000000
11798.000000
13417.000000
14104.000000
13614.000000
14139.000000
13327.000000
12974.000000
12413.000000
11181.000000
12994.000000
14001.000000
13421.000000
10789.000000
11091.000000
11425.000000
9674.000000
10831.000000
11143.000000
10376.000000
10788.000000
11615.000000
12315.000000
12231.000000
12658.000000
12424.000000
12257.000000
11602.000000
10287.000000
9836.000000
10404.000000
10679.000000
14691.000000
13960.000000
8810.000000
10634.000000
11336.000000
11599.000000
11633.000000
13635.000000
13557.000000
12627.000000
12722.000000
12918.000000
12089.000000
11883.000000
11001.000000
12089.000000
13030.000000
12699.000000
10946.000000
10560.000000
11157.000000
8173.000000
9838.000000
10923.000000
10785.000000
9690.000000
12046.000000
12017.000000
12316.000000
11672.000000
11816.000000
11384.000000
11624.000000
8870.000000
9450.000000
9219.000000
12453.000000
14043.000000
8742.000000
9242.000000
8401.000000
6713.000000
10002.000000
11571.000000
13629.000000
13004.000000
12643.000000
11822.000000
12487.000000
12035.000000
11328.000000
11797.000000
12415.000000
13636.000000
12441.000000
10994.000000
9900.000000
10761.000000
5735.000000
5154.000000
11304.000000
11440.000000
8402.000000
11573.000000
12220.000000
11833.000000
12528.000000
11332.000000
10644.000000
10931.000000
9611.000000
10216.000000
11111.000000
13790.000000
11625.000000
9003.000000
7154.000000
5515.000000
5808.000000
8136.000000
11449.000000
13571.000000
12809.000000
13028.000000
12486.000000
11565.000000
11315.000000
10196.000000
12215.000000
12908.000000
13389.000000
12228.000000
11029.000000
9230.000000
10966.000000
5500.000000
3625.000000
9756.000000
12620.000000
9696.000000
11937.000000
13373.000000
13122.000000
13483.000000
13551.000000
12118.000000
11813.000000
11330.000000
11590.000000
11758.000000
13360.000000
10646.000000
9131.000000
9434.000000
5150.000000
6197.000000
9008.000000
8052.000000
11797.000000
11330.000000
11689.000000
11345.000000
8946.000000
9524.000000
9750.000000
12796.000000
12779.000000
13386.000000
11632.000000
9533.000000
8861.000000
11184.000000
7181.000000
3716.000000
7460.000000
2743.000000
12702.000000
14026.000000
13980.000000
13773.000000
13382.000000
13804.000000
13032.000000
12347.000000
12299.000000
12690.000000
11895.000000
12037.000000
8584.000000
9068.000000
9521.000000
4423.000000
6273.000000
8829.000000
9906.000000
11243.000000
10813.000000
10493.000000
11858.000000
7463.000000
9246.000000
9359.000000
13484.000000
13940.000000
13040.000000
11122.000000
8275.000000
8275.000000
9459.000000
9396.000000
7322.000000
7529.000000
13311.000000
12990.000000
14146.000000
14256.000000
12980.000000
12780.000000
12338.000000
13687.000000
12743.000000
12531.000000
12952.000000
11683.000000
7827.000000
10046.000000
11719.000000
9737.000000
3442.000000
4781.000000
8247.000000
8388.000000
11066.000000
10228.000000
11113.000000
12306.000000
6803.000000
10242.000000
9599.000000
13817.000000
13645.000000
12733.000000
10554.000000
7612.000000
7370.000000
8618.000000
13068.000000
8499.000000
6228.000000
13432.000000
11678.000000
13570.000000
13695.000000
13073.000000
12475.000000
11979.000000
13951.000000
12880.000000
12757.000000
10297.000000
12908.000000
9322.000000
8690.000000
7589.000000
10269.000000
3097.000000
1548.000000
5443.000000
7776.000000
8338.000000
8276.000000
9641.000000
12262.000000
6866.000000
10348.000000
10323.000000
14246.000000
13671.000000
13621.000000
9828.000000
5325.000000
7569.000000
8017.000000
11804.000000
8024.000000
5620.000000
13678.000000
11653.000000
12217.000000
12893.000000
13824.000000
12916.000000
12460.000000
12172.000000
13339.000000
11942.000000
13128.000000
13886.000000
11000.000000
7641.000000
6686.000000
8400.000000
2716.000000
571.000000
7351.000000
7142.000000
8047.000000
8193.000000
7886.000000
9451.000000
9230.000000
7789.000000
9964.000000
13781.000000
10311.000000
7815.000000
6894.000000
4190.000000
8250.000000
9021.000000
10936.000000
8987.000000
8518.000000
11998.000000
12721.000000
12041.000000
10295.000000
12486.000000
11665.000000
11688.000000
11307.000000
12349.000000
12642.000000
12702.000000
13230.000000
10899.000000
7474.000000
6473.000000
4753.000000
3875.000000
3235.000000
6464.000000
3782.000000
4347.000000
4759.000000
4579.000000
2883.000000
3332.000000
2461.000000
7199.000000
9547.000000
11640.000000
9111.000000
8689.000000
3533.000000
7568.000000
10544.000000
11650.000000
10357.000000
10092.000000
13250.000000
12123.000000
10150.000000
12011.000000
12220.000000
11041.000000
11169.000000
10158.000000
10139.000000
9838.000000
9742.000000
11098.000000
10183.000000
5842.000000
5417.000000
4896.000000
3189.000000
11307.000000
6088.000000
3457.000000
3544.000000
3162.000000
2690.000000
2149.000000
793.000000
226.000000
1292.000000
7442.000000
8258.000000
10604.000000
9606.000000
1804.000000
5419.000000
11384.000000
11971.000000
11579.000000
10748.000000
10726.000000
9504.000000
10721.000000
10426.000000
11606.000000
11100.000000
8964.000000
11091.000000
10364.000000
11096.000000
9362.000000
10727.000000
11633.000000
4557.000000
5006.000000
4290.000000
983.000000
13094.000000
12401.000000
1833.000000
2370.000000
2177.000000
1144.000000
1140.000000
190.000000
98.000000
182.000000
4671.000000
5913.000000
5999.000000
7680.000000
6085.000000
1633.000000
11719.000000
11674.000000
12302.000000
12115.000000
12937.000000
11639.000000
11509.000000
11402.000000
10737.000000
10892.000000
11288.000000
12121.000000
10258.000000
12996.000000
12302.000000
11350.000000
11766.000000
4612.000000
7748.000000
4374.000000
9355.000000
12452.000000
12105.000000
11321.000000
3089.000000
1031.000000
474.000000
122.000000
908.000000
6938.000000
12952.000000
10869.000000
2888.000000
5578.000000
6379.000000
9121.000000
11259.000000
10655.000000
11908.000000
6123.000000
10387.000000
10895.000000
6546.000000
11621.000000
11980.000000
11391.000000
10363.000000
10426.000000
11913.000000
10121.000000
12186.000000
12049.000000
11358.000000
7503.000000
4244.000000
5733.000000
4639.000000
11034.000000
9469.000000
10969.000000
11748.000000
11670.000000
9541.000000
6858.000000
10760.000000
10315.000000
9975.000000
12644.000000
11736.000000
4365.000000
3138.000000
6254.000000
9975.000000
11569.000000
10352.000000
11839.000000
8507.000000
9884.000000
10757.000000
5574.000000
11097.000000
11207.000000
9789.000000
11324.000000
12089.000000
12058.000000
10468.000000
11797.000000
13185.000000
11109.000000
6809.000000
3964.000000
5468.000000
4396.000000
12181.000000
11862.000000
12243.000000
10872.000000
10886.000000
10506.000000
10398.000000
10191.000000
10137.000000
10791.000000
11854.000000
11814.000000
8727.000000
672.000000
5004.000000
5352.000000
10129.000000
5391.000000
10129.000000
10034.000000
9938.000000
10751.000000
13258.000000
9413.000000
9344.000000
8194.000000
10587.000000
10973.000000
9946.000000
10484.000000
12460.000000
12103.000000
10357.000000
6816.000000
3546.000000
5565.000000
5192.000000
8110.000000
12343.000000
10916.000000
11259.000000
11994.000000
10329.000000
8347.000000
9814.000000
9555.000000
7884.000000
12260.000000
11842.000000
9371.000000
926.000000
8418.000000
5103.000000
7727.000000
3853.000000
9676.000000
11579.000000
10474.000000
10370.000000
7808.000000
7865.000000
4552.000000
8834.000000
9515.000000
10870.000000
11463.000000
11234.000000
12299.000000
11711.000000
11232.000000
7264.000000
3089.000000
6332.000000
6061.000000
9363.000000
11773.000000
10553.000000
10362.000000
10795.000000
8272.000000
7855.000000
7835.000000
6149.000000
5975.000000
9830.000000
10773.000000
8412.000000
4253.000000
7808.000000
3776.000000
6745.000000
5775.000000
11496.000000
11337.000000
7019.000000
7260.000000
7526.000000
2278.000000
7267.000000
5256.000000
8627.000000
10371.000000
11079.000000
11156.000000
10695.000000
11491.000000
11916.000000
9545.000000
3465.000000
5531.000000
6678.000000
6490.000000
9988.000000
9914.000000
9236.000000
8846.000000
9236.000000
6692.000000
6107.000000
4516.000000
5960.000000
8877.000000
6253.000000
8690.000000
3159.000000
7400.000000
4073.000000
5033.000000
2946.000000
8476.000000
6955.000000
7358.000000
5024.000000
3468.000000
5682.000000
5896.000000
6067.000000
7397.000000
9148.000000
8820.000000
10114.000000
10875.000000
9648.000000
11206.000000
8913.000000
5104.000000
9157.000000
7937.000000
7552.000000
7461.000000
7105.000000
7920.000000
6375.000000
6299.000000
4311.000000
4549.000000
3779.000000
6384.000000
5030.000000
4252.000000
9237.000000
2424.000000
7279.000000
5477.000000
3482.000000
2688.000000
3920.000000
8879.000000
6736.000000
4301.000000
3156.000000
4422.000000
5593.000000
6000.000000
7958.000000
8338.000000
6140.000000
9006.000000
10030.000000
9006.000000
9126.000000
11276.000000
5052.000000
9641.000000
9909.000000
9067.000000
6604.000000
4824.000000
6625.000000
5866.000000
7840.000000
4957.000000
5342.000000
4694.000000
6455.000000
6471.000000
7159.000000
9517.000000
6160.000000
10480.000000
5347.000000
5977.000000
5742.000000
4026.000000
6587.000000
2461.000000
3167.000000
4830.000000
6279.000000
4970.000000
7148.000000
9741.000000
10294.000000
11909.000000
9867.000000
9904.000000
9063.000000
9786.000000
10445.000000
6992.000000
8616.000000
10329.000000
7014.000000
6179.000000
5998.000000
8423.000000
8073.000000
7632.000000
8633.000000
8798.000000
7707.000000
7558.000000
8053.000000
9782.000000
6977.000000
7006.000000
4846.000000
6615.000000
6499.000000
6796.000000
8518.000000
8673.000000
8545.000000
8663.000000
8812.000000
11038.000000
9975.000000
8441.000000
9734.000000
9674.000000
10785.000000
10660.000000
9990.000000
8325.000000
10126.000000
11557.000000
11819.000000
9255.000000
10940.000000
8493.000000
7889.000000
8367.000000
8773.000000
9462.000000
10331.000000
10615.000000
10819.000000
9213.000000
10821.000000
9243.000000
10226.000000
9648.000000
10018.000000
8626.000000
7607.000000
9474.000000
8011.000000
8160.000000
10309.000000
9096.000000
10274.000000
10873.000000
10001.000000
11424.000000
9855.000000
10432.000000
9126.000000
11019.000000
11392.000000
11255.000000
9874.000000
9605.000000
11494.000000
10750.000000
9861.000000
9833.000000
9469.000000
10599.000000
10825.000000
11694.000000
9199.000000
9798.000000
9736.000000
9814.000000
10206.000000
9210.000000
8104.000000
10307.000000
9821.000000
8835.000000
9147.000000
6742.000000
9169.000000
9277.000000
9788.000000
11074.000000
12446.000000
12046.000000
11383.000000
8458.000000
10052.000000
9595.000000
10123.000000
9370.000000
10751.000000
10909.000000
11324.000000
9908.000000
9432.000000
11285.000000
11088.000000
10298.000000
10189.000000
10294.000000
11328.000000
12641.000000
11368.000000
10817.000000
10815.000000
10933.000000
12784.000000
10583.000000
11238.000000
10841.000000
10488.000000
10346.000000
10951.000000
10099.000000
10741.000000
8308.000000
9192.000000
10180.000000
10112.000000
10888.000000
10900.000000
12156.000000
9022.000000
9557.000000
8926.000000
10535.000000
9052.000000
9965.000000
9645.000000
11749.000000
9806.000000
10538.000000
10847.000000
10613.000000
10473.000000
10998.000000
11665.000000
10155.000000
10355.000000
11328.000000
9830.000000
11527.000000
11194.000000
12352.000000
10436.000000
10570.000000
10533.000000
11178.000000
9761.000000
10103.000000
10649.000000
9228.000000
10580.000000
10136.000000
11282.000000
12192.000000
10263.000000
11529.000000
10031.000000
9004.000000
9514.000000
9648.000000
8023.000000
8368.000000
8534.000000
10157.000000
