9344.000000
9344.000000
9385.000000
9375.000000
9318.000000
9309.000000
9310.000000
9326.000000
9360.000000
9360.000000
9374.000000
9357.000000
9360.000000
9346.000000
9327.000000
9329.000000
9708.000000
9916.000000
9555.000000
9393.000000
9256.000000
9357.000000
9360.000000
9360.000000
9360.000000
9360.000000
9360.000000
9360.000000
9360.000000
9360.000000
9360.000000
9353.000000
9346.000000
9346.000000
9316.000000
9296.000000
9296.000000
9296.000000
9296.000000
9296.000000
9296.000000
9296.000000
9280.000000
9280.000000
9357.000000
9375.000000
9318.000000
9309.000000
9310.000000
9326.000000
9360.000000
9360.000000
9362.000000
9363.000000
9358.000000
9348.000000
9340.000000
9438.000000
9982.000000
9838.000000
9631.000000
9422.000000
9353.000000
9371.000000
9360.000000
9360.000000
9360.000000
9360.000000
9360.000000
9360.000000
9360.000000
9360.000000
9360.000000
9353.000000
9346.000000
9346.000000
9316.000000
9296.000000
9296.000000
9296.000000
9296.000000
9296.000000
9296.000000
9296.000000
9294.000000
9294.000000
9333.000000
9332.000000
9311.000000
9309.000000
9310.000000
9317.000000
9328.000000
9328.000000
9345.000000
9339.000000
9255.000000
9017.000000
9097.000000
9717.000000
9850.000000
9758.000000
9602.000000
9389.000000
9383.000000
9362.000000
9360.000000
9360.000000
9360.000000
9360.000000
9360.000000
9360.000000
9360.000000
9360.000000
9360.000000
9353.000000
9346.000000
9346.000000
9333.000000
9328.000000
9328.000000
9328.000000
9328.000000
9328.000000
9328.000000
9328.000000
9312.000000
9312.000000
9312.000000
9312.000000
9309.000000
9309.000000
9310.000000
9310.000000
9310.000000
9310.000000
9321.000000
9335.000000
8553.000000
6313.000000
6997.000000
9474.000000
9534.000000
9190.000000
9313.000000
9273.000000
9350.000000
9369.000000
9360.000000
9360.000000
9360.000000
9360.000000
9360.000000
9360.000000
9360.000000
9360.000000
9360.000000
9353.000000
9346.000000
9346.000000
9346.000000
9346.000000
9346.000000
9346.000000
9346.000000
9346.000000
9346.000000
9346.000000
9312.000000
9312.000000
9312.000000
9312.000000
9309.000000
9309.000000
9310.000000
9310.000000
9310.000000
9313.000000
9325.000000
9321.000000
8099.000000
3624.000000
3086.000000
7442.000000
9206.000000
9154.000000
8910.000000
9004.000000
9370.000000
9370.000000
9367.000000
9360.000000
9360.000000
9360.000000
9360.000000
9360.000000
9360.000000
9360.000000
9360.000000
9353.000000
9346.000000
9346.000000
9346.000000
9346.000000
9346.000000
9346.000000
9346.000000
9346.000000
9346.000000
9346.000000
9308.000000
9308.000000
9308.000000
9308.000000
9306.000000
9308.000000
9310.000000
9310.000000
9310.000000
9310.000000
9315.000000
9325.000000
8342.000000
3498.000000
1389.000000
4731.000000
8872.000000
8826.000000
8157.000000
8554.000000
9319.000000
9349.000000
9334.000000
9336.000000
9348.000000
9351.000000
9350.000000
9347.000000
9347.000000
9347.000000
9347.000000
9354.000000
9359.000000
9359.000000
9359.000000
9359.000000
9352.000000
9316.000000
9307.000000
9307.000000
9307.000000
9307.000000
9310.000000
9310.000000
9310.000000
9310.000000
9310.000000
9310.000000
9310.000000
9310.000000
9310.000000
9310.000000
9331.000000
9362.000000
8065.000000
2858.000000
777.000000
2888.000000
8101.000000
8018.000000
7946.000000
8135.000000
9059.000000
9347.000000
9340.000000
9372.000000
9348.000000
9346.000000
9346.000000
9346.000000
9346.000000
9346.000000
9346.000000
9353.000000
9360.000000
9360.000000
9360.000000
9360.000000
9351.000000
9307.000000
9296.000000
9296.000000
9296.000000
9296.000000
9310.000000
9310.000000
9299.000000
9292.000000
9294.000000
9307.000000
9310.000000
9315.000000
9328.000000
9328.000000
9329.000000
9356.000000
7684.000000
2172.000000
554.000000
2113.000000
7560.000000
7948.000000
7608.000000
7398.000000
8667.000000
8671.000000
8092.000000
9233.000000
9370.000000
9368.000000
9344.000000
9328.000000
9330.000000
9343.000000
9346.000000
9348.000000
9342.000000
9342.000000
9342.000000
9342.000000
9335.000000
9304.000000
9296.000000
9296.000000
9296.000000
9296.000000
9310.000000
9310.000000
9291.000000
9278.000000
9283.000000
9304.000000
9310.000000
9326.000000
9360.000000
9360.000000
9363.000000
9361.000000
7463.000000
2031.000000
408.000000
2182.000000
7864.000000
8368.000000
7424.000000
6766.000000
7951.000000
8194.000000
8287.000000
8667.000000
9378.000000
9391.000000
9333.000000
9296.000000
9303.000000
9337.000000
9346.000000
9337.000000
9310.000000
9310.000000
9310.000000
9310.000000
9308.000000
9298.000000
9296.000000
9296.000000
9296.000000
9296.000000
9310.000000
9310.000000
9327.000000
9342.000000
9338.000000
9317.000000
9310.000000
9326.000000
9360.000000
9360.000000
9385.000000
9370.000000
7381.000000
1961.000000
315.000000
3053.000000
8036.000000
8154.000000
7585.000000
6599.000000
7765.000000
9061.000000
9644.000000
8828.000000
9387.000000
9425.000000
9332.000000
9296.000000
9303.000000
9337.000000
9346.000000
9337.000000
9310.000000
9310.000000
9310.000000
9310.000000
9308.000000
9298.000000
9296.000000
9296.000000
9296.000000
9296.000000
9332.000000
9332.000000
9345.000000
9350.000000
9347.000000
9334.000000
9332.000000
9339.000000
9350.000000
9352.000000
9361.000000
9355.000000
7677.000000
2431.000000
260.000000
3716.000000
8337.000000
8537.000000
7421.000000
6060.000000
7696.000000
9607.000000
9719.000000
8886.000000
9365.000000
9365.000000
9327.000000
9341.000000
9333.000000
9337.000000
9346.000000
9342.000000
9332.000000
9332.000000
9332.000000
9332.000000
9333.000000
9344.000000
9348.000000
9339.000000
9316.000000
9316.000000
9346.000000
9346.000000
9346.000000
9346.000000
9346.000000
9346.000000
9346.000000
9346.000000
9346.000000
9351.000000
9350.000000
9316.000000
8590.000000
3471.000000
422.000000
4324.000000
9366.000000
8785.000000
8221.000000
6578.000000
7198.000000
9691.000000
8998.000000
8744.000000
9344.000000
9347.000000
9333.000000
9369.000000
9346.000000
9337.000000
9346.000000
9346.000000
9346.000000
9346.000000
9346.000000
9346.000000
9348.000000
9372.000000
9380.000000
9364.000000
9330.000000
9330.000000
9346.000000
9346.000000
9346.000000
9346.000000
9346.000000
9346.000000
9346.000000
9346.000000
9346.000000
9348.000000
9294.000000
9334.000000
9652.000000
5746.000000
1082.000000
3671.000000
8943.000000
8819.000000
8481.000000
8264.000000
8180.000000
9802.000000
8276.000000
8763.000000
9354.000000
9354.000000
9334.000000
9369.000000
9346.000000
9337.000000
9346.000000
9346.000000
9346.000000
9346.000000
9346.000000
9346.000000
9348.000000
9372.000000
9380.000000
9364.000000
9330.000000
9330.000000
9346.000000
9346.000000
9346.000000
9346.000000
9346.000000
9346.000000
9346.000000
9346.000000
9346.000000
9344.000000
9248.000000
9605.000000
10302.000000
8042.000000
2565.000000
2916.000000
7638.000000
9185.000000
8959.000000
9262.000000
9420.000000
8935.000000
6805.000000
8986.000000
9409.000000
9407.000000
9360.000000
9351.000000
9347.000000
9344.000000
9346.000000
9346.000000
9346.000000
9346.000000
9346.000000
9346.000000
9340.000000
9354.000000
9387.000000
9355.000000
9341.000000
9301.000000
9346.000000
9346.000000
9346.000000
9346.000000
9346.000000
9346.000000
9346.000000
9346.000000
9346.000000
9345.000000
9285.000000
9800.000000
10285.000000
9188.000000
4405.000000
2905.000000
5622.000000
8596.000000
8836.000000
9349.000000
9436.000000
7817.000000
6861.000000
9359.000000
9435.000000
9438.000000
9376.000000
9346.000000
9346.000000
9346.000000
9346.000000
9346.000000
9346.000000
9346.000000
9346.000000
9346.000000
9346.000000
9385.000000
9376.000000
9260.000000
9164.000000
9116.000000
9350.000000
9350.000000
9350.000000
9350.000000
9348.000000
9344.000000
9353.000000
9357.000000
9352.000000
9318.000000
9392.000000
10107.000000
10240.000000
9599.000000
5483.000000
5928.000000
7690.000000
8421.000000
8582.000000
9081.000000
9029.000000
7390.000000
8236.000000
9424.000000
9424.000000
9452.000000
9380.000000
9346.000000
9346.000000
9346.000000
9346.000000
9346.000000
9354.000000
9354.000000
9369.000000
9346.000000
9340.000000
9365.000000
9279.000000
9030.000000
8868.000000
8785.000000
9360.000000
9360.000000
9360.000000
9360.000000
9358.000000
9343.000000
9361.000000
9363.000000
9317.000000
9241.000000
9557.000000
10189.000000
10115.000000
9471.000000
6664.000000
8273.000000
8686.000000
8433.000000
8634.000000
8929.000000
8522.000000
7275.000000
8630.000000
9307.000000
9426.000000
9403.000000
9375.000000
9346.000000
9346.000000
9346.000000
9346.000000
9340.000000
9352.000000
9352.000000
9337.000000
9321.000000
9362.000000
9396.000000
9127.000000
8690.000000
8462.000000
8370.000000
9360.000000
9360.000000
9360.000000
9360.000000
9358.000000
9343.000000
9355.000000
9341.000000
9256.000000
9369.000000
9814.000000
10065.000000
10115.000000
9419.000000
7248.000000
8555.000000
8393.000000
8308.000000
8405.000000
8215.000000
8041.000000
7256.000000
8811.000000
9212.000000
9514.000000
9410.000000
9339.000000
9346.000000
9346.000000
9346.000000
9346.000000
9354.000000
9378.000000
9378.000000
9343.000000
9366.000000
9269.000000
9160.000000
8752.000000
8372.000000
8250.000000
8225.000000
9368.000000
9356.000000
9335.000000
9328.000000
9323.000000
9339.000000
9367.000000
9377.000000
9308.000000
9571.000000
9992.000000
9955.000000
9849.000000
9081.000000
7536.000000
8684.000000
8548.000000
8614.000000
8699.000000
8211.000000
8017.000000
7173.000000
8645.000000
8864.000000
9437.000000
9554.000000
9337.000000
9346.000000
9350.000000
9369.000000
9353.000000
9357.000000
9390.000000
9364.000000
9362.000000
9262.000000
9011.000000
8826.000000
8475.000000
8264.000000
8231.000000
8239.000000
9259.000000
9329.000000
9353.000000
9349.000000
9344.000000
9350.000000
9374.000000
9368.000000
9313.000000
9649.000000
10001.000000
9877.000000
9584.000000
8875.000000
7730.000000
8818.000000
8748.000000
8616.000000
8728.000000
8471.000000
7808.000000
7063.000000
8525.000000
8867.000000
9118.000000
9507.000000
9393.000000
9346.000000
9353.000000
9387.000000
9395.000000
9425.000000
9381.000000
9294.000000
9208.000000
8931.000000
8584.000000
8396.000000
8253.000000
8232.000000
8210.000000
8210.000000
8937.000000
9160.000000
9264.000000
9271.000000
9273.000000
9339.000000
9372.000000
9315.000000
9335.000000
9630.000000
10110.000000
9761.000000
9452.000000
9042.000000
8493.000000
9180.000000
8930.000000
8655.000000
8929.000000
8585.000000
7811.000000
6756.000000
8488.000000
8798.000000
8768.000000
9254.000000
9464.000000
9356.000000
9361.000000
9389.000000
9295.000000
9189.000000
9037.000000
8876.000000
8758.000000
8511.000000
8250.000000
8205.000000
8172.000000
8188.000000
8161.000000
8161.000000
8448.000000
8757.000000
8885.000000
8970.000000
9026.000000
9187.000000
9265.000000
9284.000000
9344.000000
9792.000000
10270.000000
9690.000000
9275.000000
9309.000000
9066.000000
9465.000000
9116.000000
9019.000000
9036.000000
8494.000000
7672.000000
6408.000000
8296.000000
8670.000000
8450.000000
8851.000000
9367.000000
9348.000000
9384.000000
9275.000000
9064.000000
8828.000000
8621.000000
8421.000000
8313.000000
8206.000000
8121.000000
8137.000000
8140.000000
8142.000000
8136.000000
8136.000000
7779.000000
8202.000000
8401.000000
8528.000000
8465.000000
8681.000000
8935.000000
8960.000000
9221.000000
10007.000000
10222.000000
9678.000000
9141.000000
9298.000000
9212.000000
9262.000000
9134.000000
9140.000000
9226.000000
8755.000000
7647.000000
6448.000000
8216.000000
8837.000000
8234.000000
8435.000000
9197.000000
9077.000000
9098.000000
8922.000000
8622.000000
8334.000000
8178.000000
8081.000000
8063.000000
8041.000000
8090.000000
8123.000000
8127.000000
8109.000000
8070.000000
8070.000000
7438.000000
7813.000000
7970.000000
8007.000000
7665.000000
7796.000000
7966.000000
8602.000000
9153.000000
10143.000000
10322.000000
9618.000000
8990.000000
9164.000000
9185.000000
8964.000000
9040.000000
9352.000000
9659.000000
9221.000000
7530.000000
6284.000000
8183.000000
8913.000000
7915.000000
8003.000000
8741.000000
8729.000000
8650.000000
8468.000000
8219.000000
8071.000000
7856.000000
7848.000000
8071.000000
8095.000000
8105.000000
8105.000000
8109.000000
8085.000000
8044.000000
8084.000000
7020.000000
7320.000000
7359.000000
7335.000000
7020.000000
7048.000000
7216.000000
8489.000000
9208.000000
10130.000000
10210.000000
9664.000000
8719.000000
8691.000000
8864.000000
9180.000000
8942.000000
9658.000000
10199.000000
9912.000000
7602.000000
5865.000000
7941.000000
8785.000000
7670.000000
7729.000000
8476.000000
8433.000000
8159.000000
8143.000000
8028.000000
7815.000000
7415.000000
7478.000000
8013.000000
8098.000000
8105.000000
8076.000000
8077.000000
8082.000000
8071.000000
8097.000000
6386.000000
6521.000000
6667.000000
6522.000000
6355.000000
6402.000000
7024.000000
8620.000000
9275.000000
10050.000000
9754.000000
9232.000000
8356.000000
8282.000000
9026.000000
9620.000000
9108.000000
9752.000000
10271.000000
9648.000000
7552.000000
5546.000000
7788.000000
8926.000000
7852.000000
7588.000000
8063.000000
8222.000000
7882.000000
7869.000000
7809.000000
7463.000000
6917.000000
7122.000000
7871.000000
8025.000000
8112.000000
8081.000000
8077.000000
8072.000000
7960.000000
8034.000000
5699.000000
5557.000000
5793.000000
5754.000000
5983.000000
5843.000000
6867.000000
8736.000000
9636.000000
10295.000000
9529.000000
9060.000000
8315.000000
8221.000000
9536.000000
9888.000000
9445.000000
9949.000000
10411.000000
8938.000000
7633.000000
5289.000000
7346.000000
8913.000000
7874.000000
7392.000000
7739.000000
8086.000000
7691.000000
7515.000000
7297.000000
6887.000000
6231.000000
6710.000000
7573.000000
7888.000000
8034.000000
8034.000000
8012.000000
7795.000000
7489.000000
7772.000000
5343.000000
5314.000000
5666.000000
5660.000000
5947.000000
5892.000000
7394.000000
8795.000000
9837.000000
10378.000000
9679.000000
9157.000000
8315.000000
8095.000000
9955.000000
9829.000000
9749.000000
10214.000000
10667.000000
8659.000000
7884.000000
4909.000000
7319.000000
9239.000000
7988.000000
7141.000000
7476.000000
7980.000000
7144.000000
6755.000000
6641.000000
6392.000000
5902.000000
6215.000000
6778.000000
7340.000000
7597.000000
7817.000000
7915.000000
7393.000000
6991.000000
7375.000000
5330.000000
5648.000000
5987.000000
5906.000000
6163.000000
6294.000000
7694.000000
8700.000000
9706.000000
9936.000000
9706.000000
9296.000000
8449.000000
8074.000000
10318.000000
10098.000000
9931.000000
10270.000000
10676.000000
8341.000000
8051.000000
4583.000000
6802.000000
8956.000000
8184.000000
7076.000000
7082.000000
7650.000000
6697.000000
6093.000000
5935.000000
5817.000000
5774.000000
5808.000000
5767.000000
6493.000000
6995.000000
7306.000000
7367.000000
6792.000000
6168.000000
6604.000000
5549.000000
5759.000000
6266.000000
6443.000000
6599.000000
6661.000000
7825.000000
8557.000000
9800.000000
9643.000000
9381.000000
8884.000000
8223.000000
8146.000000
10588.000000
10360.000000
10062.000000
10505.000000
10162.000000
7498.000000
7991.000000
4133.000000
6231.000000
8102.000000
7668.000000
6845.000000
6583.000000
7067.000000
6460.000000
6062.000000
5839.000000
5415.000000
5474.000000
5662.000000
5598.000000
5926.000000
6307.000000
6474.000000
6580.000000
6027.000000
5460.000000
5744.000000
6167.000000
6173.000000
7061.000000
7207.000000
6941.000000
6922.000000
7947.000000
8638.000000
9826.000000
9166.000000
8880.000000
8812.000000
8433.000000
8644.000000
10480.000000
10479.000000
10320.000000
10703.000000
9809.000000
7019.000000
7653.000000
3760.000000
5136.000000
7055.000000
6836.000000
6496.000000
5756.000000
6321.000000
6275.000000
6021.000000
5995.000000
5424.000000
5433.000000
5818.000000
6122.000000
6108.000000
6235.000000
5908.000000
5670.000000
5577.000000
5334.000000
5642.000000
7304.000000
7310.000000
7875.000000
7583.000000
7132.000000
7131.000000
7907.000000
8749.000000
9895.000000
9188.000000
8919.000000
8832.000000
8460.000000
8570.000000
10375.000000
10596.000000
10303.000000
10774.000000
9665.000000
7179.000000
7242.000000
3397.000000
4140.000000
5179.000000
6290.000000
6211.000000
4956.000000
5303.000000
5605.000000
5969.000000
5937.000000
5695.000000
5518.000000
5648.000000
6307.000000
6337.000000
6320.000000
6115.000000
5811.000000
5739.000000
5516.000000
5714.000000
8086.000000
8121.000000
8200.000000
7666.000000
7420.000000
7348.000000
8109.000000
8964.000000
9562.000000
9099.000000
8714.000000
8687.000000
8439.000000
8434.000000
10078.000000
10575.000000
10685.000000
10760.000000
9368.000000
7419.000000
6702.000000
3197.000000
3993.000000
4320.000000
5545.000000
5977.000000
4450.000000
4882.000000
5077.000000
5942.000000
5691.000000
5617.000000
5333.000000
5311.000000
6033.000000
6289.000000
6188.000000
6133.000000
6113.000000
6060.000000
5636.000000
5515.000000
8609.000000
8506.000000
8097.000000
7643.000000
7849.000000
7635.000000
8038.000000
8928.000000
9239.000000
8865.000000
8447.000000
8410.000000
8292.000000
8442.000000
9689.000000
10241.000000
10853.000000
10369.000000
8494.000000
6035.000000
5279.000000
3343.000000
4368.000000
4459.000000
5046.000000
5511.000000
4032.000000
4446.000000
4807.000000
5813.000000
5387.000000
5444.000000
5281.000000
5324.000000
5795.000000
6215.000000
5965.000000
5881.000000
6297.000000
6203.000000
5836.000000
5499.000000
8647.000000
8426.000000
7832.000000
7638.000000
8083.000000
7784.000000
8075.000000
9166.000000
9259.000000
8763.000000
8376.000000
8174.000000
8229.000000
8574.000000
9537.000000
10185.000000
10754.000000
9542.000000
7312.000000
4790.000000
4774.000000
3540.000000
4438.000000
4501.000000
4627.000000
5437.000000
3857.000000
4066.000000
4739.000000
6221.000000
5897.000000
5973.000000
5788.000000
5658.000000
5822.000000
6198.000000
5951.000000
6002.000000
6275.000000
6193.000000
6081.000000
5796.000000
8599.000000
8329.000000
7699.000000
7587.000000
8087.000000
7889.000000
8165.000000
9046.000000
9141.000000
8561.000000
8214.000000
7964.000000
8001.000000
8792.000000
9177.000000
9910.000000
10788.000000
9242.000000
6391.000000
4961.000000
4951.000000
3622.000000
4251.000000
4323.000000
4530.000000
5165.000000
3540.000000
3614.000000
5061.000000
7532.000000
7447.000000
7417.000000
7084.000000
6367.000000
5953.000000
6145.000000
6483.000000
7129.000000
6692.000000
6366.000000
6449.000000
6298.000000
8396.000000
8114.000000
7697.000000
7641.000000
7935.000000
7950.000000
8342.000000
9085.000000
9049.000000
8457.000000
8147.000000
7891.000000
7677.000000
8832.000000
7890.000000
8692.000000
10542.000000
9938.000000
8475.000000
8065.000000
4513.000000
3742.000000
3985.000000
3934.000000
4407.000000
4902.000000
3473.000000
3452.000000
5326.000000
8403.000000
8543.000000
8385.000000
8009.000000
7116.000000
6079.000000
6095.000000
7026.000000
7811.000000
6911.000000
6546.000000
6755.000000
7208.000000
8004.000000
7854.000000
7746.000000
7739.000000
7709.000000
7886.000000
8449.000000
9143.000000
8910.000000
8286.000000
8156.000000
7786.000000
7152.000000
8944.000000
8068.000000
8647.000000
10250.000000
10320.000000
9773.000000
8402.000000
3936.000000
3830.000000
3616.000000
3949.000000
4481.000000
4889.000000
3622.000000
3595.000000
5389.000000
8697.000000
8719.000000
8246.000000
8168.000000
7524.000000
6461.000000
6369.000000
7241.000000
7581.000000
6636.000000
6401.000000
6881.000000
7831.000000
7583.000000
7608.000000
7715.000000
7805.000000
7589.000000
7668.000000
8460.000000
9118.000000
8981.000000
8442.000000
8261.000000
7765.000000
7066.000000
8825.000000
8964.000000
8597.000000
10055.000000
10297.000000
9472.000000
7395.000000
3845.000000
4016.000000
3771.000000
3705.000000
4240.000000
4720.000000
3493.000000
3447.000000
5117.000000
8401.000000
8569.000000
6400.000000
7129.000000
7799.000000
7238.000000
7016.000000
6951.000000
6686.000000
5988.000000
5941.000000
6833.000000
7989.000000
7612.000000
7632.000000
7522.000000
7809.000000
7644.000000
7423.000000
8155.000000
9061.000000
8999.000000
8219.000000
7805.000000
7193.000000
6610.000000
8656.000000
9017.000000
8599.000000
10218.000000
10313.000000
8934.000000
6515.000000
3806.000000
3874.000000
3661.000000
3718.000000
4385.000000
4820.000000
3389.000000
3307.000000
4973.000000
7973.000000
8149.000000
5098.000000
6318.000000
8285.000000
8103.000000
7715.000000
6803.000000
5973.000000
5566.000000
5567.000000
6662.000000
7833.000000
7764.000000
7820.000000
7393.000000
7728.000000
7760.000000
7412.000000
8027.000000
9098.000000
9049.000000
8203.000000
6834.000000
6377.000000
5998.000000
8389.000000
9464.000000
8752.000000
10447.000000
10274.000000
8511.000000
5695.000000
3926.000000
3677.000000
3704.000000
3921.000000
4477.000000
4915.000000
3543.000000
3184.000000
5087.000000
8019.000000
7954.000000
4747.000000
6581.000000
9761.000000
8794.000000
8837.000000
7338.000000
5545.000000
5390.000000
5226.000000
6251.000000
7555.000000
7798.000000
7912.000000
7422.000000
7636.000000
7693.000000
7271.000000
7665.000000
9248.000000
9195.000000
8447.000000
6349.000000
5467.000000
5110.000000
8032.000000
8900.000000
8718.000000
10622.000000
9963.000000
8069.000000
4777.000000
3608.000000
3444.000000
3470.000000
3996.000000
4661.000000
5006.000000
3812.000000
3370.000000
5544.000000
8372.000000
8319.000000
5500.000000
6367.000000
10266.000000
8868.000000
9543.000000
7465.000000
5296.000000
4955.000000
4935.000000
5904.000000
7097.000000
7660.000000
7739.000000
7420.000000
7419.000000
7391.000000
6917.000000
7225.000000
9009.000000
8764.000000
8353.000000
6379.000000
4785.000000
4874.000000
8099.000000
9712.000000
9540.000000
10735.000000
9964.000000
7628.000000
4278.000000
3370.000000
3230.000000
3365.000000
4110.000000
4327.000000
4731.000000
4062.000000
3677.000000
6003.000000
8537.000000
9115.000000
6668.000000
6060.000000
10199.000000
8926.000000
9398.000000
7300.000000
5746.000000
5080.000000
5428.000000
6161.000000
6554.000000
7624.000000
7601.000000
7459.000000
7227.000000
7045.000000
6496.000000
6641.000000
6874.000000
5452.000000
5010.000000
5738.000000
4730.000000
4011.000000
7801.000000
10074.000000
10220.000000
10665.000000
9528.000000
6565.000000
4371.000000
3700.000000
3142.000000
3198.000000
4116.000000
4147.000000
4347.000000
4050.000000
3897.000000
6403.000000
8993.000000
10545.000000
7696.000000
5593.000000
9831.000000
9417.000000
8900.000000
7319.000000
6870.000000
6461.000000
6592.000000
6537.000000
6253.000000
7768.000000
7676.000000
7592.000000
7229.000000
6749.000000
6155.000000
5745.000000
3868.000000
2352.000000
1511.000000
3029.000000
3883.000000
3702.000000
7367.000000
10006.000000
10533.000000
9991.000000
8420.000000
4994.000000
3735.000000
3554.000000
3069.000000
3002.000000
3919.000000
4321.000000
4261.000000
4124.000000
4062.000000
6773.000000
10187.000000
11004.000000
8943.000000
6748.000000
10099.000000
10406.000000
7901.000000
7213.000000
7708.000000
7600.000000
7481.000000
7140.000000
6879.000000
8056.000000
8059.000000
7872.000000
7324.000000
6565.000000
5864.000000
5209.000000
3808.000000
3515.000000
1717.000000
1795.000000
3307.000000
3323.000000
6066.000000
9581.000000
10678.000000
9940.000000
7528.000000
3984.000000
3123.000000
3183.000000
2920.000000
2626.000000
3528.000000
4269.000000
4180.000000
4067.000000
4162.000000
8062.000000
11038.000000
10977.000000
8798.000000
8276.000000
10440.000000
10279.000000
6941.000000
6736.000000
7834.000000
8116.000000
8169.000000
7868.000000
7727.000000
8022.000000
8334.000000
8039.000000
7298.000000
6415.000000
5677.000000
5401.000000
5781.000000
7046.000000
3500.000000
1202.000000
2656.000000
3120.000000
5053.000000
8766.000000
10685.000000
10225.000000
7059.000000
3251.000000
2671.000000
2972.000000
2164.000000
1282.000000
1853.000000
3381.000000
4005.000000
3977.000000
4984.000000
10101.000000
11216.000000
10954.000000
9062.000000
9286.000000
10323.000000
9778.000000
6997.000000
6422.000000
7108.000000
7913.000000
8418.000000
8212.000000
8079.000000
7722.000000
8271.000000
7852.000000
6990.000000
6193.000000
5688.000000
5719.000000
7469.000000
8937.000000
5981.000000
1260.000000
1817.000000
2636.000000
3759.000000
7185.000000
10455.000000
10081.000000
7116.000000
2757.000000
2842.000000
3247.000000
1955.000000
1336.000000
1390.000000
1846.000000
3341.000000
3816.000000
5945.000000
10976.000000
11105.000000
10861.000000
9676.000000
9985.000000
10295.000000
9603.000000
6734.000000
5911.000000
6187.000000
7326.000000
8137.000000
7996.000000
7980.000000
7494.000000
8142.000000
7519.000000
6556.000000
5973.000000
5878.000000
5868.000000
7606.000000
8658.000000
7464.000000
2215.000000
1028.000000
1864.000000
2798.000000
6312.000000
10202.000000
10187.000000
8489.000000
3868.000000
2778.000000
2920.000000
2008.000000
1686.000000
2265.000000
1769.000000
2945.000000
3600.000000
7180.000000
11211.000000
11101.000000
10892.000000
10199.000000
10745.000000
10700.000000
9972.000000
7014.000000
5809.000000
5754.000000
6822.000000
7524.000000
7388.000000
7700.000000
7400.000000
8012.000000
7448.000000
6483.000000
6023.000000
6075.000000
5812.000000
7505.000000
8676.000000
8214.000000
3616.000000
692.000000
1547.000000
2338.000000
5693.000000
9868.000000
9783.000000
8617.000000
5363.000000
2482.000000
3078.000000
2305.000000
2095.000000
2538.000000
2022.000000
3128.000000
3628.000000
8733.000000
11214.000000
11049.000000
10655.000000
10250.000000
10855.000000
10732.000000
10042.000000
7020.000000
5639.000000
5967.000000
6627.000000
7042.000000
6894.000000
7323.000000
7213.000000
7803.000000
7533.000000
6818.000000
6250.000000
6161.000000
5843.000000
7539.000000
8649.000000
8509.000000
4913.000000
835.000000
1650.000000
1969.000000
4615.000000
9490.000000
10058.000000
8648.000000
6097.000000
3289.000000
3627.000000
2569.000000
2500.000000
2509.000000
2166.000000
2932.000000
4121.000000
9729.000000
11149.000000
10891.000000
10284.000000
10150.000000
10744.000000
10393.000000
9679.000000
7071.000000
5757.000000
6169.000000
6420.000000
6859.000000
6938.000000
7225.000000
6982.000000
7746.000000
7654.000000
7182.000000
6793.000000
6672.000000
6653.000000
7899.000000
8666.000000
8548.000000
6072.000000
1309.000000
1714.000000
1934.000000
3811.000000
8498.000000
9164.000000
7865.000000
5122.000000
3378.000000
3170.000000
2825.000000
2687.000000
2509.000000
2275.000000
2670.000000
4604.000000
10020.000000
11037.000000
10675.000000
10071.000000
9931.000000
10933.000000
10838.000000
9834.000000
7801.000000
6386.000000
6565.000000
6397.000000
7021.000000
7511.000000
7567.000000
6739.000000
7674.000000
7807.000000
7401.000000
7257.000000
7512.000000
7635.000000
8197.000000
8647.000000
8596.000000
6401.000000
1798.000000
1599.000000
1896.000000
3209.000000
6740.000000
6765.000000
6806.000000
3972.000000
2704.000000
2828.000000
2890.000000
2669.000000
2128.000000
2021.000000
2535.000000
4973.000000
10220.000000
10906.000000
10554.000000
10064.000000
9777.000000
10664.000000
10628.000000
9521.000000
8574.000000
7341.000000
7318.000000
7067.000000
7599.000000
8113.000000
8168.000000
6621.000000
7502.000000
7735.000000
7336.000000
7436.000000
8235.000000
8510.000000
8387.000000
8577.000000
8430.000000
6283.000000
2035.000000
1553.000000
2041.000000
3010.000000
6679.000000
5791.000000
5638.000000
3046.000000
2317.000000
2580.000000
2514.000000
2341.000000
1692.000000
1845.000000
2838.000000
5558.000000
10278.000000
10514.000000
10341.000000
10086.000000
9505.000000
9965.000000
10739.000000
9477.000000
9146.000000
8055.000000
7982.000000
7800.000000
8137.000000
8469.000000
8515.000000
6580.000000
7136.000000
7428.000000
6986.000000
7343.000000
8614.000000
8787.000000
8138.000000
8333.000000
8321.000000
6410.000000
2346.000000
1570.000000
1975.000000
2739.000000
7382.000000
6424.000000
4671.000000
3478.000000
2288.000000
1928.000000
2528.000000
2069.000000
1388.000000
2049.000000
3209.000000
6123.000000
10248.000000
10224.000000
10210.000000
10186.000000
9646.000000
8991.000000
10527.000000
10699.000000
9032.000000
8089.000000
8552.000000
8429.000000
8498.000000
8553.000000
8381.000000
6374.000000
6618.000000
6898.000000
6658.000000
7180.000000
8432.000000
8350.000000
7871.000000
8193.000000
8170.000000
6366.000000
2149.000000
1529.000000
1827.000000
2427.000000
6813.000000
6286.000000
3426.000000
2867.000000
2419.000000
2296.000000
2769.000000
1972.000000
1413.000000
2334.000000
3554.000000
6096.000000
9971.000000
9911.000000
10001.000000
9778.000000
9593.000000
8619.000000
10247.000000
10550.000000
7271.000000
8001.000000
8679.000000
8594.000000
8496.000000
8414.000000
8176.000000
6023.000000
6192.000000
6418.000000
6585.000000
7105.000000
7966.000000
7807.000000
7554.000000
7845.000000
8258.000000
6242.000000
1951.000000
1204.000000
1763.000000
1890.000000
3919.000000
4907.000000
2891.000000
2386.000000
2481.000000
2689.000000
2776.000000
1537.000000
1360.000000
2513.000000
3936.000000
5611.000000
9598.000000
9886.000000
10252.000000
9913.000000
9649.000000
9822.000000
10533.000000
9862.000000
6152.000000
7826.000000
8600.000000
8531.000000
8452.000000
8312.000000
8123.000000
5793.000000
5931.000000
6063.000000
6466.000000
6855.000000
7364.000000
7094.000000
6831.000000
7496.000000
8079.000000
6040.000000
2261.000000
1354.000000
2154.000000
1925.000000
1915.000000
3016.000000
3137.000000
2940.000000
2880.000000
3243.000000
2704.000000
1291.000000
1374.000000
2687.000000
4596.000000
5168.000000
9262.000000
9620.000000
10230.000000
9515.000000
9199.000000
10059.000000
10643.000000
9563.000000
5593.000000
7571.000000
8467.000000
8541.000000
8485.000000
8270.000000
8100.000000
5659.000000
5721.000000
5699.000000
6005.000000
6451.000000
6706.000000
6434.000000
6154.000000
7148.000000
8026.000000
6382.000000
2870.000000
1976.000000
2699.000000
2164.000000
1569.000000
1661.000000
2136.000000
2526.000000
2385.000000
2657.000000
2185.000000
1308.000000
1366.000000
3183.000000
5383.000000
4818.000000
8701.000000
9294.000000
9486.000000
8274.000000
8634.000000
9970.000000
10147.000000
8234.000000
4602.000000
7524.000000
8230.000000
8252.000000
8393.000000
8319.000000
7969.000000
6096.000000
5779.000000
5498.000000
6289.000000
7781.000000
6936.000000
6081.000000
5808.000000
6888.000000
7805.000000
6539.000000
3288.000000
2513.000000
2705.000000
1978.000000
1472.000000
1525.000000
1658.000000
1946.000000
2179.000000
2485.000000
2015.000000
1106.000000
1729.000000
4305.000000
5741.000000
4395.000000
7738.000000
9281.000000
8809.000000
6978.000000
7730.000000
9615.000000
9919.000000
7841.000000
3923.000000
7283.000000
7675.000000
7734.000000
8080.000000
8199.000000
7821.000000
7604.000000
6761.000000
6273.000000
7391.000000
7981.000000
6426.000000
5907.000000
5371.000000
6540.000000
7364.000000
6657.000000
3636.000000
2771.000000
2692.000000
1977.000000
1338.000000
1528.000000
1215.000000
1650.000000
2710.000000
2706.000000
1841.000000
917.000000
1920.000000
4649.000000
6019.000000
3958.000000
6665.000000
9960.000000
8156.000000
5906.000000
6557.000000
9030.000000
9811.000000
8131.000000
4987.000000
6788.000000
6946.000000
6914.000000
7654.000000
8031.000000
7662.000000
7631.000000
6923.000000
7040.000000
6996.000000
4597.000000
5124.000000
6210.000000
5316.000000
6433.000000
7234.000000
6687.000000
4242.000000
3803.000000
2917.000000
2183.000000
1410.000000
1309.000000
1112.000000
1764.000000
3263.000000
2662.000000
1676.000000
762.000000
1341.000000
5030.000000
6398.000000
4119.000000
5305.000000
9004.000000
7167.000000
4717.000000
4861.000000
7370.000000
9827.000000
6806.000000
3465.000000
5942.000000
6040.000000
5975.000000
7065.000000
7871.000000
7518.000000
6939.000000
6578.000000
7292.000000
6599.000000
3252.000000
4644.000000
5636.000000
6051.000000
6642.000000
7178.000000
6564.000000
5283.000000
5270.000000
3425.000000
2286.000000
1729.000000
1194.000000
1245.000000
2069.000000
2786.000000
2381.000000
1423.000000
612.000000
1323.000000
5486.000000
6777.000000
5118.000000
3100.000000
3538.000000
2861.000000
2932.000000
3852.000000
5536.000000
7592.000000
4673.000000
3008.000000
5487.000000
5362.000000
5347.000000
6442.000000
7556.000000
7164.000000
5708.000000
6227.000000
7453.000000
6384.000000
5393.000000
6118.000000
4341.000000
5682.000000
7415.000000
7686.000000
6608.000000
5901.000000
6127.000000
3290.000000
1153.000000
875.000000
1134.000000
1935.000000
2578.000000
2783.000000
1979.000000
1018.000000
483.000000
1341.000000
5753.000000
7166.000000
5336.000000
2550.000000
5607.000000
3385.000000
2156.000000
3031.000000
4177.000000
6962.000000
2793.000000
2346.000000
5250.000000
5603.000000
5370.000000
5977.000000
6818.000000
6480.000000
4582.000000
6767.000000
6882.000000
6401.000000
6663.000000
5997.000000
4554.000000
5459.000000
8283.000000
8066.000000
6698.000000
5784.000000
7282.000000
4114.000000
845.000000
179.000000
1350.000000
4670.000000
3362.000000
2682.000000
1729.000000
1032.000000
378.000000
1182.000000
5815.000000
6995.000000
4709.000000
2536.000000
7902.000000
4717.000000
1701.000000
2224.000000
2732.000000
3215.000000
867.000000
1541.000000
5194.000000
6070.000000
5684.000000
5774.000000
6200.000000
6049.000000
5635.000000
6899.000000
6628.000000
6817.000000
6864.000000
5535.000000
6351.000000
6155.000000
7900.000000
7303.000000
6388.000000
6138.000000
8064.000000
4968.000000
1040.000000
129.000000
1316.000000
5061.000000
3325.000000
2376.000000
1734.000000
1152.000000
337.000000
1025.000000
4992.000000
5433.000000
4315.000000
2907.000000
8351.000000
5097.000000
1661.000000
1992.000000
1972.000000
1556.000000
1111.000000
2167.000000
5654.000000
6294.000000
6023.000000
5929.000000
5914.000000
5699.000000
7792.000000
8090.000000
8115.000000
8305.000000
7769.000000
6830.000000
7238.000000
6756.000000
7163.000000
6472.000000
5778.000000
5712.000000
7320.000000
5271.000000
941.000000
150.000000
1114.000000
4416.000000
3108.000000
2139.000000
1465.000000
860.000000
199.000000
1006.000000
4428.000000
5548.000000
4750.000000
3127.000000
7763.000000
4778.000000
1753.000000
2136.000000
2096.000000
1603.000000
1434.000000
2824.000000
5764.000000
6331.000000
6244.000000
6132.000000
5693.000000
5318.000000
8422.000000
8539.000000
8861.000000
8821.000000
8438.000000
8207.000000
8152.000000
8752.000000
7830.000000
6414.000000
5676.000000
4716.000000
6588.000000
5804.000000
787.000000
158.000000
849.000000
3847.000000
2809.000000
1904.000000
843.000000
433.000000
206.000000
1288.000000
4184.000000
5468.000000
4547.000000
3534.000000
6957.000000
3987.000000
1866.000000
2222.000000
2185.000000
1867.000000
1452.000000
2837.000000
5829.000000
6403.000000
6499.000000
6369.000000
5664.000000
5230.000000
9066.000000
9256.000000
9414.000000
9314.000000
9033.000000
9050.000000
9078.000000
9492.000000
8715.000000
6213.000000
4634.000000
3810.000000
6193.000000
6223.000000
1223.000000
206.000000
452.000000
3090.000000
2723.000000
1820.000000
690.000000
362.000000
264.000000
1703.000000
5609.000000
5976.000000
4123.000000
3753.000000
6245.000000
3250.000000
1998.000000
1788.000000
2324.000000
2440.000000
1687.000000
3190.000000
6409.000000
6978.000000
6863.000000
6859.000000
5889.000000
5312.000000
9330.000000
9761.000000
9727.000000
9558.000000
9682.000000
9606.000000
9458.000000
9422.000000
8887.000000
5464.000000
4213.000000
3488.000000
5825.000000
6542.000000
1705.000000
344.000000
310.000000
3183.000000
2645.000000
1487.000000
557.000000
323.000000
119.000000
1942.000000
7780.000000
8630.000000
7033.000000
6508.000000
6323.000000
3218.000000
3695.000000
1394.000000
3314.000000
4187.000000
1918.000000
4027.000000
8217.000000
8465.000000
7989.000000
7781.000000
7090.000000
6617.000000
9581.000000
9878.000000
9575.000000
9563.000000
9643.000000
9824.000000
9531.000000
9500.000000
9109.000000
5083.000000
3989.000000
3495.000000
5590.000000
5802.000000
1852.000000
471.000000
243.000000
3133.000000
3171.000000
1886.000000
539.000000
368.000000
100.000000
2324.000000
8704.000000
9733.000000
9555.000000
9487.000000
7539.000000
3926.000000
4570.000000
642.000000
4518.000000
6605.000000
2409.000000
4469.000000
8482.000000
8166.000000
8755.000000
8917.000000
8901.000000
8465.000000
9377.000000
9675.000000
9557.000000
9443.000000
9662.000000
9630.000000
9515.000000
10096.000000
9808.000000
5744.000000
4109.000000
3106.000000
4436.000000
6451.000000
2544.000000
508.000000
193.000000
2821.000000
3587.000000
2265.000000
643.000000
355.000000
209.000000
2833.000000
9394.000000
10137.000000
10352.000000
9897.000000
8078.000000
4924.000000
3611.000000
410.000000
5094.000000
7827.000000
3059.000000
4090.000000
7218.000000
6757.000000
8531.000000
9190.000000
9293.000000
8890.000000
8966.000000
9452.000000
9616.000000
9474.000000
9735.000000
9875.000000
9949.000000
10040.000000
10279.000000
6535.000000
3207.000000
2669.000000
2257.000000
5998.000000
3816.000000
575.000000
364.000000
2453.000000
3147.000000
1925.000000
681.000000
367.000000
182.000000
3106.000000
8767.000000
9765.000000
10477.000000
9272.000000
8291.000000
6086.000000
2480.000000
446.000000
5558.000000
8756.000000
4143.000000
3793.000000
6397.000000
6559.000000
8315.000000
9020.000000
9365.000000
9177.000000
9356.000000
9516.000000
9455.000000
9581.000000
9760.000000
10075.000000
10083.000000
9964.000000
10206.000000
7042.000000
2603.000000
2451.000000
1859.000000
5324.000000
5022.000000
886.000000
558.000000
2430.000000
2806.000000
1610.000000
996.000000
449.000000
196.000000
4117.000000
9789.000000
10216.000000
10533.000000
9098.000000
8490.000000
6851.000000
2393.000000
925.000000
6728.000000
9003.000000
4865.000000
3603.000000
6189.000000
6212.000000
7158.000000
9077.000000
9785.000000
9735.000000
9468.000000
9743.000000
9710.000000
9409.000000
9447.000000
9884.000000
10078.000000
10105.000000
10231.000000
7165.000000
2602.000000
2053.000000
1706.000000
5086.000000
5664.000000
1118.000000
543.000000
2690.000000
2893.000000
1882.000000
1223.000000
392.000000
302.000000
5999.000000
10354.000000
10053.000000
10318.000000
7635.000000
7557.000000
6294.000000
2611.000000
1566.000000
7788.000000
9260.000000
4901.000000
3368.000000
6017.000000
6489.000000
6868.000000
9044.000000
9844.000000
10119.000000
9018.000000
9333.000000
9231.000000
8999.000000
9143.000000
9494.000000
9633.000000
9575.000000
9834.000000
6816.000000
2344.000000
1632.000000
1627.000000
4901.000000
5987.000000
1267.000000
468.000000
3773.000000
2671.000000
1731.000000
923.000000
391.000000
636.000000
7104.000000
10361.000000
10257.000000
10252.000000
6882.000000
7296.000000
5132.000000
2869.000000
2317.000000
8523.000000
9550.000000
4977.000000
3138.000000
7196.000000
8772.000000
8708.000000
9560.000000
9988.000000
9805.000000
8922.000000
9010.000000
9164.000000
9244.000000
9508.000000
9424.000000
9012.000000
8941.000000
9327.000000
6053.000000
2100.000000
1639.000000
1578.000000
4605.000000
5835.000000
1445.000000
1237.000000
5693.000000
2276.000000
1436.000000
928.000000
457.000000
897.000000
7380.000000
10302.000000
10258.000000
10208.000000
6157.000000
7206.000000
5540.000000
2831.000000
2708.000000
8772.000000
9827.000000
5606.000000
3095.000000
7834.000000
9793.000000
9884.000000
9451.000000
9549.000000
9512.000000
8932.000000
8540.000000
9157.000000
9479.000000
9598.000000
9532.000000
9312.000000
9411.000000
9249.000000
5983.000000
2291.000000
1487.000000
1507.000000
3865.000000
5255.000000
1592.000000
2624.000000
6862.000000
2042.000000
1501.000000
1195.000000
769.000000
970.000000
7547.000000
10534.000000
10530.000000
10629.000000
7484.000000
7968.000000
5302.000000
2169.000000
2753.000000
8999.000000
10061.000000
6790.000000
3438.000000
7601.000000
9715.000000
9662.000000
9594.000000
9584.000000
9693.000000
8926.000000
8927.000000
9090.000000
9519.000000
9589.000000
9672.000000
9481.000000
9619.000000
9452.000000
5722.000000
2463.000000
1287.000000
1310.000000
3087.000000
4121.000000
2761.000000
3653.000000
4413.000000
1817.000000
1598.000000
1293.000000
1169.000000
1192.000000
6130.000000
8175.000000
7814.000000
7628.000000
7842.000000
8185.000000
5167.000000
3383.000000
2505.000000
8047.000000
8614.000000
7156.000000
3493.000000
6269.000000
9134.000000
8774.000000
8674.000000
8910.000000
9190.000000
8804.000000
8822.000000
8843.000000
9186.000000
9274.000000
9307.000000
8985.000000
8877.000000
9165.000000
6842.000000
3329.000000
1386.000000
1543.000000
2149.000000
2984.000000
3393.000000
3673.000000
3020.000000
2015.000000
1790.000000
1396.000000
1241.000000
778.000000
1569.000000
1751.000000
1631.000000
1556.000000
5408.000000
8665.000000
4489.000000
1732.000000
1669.000000
3170.000000
3242.000000
3480.000000
3134.000000
4282.000000
7545.000000
8342.000000
8650.000000
8622.000000
8582.000000
9102.000000
8959.000000
9148.000000
9161.000000
9122.000000
8976.000000
8881.000000
8447.000000
8375.000000
7872.000000
4958.000000
2406.000000
2689.000000
3199.000000
3204.000000
3795.000000
4489.000000
5522.000000
2964.000000
2876.000000
1572.000000
1568.000000
1594.000000
925.000000
907.000000
1445.000000
2632.000000
6947.000000
9362.000000
5217.000000
2719.000000
2686.000000
2244.000000
2151.000000
2141.000000
2827.000000
2681.000000
3990.000000
6721.000000
8616.000000
8797.000000
8734.000000
9176.000000
9083.000000
9223.000000
9105.000000
8858.000000
9070.000000
9049.000000
9107.000000
9136.000000
9026.000000
7590.000000
6878.000000
7402.000000
7343.000000
6915.000000
7839.000000
8470.000000
9009.000000
6438.000000
5224.000000
3371.000000
3850.000000
4249.000000
2699.000000
2440.000000
2871.000000
5030.000000
8839.000000
9550.000000
8034.000000
6750.000000
5232.000000
5061.000000
4383.000000
3209.000000
3589.000000
3004.000000
3379.000000
5440.000000
8498.000000
8704.000000
8394.000000
9200.000000
9229.000000
9167.000000
9248.000000
9470.000000
9526.000000
9667.000000
9476.000000
9551.000000
9795.000000
9704.000000
9568.000000
9830.000000
10238.000000
10118.000000
10275.000000
9933.000000
9796.000000
9689.000000
8972.000000
8212.000000
8031.000000
8251.000000
7697.000000
6084.000000
6335.000000
7689.000000
8323.000000
8899.000000
9153.000000
9246.000000
8955.000000
8716.000000
7921.000000
7368.000000
6794.000000
6687.000000
6728.000000
6857.000000
8650.000000
8960.000000
8708.000000
9229.000000
9226.000000
9204.000000
9395.000000
9366.000000
9533.000000
9614.000000
9439.000000
9696.000000
9513.000000
9464.000000
9710.000000
9945.000000
10130.000000
10102.000000
10073.000000
10013.000000
9894.000000
9857.000000
10128.000000
10222.000000
10082.000000
9877.000000
9694.000000
9295.000000
9576.000000
9486.000000
9354.000000
9333.000000
9540.000000
9670.000000
9611.000000
9435.000000
9280.000000
9165.000000
9326.000000
8825.000000
9044.000000
8959.000000
9252.000000
9277.000000
9226.000000
9087.000000
9396.000000
9458.000000
9443.000000
9351.000000
9464.000000
9634.000000
9635.000000
9750.000000
9576.000000
9593.000000
9986.000000
9911.000000
9985.000000
9734.000000
9780.000000
10050.000000
9975.000000
9750.000000
10027.000000
10252.000000
10316.000000
10302.000000
9910.000000
9923.000000
9758.000000
10093.000000
10059.000000
10313.000000
10209.000000
10000.000000
9870.000000
9600.000000
9345.000000
9305.000000
9446.000000
9316.000000
9691.000000
9595.000000
9490.000000
9501.000000
9369.000000
