1206.000000
1241.000000
2426.000000
2384.000000
1858.000000
2101.000000
1896.000000
1784.000000
847.000000
2064.000000
1964.000000
1428.000000
1628.000000
1635.000000
1276.000000
1363.000000
2348.000000
2627.000000
4027.000000
2007.000000
3049.000000
1488.000000
1615.000000
1418.000000
1514.000000
1225.000000
1362.000000
1495.000000
1523.000000
2193.000000
4011.000000
4797.000000
5529.000000
6112.000000
6237.000000
3551.000000
1296.000000
1818.000000
1419.000000
731.000000
715.000000
2400.000000
3696.000000
3125.000000
4667.000000
4771.000000
5072.000000
5222.000000
5181.000000
5652.000000
994.000000
1408.000000
1645.000000
1598.000000
3145.000000
1874.000000
4154.000000
4560.000000
3869.000000
4206.000000
4695.000000
3873.000000
4288.000000
2461.000000
1220.000000
3158.000000
2942.000000
3828.000000
3299.000000
4408.000000
3798.000000
3261.000000
3968.000000
3830.000000
2731.000000
3683.000000
2745.000000
1909.000000
2821.000000
2540.000000
1973.000000
1818.000000
3394.000000
2255.000000
2432.000000
3024.000000
2862.000000
2728.000000
3388.000000
2196.000000
1630.000000
1344.000000
2178.000000
3153.000000
2685.000000
2986.000000
1820.000000
1375.000000
2155.000000
2014.000000
1971.000000
2089.000000
1639.000000
1413.000000
2284.000000
2730.000000
2800.000000
3169.000000
3577.000000
1189.000000
1769.000000
1841.000000
1784.000000
2723.000000
1883.000000
1623.000000
2089.000000
4324.000000
2837.000000
3923.000000
2775.000000
3427.000000
2367.000000
1823.000000
1708.000000
4035.000000
4791.000000
2050.000000
3929.000000
3942.000000
4066.000000
3605.000000
1517.000000
2698.000000
2281.000000
2282.000000
4315.000000
2873.000000
4634.000000
4588.000000
2618.000000
4560.000000
4450.000000
3836.000000
3734.000000
3233.000000
3027.000000
3187.000000
2151.000000
3894.000000
3942.000000
3875.000000
3898.000000
3968.000000
3800.000000
4215.000000
4871.000000
4954.000000
4833.000000
5013.000000
4441.000000
4591.000000
4590.000000
4884.000000
4248.000000
4428.000000
4345.000000
3915.000000
4077.000000
