5677.000000
5335.000000
5099.000000
5432.000000
4726.000000
4729.000000
5118.000000
4692.000000
4338.000000
5190.000000
4312.000000
4174.000000
4230.000000
6015.000000
5123.000000
5038.000000
5339.000000
5069.000000
5510.000000
4760.000000
5947.000000
4446.000000
4813.000000
4407.000000
5072.000000
4547.000000
5672.000000
5041.000000
4942.000000
5327.000000
5169.000000
5356.000000
4728.000000
4360.000000
4772.000000
4574.000000
4740.000000
5325.000000
4750.000000
4646.000000
5376.000000
4606.000000
5146.000000
5699.000000
5121.000000
4686.000000
4080.000000
4058.000000
4481.000000
5534.000000
4408.000000
4784.000000
4962.000000
4718.000000
4913.000000
3996.000000
5316.000000
4796.000000
5123.000000
5289.000000
5560.000000
4389.000000
4727.000000
5426.000000
5303.000000
5982.000000
5566.000000
5063.000000
4374.000000
4831.000000
4212.000000
4581.000000
5091.000000
5472.000000
4454.000000
4014.000000
4395.000000
4689.000000
4341.000000
4922.000000
5483.000000
4720.000000
3967.000000
4729.000000
4294.000000
5006.000000
5181.000000
5439.000000
5488.000000
3602.000000
3680.000000
5619.000000
5225.000000
4606.000000
3992.000000
3451.000000
3377.000000
4182.000000
4726.000000
4721.000000
4697.000000
5440.000000
4424.000000
3818.000000
6010.000000
5449.000000
4560.000000
3762.000000
3064.000000
3755.000000
3855.000000
4154.000000
3984.000000
4369.000000
4531.000000
5460.000000
5648.000000
5816.000000
4056.000000
4135.000000
3545.000000
5475.000000
3715.000000
3829.000000
3613.000000
4257.000000
3590.000000
3450.000000
4778.000000
5927.000000
4302.000000
4935.000000
4876.000000
3682.000000
3529.000000
3230.000000
3816.000000
3179.000000
3523.000000
2648.000000
3283.000000
4600.000000
5990.000000
3963.000000
3995.000000
5458.000000
3721.000000
2986.000000
2306.000000
2817.000000
2953.000000
2467.000000
2459.000000
2949.000000
3328.000000
6017.000000
4928.000000
5481.000000
4934.000000
4657.000000
2989.000000
2435.000000
2743.000000
3148.000000
2088.000000
2159.000000
2153.000000
1826.000000
5794.000000
4714.000000
3771.000000
5528.000000
5781.000000
4305.000000
2141.000000
850.000000
2392.000000
1793.000000
1238.000000
2322.000000
2290.000000
6009.000000
4297.000000
5719.000000
5754.000000
5922.000000
3333.000000
4276.000000
1221.000000
2640.000000
1265.000000
1021.000000
1730.000000
1701.000000
5806.000000
3675.000000
4942.000000
5748.000000
3854.000000
2903.000000
5262.000000
2319.000000
5113.000000
5713.000000
5900.000000
3757.000000
2256.000000
5743.000000
2919.000000
5347.000000
5223.000000
4113.000000
3348.000000
4707.000000
4430.000000
3814.000000
5951.000000
5816.000000
4686.000000
2040.000000
5781.000000
4580.000000
4895.000000
4874.000000
4269.000000
1690.000000
4761.000000
3808.000000
3861.000000
5587.000000
5448.000000
4893.000000
1872.000000
5432.000000
4447.000000
3781.000000
3410.000000
3900.000000
3376.000000
4201.000000
2147.000000
3834.000000
4253.000000
4804.000000
3940.000000
2639.000000
4909.000000
3436.000000
3763.000000
3277.000000
3234.000000
3420.000000
3902.000000
4546.000000
3246.000000
3953.000000
4046.000000
1544.000000
2352.000000
4793.000000
2949.000000
4042.000000
3012.000000
3464.000000
3881.000000
3510.000000
3883.000000
2338.000000
3437.000000
5345.000000
4562.000000
4506.000000
3888.000000
2927.000000
3366.000000
2684.000000
2978.000000
3708.000000
3220.000000
3176.000000
2774.000000
3367.000000
5401.000000
5043.000000
4531.000000
3850.000000
1766.000000
3037.000000
1598.000000
3374.000000
2698.000000
3089.000000
1703.000000
3117.000000
2937.000000
4116.000000
5146.000000
4048.000000
3455.000000
2275.000000
2394.000000
1472.000000
1852.000000
2635.000000
2594.000000
922.000000
2193.000000
2539.000000
4557.000000
5057.000000
3209.000000
2458.000000
2605.000000
2422.000000
1807.000000
1897.000000
2138.000000
2427.000000
1822.000000
2186.000000
2630.000000
3141.000000
4463.000000
2514.000000
2138.000000
2487.000000
2986.000000
2673.000000
2126.000000
1621.000000
2772.000000
2085.000000
2404.000000
2510.000000
3090.000000
3329.000000
2778.000000
2181.000000
