6250.000000
5563.000000
6690.000000
6768.000000
5998.000000
6058.000000
4237.000000
3810.000000
4741.000000
3515.000000
3728.000000
4211.000000
5011.000000
5461.000000
4023.000000
3949.000000
5523.000000
6068.000000
5404.000000
5366.000000
5008.000000
7952.000000
5269.000000
7080.000000
7225.000000
4851.000000
6192.000000
4745.000000
4067.000000
4980.000000
3924.000000
4183.000000
4257.000000
8100.000000
8168.000000
6287.000000
3368.000000
3998.000000
5923.000000
5009.000000
5650.000000
5126.000000
7229.000000
8750.000000
8476.000000
6976.000000
6203.000000
6710.000000
7916.000000
5487.000000
5681.000000
4961.000000
4675.000000
4846.000000
7388.000000
8799.000000
6997.000000
3706.000000
4252.000000
5311.000000
5689.000000
5849.000000
5378.000000
6404.000000
9680.000000
7270.000000
6334.000000
6435.000000
9748.000000
9145.000000
7334.000000
5757.000000
4408.000000
4499.000000
4664.000000
7591.000000
8145.000000
6387.000000
3528.000000
5997.000000
5991.000000
5876.000000
6206.000000
4322.000000
7433.000000
9347.000000
7075.000000
7272.000000
6078.000000
8966.000000
7033.000000
8170.000000
6315.000000
4394.000000
5078.000000
6186.000000
7214.000000
7985.000000
5167.000000
4165.000000
5003.000000
7942.000000
8021.000000
7890.000000
5654.000000
6319.000000
6254.000000
4229.000000
7386.000000
6129.000000
7526.000000
6393.000000
7012.000000
6740.000000
9249.000000
8680.000000
8326.000000
6933.000000
7189.000000
6650.000000
8681.000000
9782.000000
9608.000000
9221.000000
9713.000000
5839.000000
6309.000000
6095.000000
5810.000000
6752.000000
6515.000000
6283.000000
7094.000000
7221.000000
6290.000000
9205.000000
9611.000000
7419.000000
8119.000000
10407.000000
8801.000000
9424.000000
10182.000000
9426.000000
9119.000000
8456.000000
5999.000000
5827.000000
6379.000000
3971.000000
6090.000000
7555.000000
5562.000000
6269.000000
5128.000000
6827.000000
9382.000000
9387.000000
6379.000000
8680.000000
8099.000000
7090.000000
9179.000000
10484.000000
9389.000000
9327.000000
9047.000000
7741.000000
4936.000000
6013.000000
2704.000000
5913.000000
7764.000000
5259.000000
5703.000000
5203.000000
6392.000000
8827.000000
9411.000000
8245.000000
8526.000000
6959.000000
6222.000000
7516.000000
10444.000000
9728.000000
10809.000000
10778.000000
10330.000000
4666.000000
5697.000000
3015.000000
5504.000000
8633.000000
4745.000000
5589.000000
5025.000000
8459.000000
8848.000000
8375.000000
7918.000000
5595.000000
5049.000000
6363.000000
6058.000000
8136.000000
8430.000000
10431.000000
10135.000000
9091.000000
4470.000000
5570.000000
3228.000000
6445.000000
8913.000000
4741.000000
4582.000000
3677.000000
8708.000000
10950.000000
9113.000000
7245.000000
6313.000000
5236.000000
7497.000000
6392.000000
6828.000000
8141.000000
10144.000000
9791.000000
10000.000000
4608.000000
5917.000000
3661.000000
9288.000000
10591.000000
4972.000000
4255.000000
3266.000000
8491.000000
10490.000000
9450.000000
7652.000000
6880.000000
5805.000000
6729.000000
6092.000000
6277.000000
7671.000000
10018.000000
10191.000000
10052.000000
5312.000000
5842.000000
4069.000000
9980.000000
9718.000000
3930.000000
4839.000000
4405.000000
8665.000000
10723.000000
10253.000000
7126.000000
5316.000000
5942.000000
6220.000000
5289.000000
5449.000000
6942.000000
9065.000000
9655.000000
9588.000000
5517.000000
5285.000000
4979.000000
10232.000000
10178.000000
4046.000000
3561.000000
5364.000000
8249.000000
9805.000000
9784.000000
5669.000000
4264.000000
5313.000000
5922.000000
5437.000000
5077.000000
6087.000000
8651.000000
9617.000000
9141.000000
5332.000000
4995.000000
5619.000000
9782.000000
9679.000000
6006.000000
7969.000000
6850.000000
9274.000000
9486.000000
9570.000000
5841.000000
3946.000000
5298.000000
5776.000000
4906.000000
5272.000000
5407.000000
8634.000000
9368.000000
8846.000000
5135.000000
4699.000000
4817.000000
9806.000000
9878.000000
7002.000000
10831.000000
10433.000000
9290.000000
8119.000000
9172.000000
6777.000000
4461.000000
5164.000000
5865.000000
4292.000000
5593.000000
5268.000000
7291.000000
8118.000000
7653.000000
5312.000000
5307.000000
4989.000000
9440.000000
9282.000000
8634.000000
9401.000000
9480.000000
7715.000000
7599.000000
7073.000000
7299.000000
5598.000000
5070.000000
5525.000000
4006.000000
5581.000000
5448.000000
6991.000000
8125.000000
7554.000000
5417.000000
5373.000000
5021.000000
9581.000000
9143.000000
8343.000000
7949.000000
8139.000000
7442.000000
7370.000000
7330.000000
6830.000000
4492.000000
4990.000000
4203.000000
4301.000000
5389.000000
5336.000000
5851.000000
7169.000000
6008.000000
5834.000000
5048.000000
5244.000000
8501.000000
7229.000000
7574.000000
6869.000000
7561.000000
6837.000000
5076.000000
5859.000000
6108.000000
4277.000000
3755.000000
4205.000000
4343.000000
5054.000000
5096.000000
5307.000000
6548.000000
5843.000000
5544.000000
5451.000000
4581.000000
7943.000000
7155.000000
6510.000000
5861.000000
6703.000000
6887.000000
6656.000000
6873.000000
5855.000000
4641.000000
1747.000000
5410.000000
4004.000000
4806.000000
4879.000000
7191.000000
7009.000000
8483.000000
4571.000000
4403.000000
4248.000000
4999.000000
5901.000000
5777.000000
5216.000000
5014.000000
6652.000000
6975.000000
6441.000000
4923.000000
5966.000000
2156.000000
5891.000000
3734.000000
4328.000000
5119.000000
7690.000000
7758.000000
7820.000000
3130.000000
4344.000000
2769.000000
5712.000000
7278.000000
5289.000000
5023.000000
4294.000000
6452.000000
3922.000000
6195.000000
5535.000000
6893.000000
3130.000000
5833.000000
4278.000000
4604.000000
3460.000000
7551.000000
6497.000000
6932.000000
4270.000000
4047.000000
3813.000000
6780.000000
6149.000000
5192.000000
4898.000000
4864.000000
2998.000000
4437.000000
5928.000000
5039.000000
6947.000000
3708.000000
6341.000000
2926.000000
3224.000000
3222.000000
7910.000000
7566.000000
6928.000000
5268.000000
4041.000000
5640.000000
6072.000000
6041.000000
5166.000000
4499.000000
5531.000000
2833.000000
4368.000000
6541.000000
4811.000000
6076.000000
4766.000000
6044.000000
3949.000000
3752.000000
6497.000000
7114.000000
8265.000000
7009.000000
6755.000000
7305.000000
7048.000000
6964.000000
6945.000000
5705.000000
3937.000000
5537.000000
4247.000000
4770.000000
6996.000000
4733.000000
6630.000000
6232.000000
5437.000000
6223.000000
4226.000000
7112.000000
7463.000000
6393.000000
7520.000000
6910.000000
6591.000000
6635.000000
7196.000000
6769.000000
5973.000000
3892.000000
5331.000000
5317.000000
5059.000000
6377.000000
5056.000000
7471.000000
5697.000000
6953.000000
6762.000000
5036.000000
7383.000000
7520.000000
7657.000000
7586.000000
6204.000000
5285.000000
5988.000000
6903.000000
6922.000000
6553.000000
1796.000000
6022.000000
5707.000000
4837.000000
6658.000000
5159.000000
6911.000000
5670.000000
6102.000000
6423.000000
6901.000000
7161.000000
6733.000000
6812.000000
6766.000000
6730.000000
7122.000000
7506.000000
5979.000000
6561.000000
6090.000000
3583.000000
7113.000000
5599.000000
4925.000000
6909.000000
5194.000000
6276.000000
5053.000000
5870.000000
6810.000000
8121.000000
6793.000000
7309.000000
6948.000000
7117.000000
7189.000000
6303.000000
6055.000000
6644.000000
5929.000000
6347.000000
4283.000000
6713.000000
6316.000000
5197.000000
7210.000000
5377.000000
5151.000000
5236.000000
5235.000000
6548.000000
7160.000000
7718.000000
9233.000000
6935.000000
6685.000000
5408.000000
5346.000000
5447.000000
6274.000000
5844.000000
6138.000000
5465.000000
6266.000000
6912.000000
4814.000000
7345.000000
5697.000000
4983.000000
4946.000000
6302.000000
7095.000000
6364.000000
7156.000000
8698.000000
6531.000000
5877.000000
6293.000000
5818.000000
6561.000000
6651.000000
6589.000000
6148.000000
5708.000000
5467.000000
6467.000000
4326.000000
5393.000000
4929.000000
4443.000000
5212.000000
6495.000000
5911.000000
6340.000000
6161.000000
7289.000000
6518.000000
5891.000000
6224.000000
5842.000000
5312.000000
5900.000000
5808.000000
5934.000000
4496.000000
4566.000000
5537.000000
4793.000000
5040.000000
4795.000000
4633.000000
5216.000000
5945.000000
5587.000000
5974.000000
6047.000000
5875.000000
6581.000000
5680.000000
6581.000000
7547.000000
6766.000000
6403.000000
5787.000000
5229.000000
4588.000000
4574.000000
5341.000000
8285.000000
6657.000000
5104.000000
5232.000000
5203.000000
5782.000000
6271.000000
6159.000000
6194.000000
6743.000000
6400.000000
6022.000000
5667.000000
6187.000000
6168.000000
6565.000000
6110.000000
6414.000000
6703.000000
6359.000000
6768.000000
6818.000000
6052.000000
6168.000000
6988.000000
6538.000000
6077.000000
6324.000000
5921.000000
6885.000000
6787.000000
7265.000000
6318.000000
6762.000000
6621.000000
7301.000000
6825.000000
7596.000000
7141.000000
7437.000000
7418.000000
6719.000000
7031.000000
6945.000000
6787.000000
6977.000000
7254.000000
6912.000000
6657.000000
6335.000000
7520.000000
7664.000000
7068.000000
7203.000000
6201.000000
7344.000000
7845.000000
7681.000000
7577.000000
7244.000000
7679.000000
7420.000000
6991.000000
7106.000000
7319.000000
7183.000000
7071.000000
7455.000000
7330.000000
7225.000000
7170.000000
6190.000000
7235.000000
7364.000000
7180.000000
6338.000000
7246.000000
7577.000000
8202.000000
7820.000000
7639.000000
7615.000000
7466.000000
7741.000000
6850.000000
5996.000000
7566.000000
7655.000000
7995.000000
7542.000000
8133.000000
7753.000000
7431.000000
7232.000000
5710.000000
6596.000000
7600.000000
7676.000000
8090.000000
7997.000000
7894.000000
8006.000000
5931.000000
6905.000000
7400.000000
7195.000000
6768.000000
6715.000000
7630.000000
7581.000000
7330.000000
7802.000000
6579.000000
6910.000000
6268.000000
6565.000000
7596.000000
6270.000000
7065.000000
7410.000000
7276.000000
7694.000000
7559.000000
6966.000000
6993.000000
7459.000000
7735.000000
7238.000000
6787.000000
7124.000000
6553.000000
8325.000000
7544.000000
7781.000000
8125.000000
7925.000000
7464.000000
7332.000000
6432.000000
6038.000000
6379.000000
6900.000000
6223.000000
6467.000000
7222.000000
7466.000000
7089.000000
7787.000000
8450.000000
7000.000000
6444.000000
7987.000000
7619.000000
7304.000000
7510.000000
6493.000000
7946.000000
7359.000000
6680.000000
6164.000000
6130.000000
6396.000000
7139.000000
6416.000000
7735.000000
6364.000000
6620.000000
6214.000000
7065.000000
7088.000000
7852.000000
7503.000000
8174.000000
7782.000000
7886.000000
8096.000000
7442.000000
7411.000000
7501.000000
6880.000000
5791.000000
6536.000000
6710.000000
6993.000000
7181.000000
6850.000000
7251.000000
8121.000000
8109.000000
7834.000000
7384.000000
8213.000000
7328.000000
7189.000000
7437.000000
6836.000000
7012.000000
7809.000000
7782.000000
7496.000000
7400.000000
5322.000000
5843.000000
5402.000000
5903.000000
6627.000000
5988.000000
6623.000000
6115.000000
7263.000000
8097.000000
6874.000000
7526.000000
7176.000000
7799.000000
7106.000000
6957.000000
6795.000000
6882.000000
6544.000000
7655.000000
6304.000000
