16587.000000
16816.000000
14576.000000
13948.000000
11561.000000
11475.000000
12438.000000
12192.000000
12276.000000
12636.000000
8561.000000
12691.000000
11040.000000
10641.000000
11992.000000
11023.000000
12141.000000
12997.000000
13641.000000
13486.000000
13503.000000
13163.000000
12828.000000
12855.000000
11920.000000
11872.000000
10666.000000
11075.000000
10310.000000
11688.000000
10509.000000
8593.000000
10911.000000
9688.000000
9792.000000
10017.000000
9600.000000
9853.000000
12115.000000
9323.000000
10440.000000
9176.000000
13885.000000
14198.000000
12788.000000
13012.000000
12346.000000
12315.000000
10746.000000
12587.000000
11547.000000
10792.000000
6650.000000
10032.000000
10695.000000
11573.000000
12318.000000
11652.000000
12771.000000
13905.000000
13689.000000
14094.000000
13739.000000
12749.000000
12351.000000
11800.000000
10592.000000
10727.000000
10411.000000
10604.000000
10320.000000
8785.000000
8754.000000
5458.000000
9137.000000
9888.000000
8420.000000
6307.000000
5932.000000
7979.000000
10500.000000
10721.000000
8961.000000
8646.000000
13410.000000
11992.000000
12397.000000
11674.000000
13572.000000
13776.000000
10763.000000
10332.000000
11686.000000
6987.000000
9381.000000
10697.000000
11404.000000
10756.000000
13168.000000
13383.000000
12953.000000
11670.000000
13011.000000
13615.000000
13057.000000
12059.000000
11236.000000
11067.000000
9377.000000
9399.000000
11020.000000
11141.000000
7631.000000
7270.000000
7875.000000
7423.000000
8813.000000
9185.000000
6425.000000
6337.000000
7954.000000
7934.000000
6795.000000
9568.000000
8487.000000
9093.000000
14558.000000
14864.000000
14062.000000
11691.000000
14486.000000
13773.000000
11528.000000
11178.000000
11588.000000
8827.000000
7948.000000
8364.000000
10920.000000
12080.000000
13503.000000
12629.000000
11671.000000
10845.000000
12667.000000
12912.000000
12298.000000
10824.000000
10828.000000
9471.000000
11282.000000
9969.000000
11256.000000
9949.000000
8699.000000
8202.000000
6087.000000
7932.000000
8527.000000
8176.000000
7055.000000
7403.000000
8802.000000
6165.000000
8626.000000
7931.000000
9858.000000
8924.000000
12898.000000
12831.000000
12965.000000
12994.000000
14466.000000
8702.000000
11488.000000
6005.000000
6651.000000
5997.000000
7430.000000
6159.000000
6095.000000
9825.000000
11448.000000
11510.000000
10553.000000
9522.000000
12456.000000
12968.000000
11907.000000
11939.000000
12291.000000
11965.000000
11780.000000
11940.000000
9970.000000
7606.000000
8378.000000
10154.000000
7355.000000
7503.000000
7869.000000
7514.000000
5049.000000
9022.000000
9661.000000
8445.000000
7976.000000
9362.000000
7675.000000
10469.000000
12294.000000
12061.000000
12112.000000
12789.000000
13594.000000
16435.000000
10561.000000
5687.000000
11310.000000
12818.000000
10841.000000
7964.000000
3015.000000
2512.000000
3574.000000
6677.000000
9579.000000
10246.000000
10284.000000
11217.000000
11295.000000
11577.000000
12267.000000
12052.000000
12178.000000
12034.000000
11876.000000
10510.000000
11213.000000
10682.000000
10792.000000
7704.000000
7832.000000
8837.000000
11409.000000
8861.000000
8315.000000
7792.000000
9895.000000
10135.000000
10402.000000
5995.000000
13968.000000
14035.000000
13898.000000
13243.000000
13141.000000
10793.000000
6701.000000
7764.000000
11132.000000
9777.000000
10663.000000
6512.000000
3291.000000
2222.000000
2460.000000
4126.000000
5612.000000
5587.000000
6040.000000
6929.000000
7658.000000
8462.000000
9865.000000
10377.000000
10089.000000
10688.000000
9747.000000
9712.000000
9882.000000
9958.000000
9792.000000
10505.000000
10909.000000
8218.000000
9665.000000
10827.000000
12097.000000
10369.000000
6547.000000
9632.000000
9121.000000
9924.000000
14226.000000
14106.000000
14311.000000
14695.000000
14826.000000
15066.000000
14664.000000
17300.000000
13556.000000
12224.000000
9038.000000
6359.000000
4311.000000
2493.000000
3295.000000
3706.000000
3528.000000
5232.000000
5726.000000
5183.000000
5341.000000
7462.000000
8262.000000
7234.000000
8495.000000
7210.000000
7902.000000
8181.000000
9072.000000
9229.000000
9831.000000
9082.000000
9344.000000
10335.000000
11567.000000
11058.000000
12752.000000
10962.000000
8073.000000
10966.000000
11676.000000
8059.000000
9891.000000
10136.000000
10703.000000
10417.000000
11383.000000
11301.000000
11710.000000
15976.000000
16704.000000
13416.000000
11220.000000
9842.000000
5505.000000
4141.000000
4958.000000
4207.000000
3568.000000
5174.000000
5766.000000
5177.000000
5423.000000
6118.000000
6116.000000
6864.000000
6403.000000
7310.000000
7399.000000
7302.000000
9158.000000
10186.000000
10337.000000
8963.000000
8369.000000
6054.000000
8380.000000
12810.000000
11964.000000
12659.000000
10987.000000
11567.000000
11294.000000
10581.000000
9000.000000
9217.000000
9109.000000
10024.000000
11124.000000
11266.000000
10408.000000
11682.000000
16894.000000
16269.000000
13496.000000
11332.000000
6117.000000
7225.000000
5852.000000
5119.000000
4727.000000
4083.000000
5291.000000
4711.000000
4499.000000
5479.000000
5084.000000
5530.000000
5276.000000
6453.000000
6127.000000
7710.000000
9841.000000
9488.000000
9325.000000
9017.000000
8262.000000
3204.000000
6066.000000
7410.000000
10787.000000
10711.000000
10994.000000
9875.000000
10166.000000
9849.000000
13432.000000
10514.000000
7970.000000
9846.000000
11052.000000
8809.000000
9376.000000
9409.000000
9428.000000
16085.000000
15913.000000
12721.000000
11893.000000
9640.000000
7188.000000
4881.000000
4257.000000
3196.000000
4418.000000
4418.000000
4568.000000
5046.000000
4430.000000
4634.000000
4956.000000
5189.000000
4921.000000
9033.000000
9391.000000
9645.000000
9538.000000
8911.000000
7324.000000
3815.000000
6157.000000
3835.000000
5562.000000
10329.000000
9048.000000
9515.000000
9598.000000
9633.000000
10310.000000
12435.000000
12657.000000
9224.000000
9091.000000
8917.000000
8597.000000
8773.000000
8935.000000
10076.000000
16091.000000
14775.000000
13962.000000
13091.000000
7844.000000
4434.000000
3102.000000
2664.000000
2973.000000
3048.000000
3413.000000
3444.000000
3002.000000
2984.000000
4221.000000
5841.000000
7010.000000
9738.000000
8498.000000
8893.000000
8439.000000
8502.000000
4803.000000
5734.000000
4165.000000
1412.000000
768.000000
6242.000000
8320.000000
7787.000000
9301.000000
9560.000000
6243.000000
8172.000000
9678.000000
8608.000000
8310.000000
8456.000000
7833.000000
7468.000000
8748.000000
7955.000000
9284.000000
13788.000000
15643.000000
12675.000000
8344.000000
3837.000000
3208.000000
3081.000000
3651.000000
4220.000000
5390.000000
6561.000000
8740.000000
9460.000000
8495.000000
9901.000000
9980.000000
9093.000000
8298.000000
7911.000000
8053.000000
6316.000000
3405.000000
4807.000000
3527.000000
1749.000000
997.000000
2170.000000
9616.000000
7161.000000
6270.000000
8382.000000
9101.000000
9176.000000
8117.000000
7217.000000
7929.000000
8377.000000
9026.000000
9421.000000
9686.000000
10001.000000
9291.000000
11067.000000
10431.000000
10131.000000
13260.000000
6894.000000
2787.000000
8861.000000
10802.000000
11467.000000
9298.000000
7554.000000
9956.000000
11020.000000
10451.000000
11562.000000
12139.000000
8763.000000
8120.000000
8288.000000
6622.000000
3435.000000
1772.000000
3036.000000
4453.000000
2984.000000
2480.000000
1388.000000
6358.000000
8584.000000
5713.000000
6102.000000
9906.000000
10374.000000
10962.000000
11087.000000
8713.000000
8589.000000
8424.000000
9248.000000
8801.000000
8446.000000
7531.000000
11083.000000
10973.000000
12347.000000
11865.000000
5713.000000
2546.000000
6074.000000
8472.000000
7986.000000
8300.000000
7224.000000
8327.000000
9309.000000
9999.000000
9702.000000
10081.000000
10441.000000
7232.000000
7126.000000
5525.000000
1905.000000
1623.000000
4844.000000
7344.000000
5912.000000
3420.000000
1558.000000
2437.000000
5718.000000
5730.000000
5077.000000
8811.000000
8832.000000
8476.000000
9412.000000
7941.000000
9267.000000
8078.000000
8671.000000
10012.000000
8796.000000
11180.000000
12076.000000
9103.000000
9499.000000
8263.000000
3877.000000
2432.000000
3894.000000
10721.000000
10470.000000
9217.000000
8446.000000
8832.000000
7910.000000
8457.000000
8608.000000
7778.000000
10991.000000
8770.000000
4362.000000
2460.000000
2316.000000
1280.000000
5787.000000
8698.000000
6680.000000
3989.000000
2773.000000
1711.000000
2611.000000
3058.000000
4158.000000
8662.000000
8317.000000
8100.000000
6784.000000
7994.000000
7122.000000
9137.000000
10284.000000
9482.000000
10905.000000
12191.000000
10790.000000
10685.000000
11087.000000
8436.000000
2154.000000
2345.000000
3600.000000
9008.000000
10653.000000
9728.000000
8625.000000
8266.000000
7369.000000
6880.000000
7498.000000
6609.000000
7494.000000
8474.000000
3647.000000
1602.000000
2602.000000
3898.000000
5340.000000
7084.000000
6294.000000
5836.000000
3688.000000
2079.000000
2396.000000
3113.000000
2709.000000
11437.000000
10539.000000
9420.000000
8121.000000
8285.000000
8640.000000
8123.000000
7464.000000
8592.000000
9260.000000
9363.000000
11451.000000
13540.000000
11363.000000
7262.000000
1762.000000
4104.000000
2619.000000
7752.000000
9048.000000
7557.000000
7320.000000
7405.000000
6863.000000
6671.000000
6243.000000
5013.000000
5722.000000
5562.000000
5329.000000
3729.000000
2300.000000
2131.000000
1997.000000
4436.000000
6298.000000
6452.000000
5040.000000
5482.000000
3864.000000
2105.000000
835.000000
8971.000000
10125.000000
8892.000000
8221.000000
10183.000000
8288.000000
7397.000000
8897.000000
8175.000000
9836.000000
13551.000000
12418.000000
10461.000000
11006.000000
5559.000000
1766.000000
8781.000000
2555.000000
2757.000000
6169.000000
6521.000000
7115.000000
6506.000000
5790.000000
5784.000000
4607.000000
4845.000000
3938.000000
5368.000000
4770.000000
7974.000000
4006.000000
1870.000000
1347.000000
1215.000000
5269.000000
5549.000000
6699.000000
5586.000000
4684.000000
4170.000000
3115.000000
8996.000000
8021.000000
7806.000000
7037.000000
7397.000000
7728.000000
8322.000000
8164.000000
8332.000000
13384.000000
13275.000000
11056.000000
8165.000000
7815.000000
2021.000000
2129.000000
7484.000000
3924.000000
3711.000000
6434.000000
8093.000000
8424.000000
8717.000000
7737.000000
6245.000000
4702.000000
4004.000000
5003.000000
5719.000000
5463.000000
6483.000000
3440.000000
3227.000000
1038.000000
480.000000
5345.000000
2972.000000
5553.000000
5103.000000
5224.000000
5859.000000
4207.000000
9592.000000
11026.000000
12190.000000
11491.000000
11756.000000
10794.000000
11123.000000
9879.000000
9358.000000
13157.000000
11039.000000
8532.000000
6324.000000
917.000000
740.000000
6509.000000
3123.000000
3581.000000
9099.000000
12231.000000
12028.000000
10210.000000
11269.000000
10315.000000
9811.000000
8133.000000
5366.000000
5546.000000
3891.000000
4545.000000
2354.000000
2822.000000
3113.000000
1480.000000
1291.000000
2763.000000
947.000000
2219.000000
7376.000000
8158.000000
7360.000000
8032.000000
