9288.000000
9478.000000
9538.000000
9518.000000
9564.000000
9717.000000
9813.000000
9890.000000
9986.000000
10056.000000
10052.000000
10026.000000
10047.000000
9971.000000
9815.000000
9694.000000
9670.000000
9638.000000
9599.000000
9612.000000
9610.000000
9626.000000
9642.000000
9689.000000
9720.000000
9799.000000
9923.000000
10156.000000
10385.000000
10463.000000
10482.000000
10533.000000
10587.000000
10649.000000
10592.000000
10542.000000
10600.000000
10679.000000
10725.000000
10743.000000
10792.000000
10875.000000
10914.000000
10961.000000
10945.000000
10870.000000
10723.000000
10642.000000
10759.000000
10879.000000
10898.000000
10783.000000
10671.000000
10531.000000
10379.000000
10324.000000
10349.000000
10455.000000
10595.000000
10681.000000
10807.000000
10991.000000
9022.000000
9373.000000
9321.000000
9279.000000
9594.000000
9992.000000
10062.000000
10039.000000
10102.000000
10075.000000
10070.000000
10235.000000
10279.000000
10174.000000
10026.000000
9945.000000
9999.000000
10059.000000
10018.000000
9942.000000
9975.000000
10094.000000
10139.000000
10191.000000
10172.000000
10157.000000
10219.000000
10324.000000
10340.000000
10386.000000
10509.000000
10597.000000
10708.000000
10737.000000
10611.000000
10492.000000
10477.000000
10565.000000
10740.000000
10926.000000
11059.000000
11026.000000
10915.000000
10766.000000
10671.000000
10643.000000
10672.000000
10651.000000
10467.000000
10283.000000
10124.000000
10077.000000
10079.000000
10069.000000
9992.000000
9886.000000
9985.000000
10217.000000
10354.000000
10372.000000
10395.000000
10597.000000
8201.000000
8660.000000
8470.000000
8342.000000
8492.000000
8522.000000
8136.000000
8451.000000
9786.000000
10431.000000
10561.000000
10577.000000
10492.000000
10296.000000
10248.000000
9958.000000
9670.000000
10243.000000
10466.000000
10483.000000
10478.000000
10409.000000
10354.000000
10233.000000
10148.000000
10014.000000
9756.000000
9490.000000
9118.000000
9396.000000
10136.000000
10227.000000
10291.000000
10273.000000
10164.000000
10023.000000
10102.000000
10329.000000
10656.000000
10912.000000
10932.000000
10758.000000
10554.000000
10391.000000
10283.000000
10262.000000
10222.000000
10061.000000
9962.000000
9978.000000
10003.000000
10055.000000
10034.000000
9963.000000
9854.000000
9807.000000
10077.000000
10356.000000
10582.000000
10695.000000
10737.000000
10838.000000
7016.000000
7337.000000
7166.000000
6758.000000
6606.000000
6266.000000
5647.000000
6178.000000
7448.000000
9379.000000
9924.000000
10410.000000
10686.000000
10523.000000
10547.000000
9982.000000
9888.000000
10341.000000
10624.000000
10507.000000
10343.000000
10385.000000
10291.000000
10339.000000
10221.000000
9903.000000
9329.000000
8223.000000
8167.000000
9299.000000
9733.000000
9806.000000
9843.000000
9945.000000
9635.000000
9576.000000
9833.000000
10074.000000
10270.000000
10362.000000
10328.000000
10272.000000
10134.000000
10018.000000
10042.000000
10298.000000
10535.000000
10558.000000
10488.000000
10435.000000
10353.000000
10290.000000
10310.000000
10249.000000
10206.000000
10260.000000
10369.000000
10706.000000
10944.000000
11127.000000
11070.000000
11125.000000
6329.000000
6442.000000
6270.000000
5817.000000
5346.000000
4778.000000
4260.000000
4418.000000
5339.000000
6647.000000
8402.000000
9749.000000
10313.000000
10088.000000
10269.000000
9846.000000
10007.000000
10082.000000
10685.000000
10728.000000
10160.000000
9553.000000
9868.000000
9835.000000
9599.000000
8860.000000
7908.000000
8167.000000
8845.000000
8749.000000
8863.000000
9222.000000
9255.000000
9461.000000
9297.000000
9393.000000
9609.000000
9888.000000
10145.000000
10217.000000
10376.000000
10443.000000
10317.000000
10097.000000
10038.000000
10242.000000
10508.000000
10613.000000
10488.000000
10365.000000
10107.000000
9896.000000
9821.000000
9828.000000
9934.000000
10002.000000
10197.000000
10353.000000
10299.000000
10385.000000
10432.000000
10348.000000
6118.000000
5999.000000
5723.000000
5308.000000
4706.000000
4202.000000
3853.000000
3480.000000
3160.000000
4179.000000
6041.000000
8016.000000
9432.000000
9594.000000
9554.000000
9701.000000
10596.000000
11244.000000
11642.000000
11448.000000
10302.000000
8995.000000
8789.000000
8623.000000
7696.000000
6675.000000
8276.000000
10234.000000
9615.000000
8034.000000
7276.000000
8265.000000
8939.000000
9085.000000
8946.000000
8966.000000
9070.000000
9050.000000
9091.000000
9237.000000
9448.000000
9581.000000
9515.000000
9382.000000
9394.000000
9633.000000
9957.000000
9982.000000
9809.000000
9670.000000
9476.000000
9323.000000
9287.000000
9312.000000
9259.000000
8758.000000
8604.000000
8489.000000
8507.000000
8567.000000
8630.000000
8617.000000
6226.000000
6096.000000
5913.000000
5375.000000
4859.000000
4390.000000
4138.000000
3436.000000
3178.000000
3499.000000
4902.000000
7228.000000
8652.000000
8918.000000
8659.000000
8723.000000
9964.000000
11922.000000
12717.000000
12318.000000
11078.000000
9679.000000
9289.000000
9118.000000
7899.000000
7129.000000
9051.000000
10428.000000
9390.000000
6741.000000
5890.000000
6831.000000
7191.000000
7591.000000
7858.000000
8075.000000
8425.000000
8530.000000
8713.000000
8753.000000
8755.000000
8808.000000
8789.000000
8792.000000
8835.000000
8952.000000
9103.000000
9220.000000
9215.000000
9182.000000
9128.000000
9063.000000
8914.000000
8866.000000
8449.000000
7320.000000
6458.000000
6173.000000
6310.000000
6593.000000
6772.000000
7031.000000
6181.000000
6097.000000
5898.000000
5630.000000
5118.000000
4506.000000
3852.000000
3330.000000
3047.000000
3340.000000
4835.000000
7087.000000
8354.000000
8410.000000
8034.000000
7813.000000
9036.000000
10923.000000
12856.000000
12756.000000
11431.000000
10260.000000
10100.000000
10058.000000
8680.000000
7551.000000
7882.000000
8212.000000
7052.000000
5697.000000
5007.000000
4777.000000
5006.000000
5380.000000
5534.000000
5888.000000
6984.000000
7940.000000
8325.000000
8365.000000
8358.000000
8374.000000
8402.000000
8429.000000
8483.000000
8507.000000
8516.000000
8467.000000
8486.000000
8605.000000
8706.000000
8576.000000
8203.000000
7712.000000
6863.000000
5809.000000
4924.000000
4807.000000
5004.000000
5267.000000
5573.000000
5819.000000
6450.000000
6325.000000
6040.000000
5602.000000
5072.000000
4500.000000
3827.000000
3610.000000
3087.000000
3545.000000
5380.000000
7516.000000
8409.000000
8241.000000
8035.000000
7855.000000
7750.000000
9083.000000
11708.000000
12207.000000
9900.000000
9503.000000
10831.000000
11044.000000
9361.000000
7333.000000
5475.000000
4500.000000
4279.000000
4629.000000
4408.000000
3535.000000
3161.000000
3702.000000
4087.000000
4102.000000
5234.000000
7190.000000
8185.000000
8274.000000
8295.000000
8265.000000
8241.000000
8231.000000
8262.000000
8247.000000
8269.000000
8207.000000
8318.000000
8462.000000
8466.000000
8058.000000
7150.000000
6302.000000
5547.000000
4925.000000
4278.000000
4173.000000
4211.000000
4352.000000
4658.000000
4918.000000
6596.000000
6305.000000
5888.000000
5483.000000
5294.000000
4754.000000
4223.000000
3720.000000
3354.000000
3760.000000
5444.000000
7511.000000
8380.000000
8397.000000
7950.000000
7081.000000
6578.000000
6878.000000
9331.000000
10267.000000
7790.000000
8167.000000
10374.000000
11384.000000
10288.000000
7903.000000
5912.000000
3496.000000
3132.000000
3360.000000
3949.000000
3198.000000
2718.000000
3197.000000
3184.000000
2769.000000
4069.000000
6559.000000
7894.000000
8187.000000
8239.000000
8146.000000
8053.000000
8104.000000
8175.000000
8189.000000
8192.000000
8125.000000
8155.000000
8197.000000
8073.000000
7390.000000
6263.000000
5291.000000
4776.000000
4501.000000
3999.000000
3982.000000
3727.000000
3629.000000
3865.000000
4522.000000
5867.000000
6081.000000
5876.000000
5566.000000
5217.000000
4777.000000
4067.000000
3649.000000
3316.000000
3571.000000
5520.000000
7228.000000
7826.000000
7668.000000
6467.000000
5254.000000
5065.000000
5436.000000
7437.000000
8356.000000
8014.000000
8032.000000
10414.000000
11250.000000
9780.000000
7562.000000
6086.000000
3592.000000
2230.000000
3131.000000
4571.000000
4101.000000
3016.000000
2835.000000
2658.000000
2643.000000
4208.000000
6192.000000
7485.000000
7967.000000
7989.000000
7954.000000
7835.000000
7984.000000
7948.000000
7907.000000
7762.000000
7703.000000
7687.000000
7837.000000
7835.000000
7544.000000
6469.000000
4944.000000
4457.000000
4021.000000
3735.000000
3541.000000
3333.000000
3124.000000
3292.000000
4211.000000
4525.000000
4871.000000
5497.000000
5571.000000
5480.000000
4596.000000
4175.000000
4054.000000
4066.000000
4172.000000
5403.000000
6218.000000
6394.000000
6128.000000
5544.000000
4279.000000
3801.000000
4098.000000
5334.000000
7857.000000
9983.000000
10382.000000
10596.000000
9288.000000
7425.000000
7188.000000
6604.000000
4216.000000
2621.000000
3570.000000
4894.000000
4479.000000
3295.000000
2473.000000
2730.000000
3579.000000
5345.000000
6629.000000
7305.000000
7400.000000
7192.000000
7078.000000
6959.000000
7360.000000
7614.000000
7845.000000
7670.000000
7286.000000
7534.000000
7200.000000
7009.000000
6841.000000
5701.000000
4689.000000
3739.000000
3322.000000
3383.000000
3078.000000
2951.000000
2993.000000
3162.000000
3954.000000
3475.000000
4205.000000
4937.000000
5593.000000
5650.000000
5075.000000
4376.000000
4151.000000
4088.000000
4052.000000
4388.000000
4761.000000
4677.000000
4798.000000
5251.000000
4473.000000
3301.000000
3066.000000
3626.000000
7098.000000
11616.000000
11892.000000
9461.000000
6503.000000
5447.000000
5337.000000
4950.000000
3426.000000
3001.000000
3796.000000
4319.000000
3957.000000
3471.000000
3603.000000
3853.000000
4622.000000
5443.000000
6292.000000
6888.000000
6668.000000
6408.000000
5984.000000
5695.000000
6254.000000
7124.000000
7233.000000
6839.000000
6802.000000
6754.000000
6286.000000
6505.000000
6218.000000
5933.000000
5024.000000
4016.000000
3626.000000
3479.000000
2855.000000
2771.000000
3110.000000
3625.000000
3835.000000
3029.000000
3193.000000
3822.000000
4585.000000
5128.000000
5276.000000
4613.000000
4577.000000
4399.000000
3850.000000
3662.000000
3371.000000
3412.000000
4018.000000
5121.000000
5162.000000
3763.000000
2859.000000
3329.000000
7516.000000
12428.000000
12653.000000
10132.000000
7244.000000
5200.000000
4348.000000
4328.000000
3984.000000
3912.000000
3929.000000
3756.000000
4099.000000
4414.000000
4799.000000
4723.000000
4309.000000
4139.000000
5144.000000
6057.000000
5881.000000
5897.000000
5532.000000
4720.000000
5271.000000
6350.000000
6628.000000
6348.000000
6255.000000
5569.000000
5438.000000
6087.000000
6516.000000
6047.000000
5374.000000
4737.000000
4313.000000
3813.000000
3253.000000
3113.000000
3684.000000
4112.000000
4111.000000
2711.000000
3047.000000
3347.000000
3381.000000
4218.000000
4862.000000
4656.000000
4302.000000
3686.000000
3265.000000
3050.000000
2958.000000
2939.000000
3749.000000
4494.000000
4809.000000
4365.000000
3224.000000
3986.000000
8073.000000
12643.000000
13181.000000
11586.000000
8656.000000
6087.000000
5548.000000
6479.000000
5472.000000
4721.000000
4566.000000
4559.000000
4372.000000
4679.000000
5025.000000
4505.000000
3226.000000
2836.000000
4081.000000
5098.000000
4946.000000
5624.000000
5455.000000
4251.000000
4307.000000
5459.000000
5998.000000
5813.000000
5283.000000
4307.000000
4163.000000
5281.000000
6387.000000
6432.000000
5539.000000
4849.000000
4220.000000
4127.000000
3941.000000
3943.000000
4334.000000
4530.000000
4379.000000
2529.000000
3003.000000
3308.000000
3271.000000
3769.000000
4423.000000
4787.000000
4023.000000
3362.000000
3235.000000
3715.000000
3388.000000
3269.000000
3883.000000
4268.000000
4811.000000
4752.000000
3827.000000
4351.000000
8141.000000
12553.000000
12921.000000
12585.000000
10976.000000
9025.000000
8748.000000
8471.000000
7166.000000
5270.000000
4453.000000
3884.000000
3988.000000
4260.000000
4558.000000
3611.000000
2236.000000
2294.000000
3168.000000
3724.000000
3492.000000
4396.000000
4924.000000
3633.000000
2900.000000
3859.000000
5112.000000
5345.000000
4784.000000
3888.000000
3460.000000
3902.000000
5187.000000
6059.000000
5304.000000
4054.000000
3284.000000
3484.000000
3900.000000
4093.000000
4510.000000
4663.000000
4474.000000
2827.000000
3630.000000
4036.000000
3632.000000
3738.000000
4564.000000
4832.000000
4264.000000
4017.000000
4565.000000
5291.000000
5025.000000
4494.000000
4523.000000
4318.000000
4452.000000
4775.000000
4152.000000
4188.000000
7636.000000
11799.000000
12363.000000
12117.000000
11206.000000
9504.000000
8825.000000
8093.000000
7094.000000
5387.000000
4429.000000
3738.000000
3402.000000
3622.000000
3805.000000
2997.000000
2020.000000
2177.000000
2630.000000
2785.000000
2719.000000
3492.000000
3914.000000
3166.000000
1901.000000
2426.000000
3796.000000
4704.000000
4290.000000
3834.000000
3024.000000
2739.000000
4228.000000
5460.000000
5008.000000
3585.000000
3101.000000
3045.000000
3326.000000
3996.000000
4370.000000
4660.000000
4426.000000
2558.000000
3198.000000
3334.000000
3390.000000
3950.000000
4509.000000
4692.000000
4554.000000
4407.000000
4922.000000
4632.000000
4511.000000
4037.000000
3859.000000
3895.000000
4196.000000
4425.000000
4350.000000
4682.000000
7291.000000
10693.000000
11495.000000
11504.000000
11270.000000
10517.000000
8969.000000
7316.000000
6327.000000
5829.000000
4520.000000
3594.000000
3432.000000
4270.000000
4856.000000
4634.000000
3953.000000
3841.000000
3533.000000
3711.000000
4234.000000
4711.000000
5163.000000
4788.000000
3882.000000
3642.000000
4523.000000
4822.000000
4348.000000
3737.000000
3129.000000
2664.000000
3381.000000
4441.000000
4482.000000
3925.000000
3365.000000
3168.000000
3607.000000
4239.000000
4211.000000
4433.000000
4467.000000
2873.000000
3485.000000
3776.000000
3657.000000
3983.000000
4398.000000
4353.000000
3928.000000
3970.000000
4110.000000
3979.000000
3923.000000
4001.000000
4189.000000
4381.000000
4543.000000
4893.000000
4748.000000
5160.000000
7353.000000
10101.000000
10476.000000
10638.000000
10994.000000
11078.000000
9026.000000
6957.000000
5822.000000
5766.000000
4948.000000
3843.000000
3691.000000
4643.000000
5209.000000
5001.000000
4627.000000
4429.000000
4174.000000
4387.000000
4900.000000
5047.000000
5282.000000
5245.000000
4976.000000
4694.000000
5371.000000
5505.000000
5339.000000
5234.000000
5087.000000
5149.000000
5135.000000
5454.000000
5834.000000
5747.000000
5599.000000
5251.000000
5148.000000
5368.000000
5223.000000
5310.000000
5348.000000
4337.000000
4460.000000
4022.000000
4542.000000
4773.000000
4977.000000
4939.000000
4968.000000
5065.000000
5013.000000
4835.000000
4956.000000
4891.000000
5189.000000
5370.000000
5437.000000
5302.000000
5128.000000
6177.000000
8375.000000
10134.000000
10348.000000
10396.000000
10711.000000
10667.000000
8959.000000
6616.000000
5255.000000
5127.000000
4902.000000
3886.000000
4401.000000
5528.000000
6124.000000
6060.000000
5939.000000
5822.000000
5333.000000
5513.000000
6162.000000
6446.000000
6310.000000
6554.000000
6573.000000
6467.000000
6449.000000
6417.000000
6658.000000
6389.000000
6695.000000
6550.000000
6204.000000
5791.000000
6065.000000
6617.000000
6843.000000
6185.000000
5693.000000
5463.000000
5238.000000
5542.000000
5499.000000
6168.000000
5756.000000
5484.000000
5725.000000
5528.000000
5217.000000
5567.000000
5861.000000
5904.000000
5934.000000
6258.000000
5896.000000
5729.000000
5718.000000
5839.000000
5818.000000
5891.000000
5717.000000
7476.000000
9326.000000
10140.000000
10409.000000
10231.000000
10023.000000
9736.000000
8002.000000
5842.000000
4862.000000
4207.000000
4449.000000
4530.000000
5522.000000
6670.000000
6698.000000
6640.000000
6832.000000
6824.000000
6694.000000
6587.000000
6640.000000
6682.000000
6680.000000
6626.000000
6701.000000
6652.000000
6712.000000
6885.000000
6875.000000
6763.000000
6570.000000
6393.000000
5943.000000
5733.000000
5759.000000
5805.000000
5668.000000
5206.000000
4822.000000
4509.000000
4636.000000
5261.000000
5718.000000
6353.000000
6192.000000
5946.000000
5944.000000
5609.000000
5382.000000
5861.000000
6243.000000
5812.000000
5853.000000
6326.000000
6536.000000
6401.000000
6499.000000
6941.000000
7036.000000
6321.000000
6732.000000
9149.000000
9067.000000
8966.000000
10312.000000
10642.000000
10232.000000
9611.000000
7621.000000
5887.000000
4794.000000
5351.000000
5986.000000
5542.000000
6182.000000
6991.000000
7093.000000
7241.000000
6903.000000
6595.000000
6435.000000
6219.000000
6349.000000
6355.000000
5998.000000
5887.000000
6110.000000
6093.000000
6235.000000
6588.000000
7012.000000
6875.000000
6841.000000
6674.000000
6466.000000
6411.000000
6560.000000
6839.000000
6749.000000
6257.000000
5169.000000
4320.000000
4737.000000
5859.000000
6328.000000
5440.000000
5224.000000
5125.000000
5258.000000
5361.000000
5253.000000
5400.000000
5156.000000
4757.000000
5186.000000
5717.000000
6137.000000
5615.000000
5382.000000
5694.000000
5736.000000
6232.000000
8180.000000
8792.000000
7276.000000
7264.000000
9303.000000
11442.000000
11226.000000
9740.000000
7960.000000
5860.000000
5429.000000
6917.000000
8218.000000
6582.000000
5635.000000
6621.000000
6923.000000
6992.000000
7055.000000
6707.000000
6206.000000
5805.000000
5972.000000
6358.000000
6290.000000
6445.000000
6536.000000
6391.000000
6447.000000
7126.000000
7049.000000
7164.000000
7177.000000
7383.000000
7333.000000
7431.000000
7451.000000
7332.000000
7255.000000
6646.000000
5503.000000
4978.000000
5349.000000
6226.000000
6537.000000
4057.000000
3950.000000
4008.000000
4152.000000
4146.000000
4379.000000
4308.000000
4331.000000
4318.000000
4415.000000
4720.000000
5026.000000
5088.000000
5460.000000
5935.000000
6367.000000
7989.000000
8606.000000
7674.000000
6216.000000
6437.000000
8812.000000
11490.000000
11272.000000
9922.000000
8180.000000
6067.000000
5455.000000
8243.000000
10073.000000
8047.000000
6624.000000
6612.000000
6665.000000
6694.000000
7189.000000
7349.000000
7228.000000
7324.000000
7591.000000
7695.000000
7785.000000
7835.000000
7881.000000
7479.000000
7563.000000
7642.000000
7565.000000
7049.000000
7036.000000
7373.000000
7197.000000
6833.000000
6436.000000
6766.000000
6780.000000
6352.000000
5201.000000
4591.000000
5198.000000
6148.000000
6145.000000
3052.000000
3053.000000
3136.000000
3053.000000
3068.000000
3232.000000
3454.000000
3598.000000
3520.000000
3429.000000
3702.000000
4178.000000
4735.000000
5355.000000
6423.000000
7918.000000
8507.000000
7792.000000
6584.000000
5860.000000
6259.000000
8371.000000
11275.000000
11903.000000
10665.000000
8609.000000
5699.000000
6008.000000
9099.000000
10867.000000
9913.000000
8624.000000
7986.000000
7833.000000
7840.000000
8118.000000
7923.000000
7153.000000
6664.000000
6579.000000
6847.000000
7001.000000
6766.000000
6600.000000
6038.000000
6100.000000
6135.000000
6058.000000
5718.000000
5643.000000
5554.000000
5309.000000
5130.000000
5061.000000
4931.000000
4903.000000
4708.000000
4027.000000
3638.000000
4234.000000
4951.000000
4619.000000
2878.000000
3019.000000
3076.000000
3062.000000
3227.000000
3487.000000
4039.000000
4317.000000
4410.000000
4566.000000
5017.000000
5435.000000
5789.000000
6849.000000
8507.000000
9612.000000
9082.000000
7942.000000
7140.000000
6654.000000
6127.000000
7056.000000
8795.000000
9699.000000
9514.000000
8537.000000
6426.000000
7015.000000
10115.000000
10999.000000
10324.000000
9730.000000
8957.000000
8207.000000
7592.000000
7011.000000
6103.000000
5408.000000
5009.000000
5341.000000
5351.000000
5122.000000
4995.000000
5082.000000
5022.000000
4843.000000
4579.000000
4637.000000
4521.000000
4478.000000
4352.000000
4164.000000
4272.000000
4364.000000
4483.000000
4350.000000
4142.000000
3770.000000
3912.000000
4737.000000
5427.000000
5116.000000
3824.000000
4124.000000
4488.000000
4978.000000
5242.000000
5339.000000
5445.000000
5393.000000
5358.000000
5629.000000
6269.000000
6632.000000
7184.000000
8661.000000
9346.000000
9425.000000
8881.000000
8188.000000
7660.000000
6698.000000
6374.000000
6101.000000
7101.000000
8705.000000
9655.000000
9251.000000
7586.000000
7818.000000
10038.000000
10824.000000
10346.000000
10101.000000
9661.000000
8642.000000
7428.000000
6115.000000
5589.000000
5831.000000
5839.000000
5919.000000
5817.000000
5034.000000
4813.000000
5216.000000
5362.000000
5537.000000
5566.000000
5130.000000
5090.000000
5404.000000
5371.000000
5295.000000
5621.000000
5693.000000
5697.000000
5425.000000
5346.000000
5310.000000
5722.000000
6237.000000
6665.000000
6590.000000
4979.000000
5365.000000
5749.000000
6226.000000
6371.000000
6471.000000
6399.000000
6172.000000
5734.000000
5604.000000
5968.000000
6203.000000
8061.000000
9443.000000
9632.000000
9267.000000
8839.000000
8426.000000
7186.000000
6490.000000
5605.000000
5573.000000
7127.000000
8946.000000
9659.000000
8980.000000
8099.000000
7954.000000
10087.000000
10614.000000
10481.000000
10310.000000
9768.000000
8803.000000
7731.000000
6300.000000
5743.000000
6823.000000
7358.000000
7267.000000
7257.000000
7274.000000
7135.000000
6999.000000
6998.000000
7349.000000
7034.000000
6915.000000
6995.000000
6925.000000
6572.000000
6727.000000
6805.000000
7170.000000
7486.000000
7092.000000
6960.000000
6738.000000
7128.000000
7755.000000
8280.000000
8279.000000
5036.000000
5014.000000
5344.000000
5554.000000
5550.000000
5760.000000
5831.000000
5712.000000
5484.000000
5506.000000
5350.000000
6897.000000
8974.000000
10025.000000
9968.000000
9605.000000
8756.000000
7612.000000
5887.000000
4757.000000
4702.000000
5838.000000
8630.000000
10607.000000
10642.000000
9631.000000
8343.000000
8312.000000
8851.000000
9861.000000
10692.000000
10998.000000
10613.000000
10173.000000
9413.000000
7707.000000
6612.000000
6902.000000
8207.000000
8121.000000
7970.000000
8101.000000
7894.000000
7653.000000
7889.000000
8276.000000
8074.000000
7553.000000
7523.000000
7465.000000
7590.000000
7775.000000
7954.000000
8149.000000
8071.000000
8162.000000
8210.000000
7751.000000
7657.000000
7939.000000
8524.000000
8806.000000
4507.000000
4317.000000
4378.000000
4401.000000
4410.000000
4607.000000
4655.000000
4612.000000
4752.000000
4949.000000
6151.000000
8284.000000
9553.000000
10389.000000
10251.000000
9517.000000
8312.000000
6719.000000
5250.000000
4599.000000
4500.000000
6685.000000
9362.000000
10869.000000
10517.000000
9964.000000
9479.000000
9690.000000
9621.000000
10069.000000
10930.000000
11443.000000
11175.000000
10784.000000
10119.000000
8588.000000
6144.000000
5216.000000
6876.000000
7725.000000
7503.000000
7906.000000
8325.000000
8126.000000
7898.000000
7403.000000
6943.000000
6849.000000
7715.000000
8463.000000
8141.000000
7692.000000
7936.000000
8204.000000
8240.000000
7849.000000
7738.000000
7920.000000
7937.000000
8207.000000
8701.000000
9069.000000
4283.000000
3765.000000
3892.000000
4253.000000
4556.000000
4772.000000
5020.000000
5069.000000
5062.000000
6032.000000
7981.000000
9373.000000
10234.000000
10481.000000
9871.000000
8643.000000
7259.000000
6604.000000
5993.000000
5276.000000
6368.000000
8696.000000
10276.000000
10634.000000
10582.000000
11093.000000
11266.000000
11270.000000
10507.000000
10237.000000
10375.000000
10854.000000
11294.000000
11272.000000
10578.000000
9351.000000
6767.000000
5264.000000
6182.000000
7694.000000
7782.000000
8075.000000
8204.000000
7793.000000
7678.000000
7589.000000
7392.000000
7653.000000
8583.000000
8698.000000
8085.000000
7608.000000
7489.000000
7886.000000
7657.000000
7530.000000
7474.000000
7568.000000
7831.000000
8245.000000
8372.000000
8661.000000
4654.000000
4458.000000
4547.000000
4786.000000
5242.000000
5193.000000
5466.000000
5640.000000
5372.000000
6779.000000
9273.000000
10211.000000
10365.000000
10258.000000
9172.000000
7899.000000
7363.000000
7942.000000
7483.000000
7449.000000
8466.000000
9890.000000
10527.000000
10349.000000
10230.000000
10899.000000
11892.000000
11643.000000
10701.000000
10038.000000
9527.000000
9801.000000
10271.000000
10708.000000
10856.000000
10035.000000
8296.000000
6458.000000
6302.000000
7083.000000
7773.000000
7901.000000
7913.000000
7980.000000
7766.000000
7467.000000
7371.000000
7809.000000
8133.000000
8032.000000
7800.000000
7233.000000
7321.000000
7191.000000
7388.000000
7584.000000
7416.000000
7347.000000
7796.000000
8223.000000
8211.000000
8288.000000
5454.000000
5449.000000
5634.000000
5975.000000
5818.000000
5703.000000
5837.000000
5887.000000
6123.000000
8026.000000
10029.000000
10423.000000
10238.000000
9549.000000
8470.000000
7694.000000
8369.000000
9125.000000
9269.000000
9345.000000
10009.000000
10737.000000
10636.000000
9833.000000
8709.000000
10061.000000
12170.000000
11851.000000
10905.000000
10115.000000
9221.000000
8929.000000
9095.000000
9885.000000
10463.000000
10603.000000
9579.000000
8344.000000
7048.000000
6733.000000
7225.000000
7517.000000
7603.000000
7520.000000
7473.000000
7474.000000
7525.000000
7606.000000
7801.000000
7841.000000
7507.000000
7417.000000
7396.000000
7419.000000
7446.000000
7789.000000
7748.000000
7595.000000
7925.000000
7963.000000
7739.000000
7989.000000
6674.000000
6715.000000
6235.000000
6002.000000
6067.000000
6076.000000
6058.000000
6287.000000
6702.000000
9012.000000
10613.000000
10540.000000
9743.000000
8594.000000
7667.000000
8287.000000
9639.000000
10281.000000
10291.000000
10717.000000
10831.000000
11176.000000
10859.000000
9290.000000
7823.000000
9266.000000
11715.000000
12268.000000
11463.000000
10720.000000
9956.000000
9271.000000
8783.000000
8931.000000
9691.000000
10373.000000
10064.000000
9678.000000
7809.000000
6579.000000
6486.000000
7307.000000
6958.000000
7094.000000
7289.000000
7423.000000
7151.000000
7150.000000
7736.000000
7704.000000
7317.000000
7412.000000
7534.000000
7525.000000
7349.000000
7393.000000
7630.000000
7546.000000
7432.000000
7543.000000
7712.000000
8045.000000
6785.000000
6688.000000
6483.000000
6130.000000
5888.000000
6229.000000
6493.000000
6314.000000
8201.000000
10281.000000
10941.000000
10338.000000
9014.000000
7975.000000
8124.000000
9538.000000
10383.000000
10382.000000
10741.000000
10973.000000
10896.000000
10900.000000
10420.000000
9498.000000
7857.000000
8184.000000
10664.000000
12400.000000
11730.000000
11050.000000
10439.000000
9825.000000
9072.000000
8247.000000
8556.000000
9291.000000
9768.000000
10295.000000
8409.000000
6540.000000
6170.000000
6889.000000
6827.000000
6930.000000
7408.000000
7824.000000
7414.000000
7059.000000
7062.000000
7060.000000
6824.000000
7128.000000
7598.000000
7885.000000
7867.000000
7585.000000
7657.000000
7185.000000
7030.000000
7437.000000
7635.000000
7691.000000
6766.000000
7066.000000
6883.000000
6689.000000
6754.000000
6510.000000
6417.000000
7641.000000
9634.000000
10959.000000
10787.000000
9577.000000
8379.000000
8100.000000
9469.000000
10571.000000
10732.000000
10615.000000
10708.000000
11066.000000
10949.000000
10692.000000
10359.000000
9999.000000
8253.000000
7785.000000
10069.000000
12369.000000
11762.000000
11052.000000
10397.000000
9965.000000
9160.000000
8276.000000
8114.000000
8134.000000
8759.000000
10503.000000
9080.000000
6792.000000
5963.000000
6752.000000
6620.000000
7023.000000
7758.000000
7918.000000
7434.000000
7212.000000
6912.000000
6758.000000
6786.000000
7094.000000
7357.000000
7496.000000
7385.000000
7345.000000
7122.000000
7010.000000
7003.000000
7252.000000
7199.000000
7270.000000
6499.000000
6437.000000
7047.000000
7131.000000
7035.000000
6713.000000
7232.000000
8749.000000
10795.000000
11342.000000
10226.000000
8560.000000
7662.000000
8845.000000
10478.000000
10833.000000
10564.000000
10337.000000
10606.000000
11304.000000
11457.000000
11244.000000
11009.000000
10138.000000
8366.000000
7953.000000
10053.000000
12389.000000
12058.000000
11139.000000
10246.000000
9299.000000
8292.000000
7881.000000
7777.000000
7392.000000
8257.000000
10145.000000
9642.000000
7458.000000
6186.000000
6404.000000
6627.000000
6847.000000
7025.000000
6918.000000
7216.000000
7309.000000
7115.000000
7046.000000
6974.000000
7329.000000
7180.000000
6887.000000
7287.000000
7296.000000
6784.000000
6768.000000
6564.000000
6551.000000
6854.000000
6894.000000
6656.000000
7314.000000
7237.000000
7526.000000
7470.000000
6638.000000
7443.000000
9863.000000
11518.000000
11224.000000
9455.000000
7615.000000
7414.000000
9297.000000
10198.000000
10025.000000
9792.000000
9682.000000
10461.000000
11458.000000
11901.000000
11912.000000
11354.000000
10178.000000
8998.000000
8580.000000
9937.000000
12357.000000
12112.000000
11240.000000
10160.000000
8439.000000
6429.000000
6027.000000
7043.000000
7881.000000
8281.000000
9610.000000
10162.000000
8486.000000
6191.000000
6338.000000
6746.000000
6683.000000
6949.000000
7470.000000
7112.000000
6679.000000
6989.000000
6722.000000
6944.000000
7260.000000
6763.000000
6436.000000
6573.000000
7141.000000
7186.000000
6843.000000
6380.000000
6279.000000
6539.000000
7094.000000
6712.000000
7026.000000
7476.000000
7972.000000
6941.000000
6095.000000
8051.000000
10811.000000
11960.000000
10944.000000
8983.000000
6783.000000
7206.000000
9097.000000
9622.000000
9000.000000
8104.000000
8288.000000
10189.000000
11710.000000
12226.000000
12350.000000
11586.000000
10841.000000
10074.000000
8837.000000
9746.000000
11842.000000
11655.000000
10671.000000
9422.000000
7142.000000
4776.000000
4267.000000
5787.000000
8370.000000
9106.000000
9729.000000
10420.000000
8700.000000
6269.000000
6044.000000
6835.000000
6775.000000
6748.000000
6490.000000
6147.000000
6467.000000
6440.000000
6734.000000
6834.000000
7023.000000
6843.000000
6397.000000
6393.000000
6630.000000
7191.000000
7034.000000
6511.000000
6081.000000
6742.000000
7240.000000
7018.000000
6868.000000
7360.000000
7117.000000
6395.000000
6247.000000
8453.000000
11747.000000
12144.000000
10330.000000
8256.000000
6074.000000
7206.000000
9138.000000
9026.000000
7800.000000
6570.000000
7469.000000
9971.000000
11801.000000
12343.000000
12475.000000
12215.000000
11822.000000
10722.000000
9040.000000
9250.000000
11081.000000
10836.000000
9858.000000
8411.000000
6168.000000
3978.000000
2803.000000
4842.000000
8625.000000
9905.000000
9824.000000
10535.000000
8844.000000
6355.000000
5527.000000
6316.000000
5961.000000
6277.000000
6541.000000
6546.000000
6138.000000
6241.000000
6542.000000
6620.000000
6896.000000
6606.000000
6489.000000
6301.000000
6340.000000
6645.000000
7082.000000
6609.000000
6265.000000
6352.000000
6857.000000
7039.000000
6967.000000
7104.000000
6138.000000
5659.000000
6350.000000
9448.000000
12343.000000
11972.000000
9916.000000
7412.000000
6205.000000
7783.000000
9110.000000
8521.000000
6920.000000
5437.000000
7027.000000
10699.000000
12131.000000
12450.000000
12719.000000
12790.000000
12438.000000
11046.000000
9098.000000
8997.000000
10482.000000
10498.000000
9725.000000
8243.000000
6020.000000
3763.000000
2566.000000
4647.000000
8437.000000
10156.000000
10006.000000
10649.000000
8897.000000
6417.000000
5365.000000
6292.000000
6211.000000
6566.000000
6622.000000
6340.000000
6328.000000
6764.000000
6873.000000
7113.000000
7023.000000
7101.000000
7073.000000
6421.000000
6516.000000
6654.000000
6629.000000
6102.000000
6017.000000
6549.000000
7098.000000
6782.000000
6567.000000
6394.000000
6152.000000
6156.000000
7557.000000
10402.000000
12577.000000
11854.000000
9444.000000
6846.000000
6881.000000
8196.000000
9173.000000
8118.000000
5971.000000
5147.000000
8657.000000
12077.000000
12583.000000
12634.000000
13035.000000
13116.000000
12312.000000
10970.000000
9258.000000
9202.000000
10538.000000
10545.000000
9771.000000
8296.000000
6198.000000
3775.000000
2462.000000
4284.000000
8215.000000
10146.000000
10108.000000
10575.000000
9482.000000
6832.000000
5196.000000
6332.000000
6679.000000
7084.000000
6823.000000
6084.000000
5895.000000
6578.000000
7309.000000
7208.000000
7372.000000
7361.000000
7135.000000
6659.000000
7079.000000
7338.000000
6779.000000
6124.000000
6487.000000
7016.000000
6930.000000
6488.000000
6346.000000
6275.000000
6611.000000
6645.000000
8152.000000
10846.000000
12677.000000
11340.000000
8673.000000
6268.000000
8007.000000
9213.000000
9194.000000
7150.000000
4717.000000
6244.000000
10718.000000
13164.000000
12965.000000
12767.000000
13179.000000
13051.000000
12009.000000
11040.000000
9326.000000
9236.000000
10766.000000
11019.000000
10155.000000
8501.000000
6145.000000
3672.000000
2533.000000
4118.000000
7736.000000
9915.000000
9698.000000
10051.000000
9484.000000
6823.000000
5365.000000
7026.000000
7253.000000
7799.000000
7374.000000
6216.000000
6183.000000
6774.000000
6889.000000
7088.000000
7167.000000
7494.000000
8221.000000
7800.000000
7542.000000
7298.000000
6730.000000
6521.000000
6879.000000
6748.000000
6692.000000
5797.000000
5511.000000
6228.000000
7000.000000
7396.000000
8459.000000
11114.000000
12435.000000
10839.000000
7563.000000
5731.000000
8225.000000
10119.000000
8472.000000
5209.000000
4889.000000
8898.000000
12226.000000
13112.000000
12672.000000
12868.000000
13313.000000
12975.000000
11967.000000
10955.000000
9226.000000
9258.000000
11134.000000
11670.000000
10470.000000
8553.000000
5994.000000
3668.000000
2928.000000
4268.000000
7309.000000
9663.000000
8847.000000
9375.000000
9222.000000
6796.000000
5170.000000
6181.000000
6761.000000
7691.000000
7390.000000
6773.000000
6214.000000
6524.000000
6903.000000
6884.000000
6970.000000
7804.000000
7762.000000
7482.000000
6931.000000
6999.000000
6906.000000
7018.000000
7010.000000
6813.000000
7043.000000
5762.000000
5785.000000
6065.000000
6823.000000
6744.000000
7760.000000
10491.000000
12214.000000
10439.000000
6961.000000
4765.000000
6713.000000
8969.000000
6732.000000
4127.000000
6562.000000
11055.000000
12651.000000
12368.000000
12557.000000
13087.000000
13394.000000
12857.000000
11918.000000
11066.000000
9575.000000
9626.000000
11403.000000
12099.000000
10572.000000
8620.000000
6229.000000
4145.000000
3796.000000
4238.000000
6419.000000
8531.000000
8431.000000
9284.000000
9321.000000
7041.000000
5372.000000
7057.000000
7190.000000
7346.000000
7641.000000
7611.000000
7377.000000
7164.000000
7175.000000
6964.000000
7062.000000
7280.000000
7083.000000
7014.000000
7116.000000
6520.000000
6935.000000
7312.000000
7287.000000
6834.000000
7040.000000
6931.000000
6534.000000
6137.000000
6447.000000
6294.000000
7677.000000
9996.000000
11971.000000
10412.000000
7651.000000
4727.000000
5102.000000
5863.000000
5031.000000
3954.000000
6980.000000
11764.000000
12358.000000
11951.000000
12416.000000
13173.000000
13433.000000
12859.000000
11958.000000
11252.000000
10101.000000
10077.000000
11497.000000
12242.000000
10751.000000
9007.000000
6717.000000
4624.000000
4611.000000
4371.000000
4991.000000
6493.000000
8974.000000
10183.000000
9858.000000
6857.000000
5568.000000
7435.000000
7652.000000
7159.000000
7335.000000
7423.000000
6900.000000
7364.000000
7920.000000
8361.000000
8178.000000
8117.000000
7563.000000
7501.000000
6989.000000
6763.000000
6647.000000
7132.000000
7745.000000
7912.000000
7962.000000
6443.000000
6454.000000
6653.000000
7207.000000
8000.000000
8798.000000
10232.000000
11682.000000
10681.000000
8685.000000
5709.000000
4080.000000
3895.000000
4084.000000
3866.000000
5999.000000
10601.000000
12163.000000
11765.000000
12291.000000
13135.000000
13328.000000
12616.000000
11771.000000
11168.000000
10495.000000
10563.000000
11441.000000
12267.000000
11444.000000
9942.000000
7501.000000
5286.000000
5159.000000
4409.000000
4031.000000
5893.000000
9510.000000
10890.000000
9831.000000
6851.000000
5631.000000
7492.000000
7346.000000
7075.000000
6670.000000
6462.000000
7083.000000
7415.000000
8621.000000
8651.000000
8217.000000
8123.000000
7832.000000
7986.000000
7428.000000
6879.000000
6880.000000
7453.000000
7256.000000
6873.000000
6845.000000
7133.000000
7576.000000
7727.000000
7622.000000
7466.000000
8035.000000
9157.000000
11243.000000
11139.000000
9675.000000
7172.000000
5140.000000
4076.000000
4170.000000
3751.000000
4969.000000
9461.000000
12053.000000
11907.000000
12373.000000
13231.000000
13226.000000
12202.000000
11094.000000
10458.000000
10375.000000
10858.000000
11609.000000
12069.000000
11710.000000
10908.000000
8541.000000
5838.000000
5080.000000
4216.000000
4578.000000
7167.000000
10223.000000
11259.000000
9785.000000
6979.000000
5880.000000
7220.000000
7368.000000
7090.000000
6375.000000
6084.000000
5800.000000
6679.000000
7083.000000
7603.000000
8117.000000
8018.000000
8483.000000
8088.000000
7893.000000
7062.000000
7067.000000
6763.000000
7115.000000
7113.000000
6973.000000
7597.000000
8473.000000
8293.000000
7065.000000
6649.000000
7085.000000
8665.000000
10318.000000
11447.000000
9982.000000
7862.000000
5588.000000
4416.000000
4569.000000
3956.000000
4575.000000
8292.000000
11988.000000
11986.000000
12516.000000
13168.000000
12807.000000
11587.000000
10524.000000
10337.000000
10815.000000
11287.000000
11618.000000
11750.000000
11425.000000
10873.000000
8870.000000
6137.000000
4598.000000
3899.000000
6118.000000
9160.000000
10683.000000
11135.000000
9677.000000
6784.000000
5672.000000
7027.000000
7601.000000
7683.000000
6978.000000
6196.000000
5966.000000
6555.000000
6406.000000
6859.000000
6970.000000
7071.000000
7068.000000
7235.000000
6910.000000
7336.000000
7682.000000
7348.000000
7056.000000
6632.000000
6482.000000
8450.000000
8821.000000
8096.000000
6790.000000
6237.000000
6581.000000
7625.000000
9665.000000
11230.000000
10400.000000
8327.000000
5847.000000
4457.000000
4755.000000
4170.000000
4113.000000
7072.000000
11411.000000
12263.000000
12655.000000
13053.000000
12433.000000
11264.000000
10641.000000
10788.000000
11211.000000
11499.000000
11728.000000
11667.000000
11150.000000
10335.000000
8411.000000
6151.000000
4591.000000
4924.000000
7740.000000
10395.000000
10634.000000
10943.000000
9061.000000
6343.000000
5960.000000
7616.000000
8165.000000
7957.000000
7797.000000
8171.000000
7587.000000
7176.000000
6831.000000
6266.000000
6702.000000
6976.000000
7544.000000
7877.000000
7819.000000
7618.000000
6947.000000
6531.000000
6262.000000
6129.000000
6648.000000
7527.000000
7839.000000
7400.000000
6448.000000
6766.000000
6963.000000
7337.000000
9186.000000
11223.000000
11239.000000
9188.000000
6646.000000
4577.000000
4862.000000
4436.000000
3520.000000
5528.000000
9997.000000
12471.000000
12771.000000
12981.000000
12325.000000
11474.000000
11029.000000
10984.000000
11197.000000
11333.000000
11584.000000
11821.000000
11274.000000
10231.000000
8179.000000
6286.000000
5133.000000
6323.000000
8885.000000
10840.000000
10329.000000
10491.000000
8479.000000
6000.000000
6435.000000
7516.000000
7754.000000
8032.000000
8141.000000
7850.000000
7513.000000
7133.000000
6763.000000
6707.000000
6823.000000
6839.000000
7792.000000
7678.000000
6944.000000
6808.000000
6768.000000
6821.000000
6651.000000
6608.000000
6178.000000
7668.000000
7843.000000
7181.000000
7091.000000
7569.000000
7490.000000
7241.000000
8224.000000
10419.000000
11736.000000
10322.000000
7747.000000
5024.000000
4789.000000
4456.000000
3437.000000
4231.000000
8184.000000
12244.000000
12832.000000
12811.000000
12293.000000
11620.000000
11020.000000
10653.000000
10587.000000
10720.000000
11410.000000
11715.000000
11210.000000
10014.000000
8249.000000
6489.000000
5573.000000
7094.000000
9662.000000
10914.000000
10184.000000
10098.000000
8141.000000
5749.000000
6048.000000
6909.000000
7454.000000
7081.000000
6827.000000
6991.000000
6605.000000
6091.000000
6332.000000
6876.000000
6455.000000
6952.000000
7038.000000
7006.000000
7422.000000
6927.000000
6658.000000
7011.000000
7170.000000
6727.000000
6003.000000
7065.000000
7118.000000
7854.000000
7430.000000
7618.000000
7217.000000
6478.000000
6940.000000
9144.000000
11023.000000
11107.000000
8801.000000
5761.000000
4616.000000
4745.000000
4348.000000
3460.000000
6442.000000
10577.000000
13052.000000
12739.000000
12050.000000
11372.000000
10810.000000
10408.000000
10038.000000
10109.000000
11104.000000
11865.000000
10906.000000
9228.000000
7484.000000
6027.000000
5552.000000
6927.000000
9734.000000
10966.000000
10496.000000
9987.000000
7918.000000
5995.000000
6442.000000
6645.000000
6279.000000
6197.000000
6503.000000
6323.000000
6178.000000
5955.000000
5480.000000
5642.000000
6215.000000
6204.000000
6494.000000
6878.000000
6979.000000
6410.000000
6442.000000
6441.000000
6895.000000
7083.000000
6432.000000
7376.000000
7221.000000
7321.000000
7177.000000
6780.000000
6567.000000
6519.000000
6547.000000
7613.000000
9724.000000
11250.000000
9725.000000
6844.000000
4789.000000
5406.000000
5496.000000
4001.000000
4507.000000
8494.000000
12369.000000
12720.000000
11855.000000
11118.000000
10899.000000
10490.000000
9617.000000
9834.000000
11175.000000
12141.000000
11132.000000
9120.000000
6861.000000
5478.000000
5329.000000
6591.000000
9649.000000
11109.000000
10624.000000
9463.000000
7360.000000
6183.000000
6523.000000
6061.000000
5930.000000
5978.000000
6181.000000
6504.000000
6918.000000
6673.000000
5976.000000
5864.000000
6241.000000
5604.000000
5586.000000
6148.000000
7053.000000
6970.000000
5874.000000
5736.000000
5864.000000
5457.000000
5627.000000
7515.000000
6231.000000
6388.000000
6556.000000
6373.000000
6304.000000
6794.000000
6680.000000
6503.000000
7823.000000
10161.000000
10380.000000
7956.000000
5472.000000
5830.000000
6918.000000
6238.000000
3700.000000
6257.000000
10152.000000
12748.000000
12047.000000
11265.000000
11017.000000
10205.000000
9430.000000
9998.000000
11323.000000
11952.000000
11263.000000
9350.000000
7211.000000
5319.000000
4948.000000
6136.000000
9120.000000
11151.000000
10616.000000
8767.000000
6680.000000
5828.000000
6193.000000
6447.000000
5868.000000
6485.000000
6809.000000
6671.000000
6121.000000
6220.000000
6358.000000
6407.000000
6336.000000
6021.000000
5505.000000
5619.000000
5682.000000
6064.000000
5943.000000
4844.000000
4988.000000
5650.000000
5719.000000
6759.000000
6364.000000
5947.000000
6433.000000
6387.000000
6675.000000
7341.000000
6866.000000
6137.000000
6978.000000
8955.000000
9946.000000
9362.000000
6715.000000
6029.000000
7983.000000
8632.000000
5230.000000
4595.000000
7771.000000
11392.000000
12365.000000
11304.000000
10730.000000
9865.000000
9459.000000
10324.000000
11498.000000
11513.000000
10299.000000
8471.000000
6673.000000
5379.000000
4801.000000
6261.000000
8952.000000
11196.000000
10370.000000
8042.000000
6289.000000
5412.000000
5951.000000
6394.000000
6504.000000
6055.000000
6410.000000
6525.000000
6021.000000
6285.000000
6755.000000
6863.000000
7010.000000
6675.000000
6292.000000
6400.000000
6502.000000
6643.000000
5511.000000
5144.000000
5236.000000
5788.000000
6712.000000
6535.000000
6036.000000
5222.000000
5023.000000
5943.000000
6446.000000
6514.000000
6593.000000
6344.000000
6077.000000
7166.000000
8746.000000
10168.000000
8099.000000
6484.000000
7927.000000
10715.000000
8232.000000
4914.000000
5642.000000
8728.000000
11330.000000
11139.000000
10463.000000
9980.000000
9890.000000
10515.000000
11301.000000
11093.000000
9259.000000
7043.000000
5708.000000
5070.000000
4855.000000
6054.000000
8629.000000
10783.000000
9670.000000
7433.000000
6477.000000
5981.000000
5633.000000
6579.000000
6569.000000
5669.000000
5684.000000
6000.000000
5943.000000
5884.000000
6062.000000
6334.000000
6819.000000
6723.000000
7162.000000
7065.000000
6393.000000
5658.000000
5537.000000
5838.000000
5081.000000
5851.000000
6252.000000
5628.000000
5221.000000
5595.000000
6235.000000
6643.000000
5812.000000
5625.000000
6041.000000
6397.000000
6600.000000
7078.000000
8576.000000
10425.000000
9270.000000
7049.000000
7351.000000
11286.000000
10814.000000
7537.000000
4681.000000
6163.000000
8230.000000
9570.000000
10560.000000
10752.000000
10338.000000
10355.000000
10781.000000
10649.000000
8763.000000
6160.000000
4668.000000
4577.000000
4512.000000
5841.000000
8439.000000
10265.000000
8730.000000
6871.000000
6696.000000
7007.000000
7119.000000
6611.000000
6060.000000
5989.000000
5086.000000
5127.000000
5352.000000
5377.000000
5106.000000
5080.000000
5438.000000
6347.000000
6560.000000
6481.000000
6242.000000
5469.000000
5370.000000
5427.000000
5315.000000
5385.000000
5983.000000
4824.000000
5527.000000
6860.000000
6615.000000
6209.000000
5373.000000
4902.000000
5327.000000
6218.000000
6175.000000
6819.000000
8592.000000
10576.000000
9960.000000
7601.000000
7299.000000
10346.000000
12562.000000
10170.000000
6991.000000
4599.000000
5264.000000
7167.000000
8768.000000
10580.000000
10961.000000
10605.000000
10584.000000
10163.000000
8318.000000
6007.000000
4430.000000
4594.000000
5143.000000
6048.000000
8617.000000
9896.000000
8026.000000
6425.000000
6494.000000
7072.000000
6793.000000
6489.000000
6571.000000
6374.000000
6471.000000
6540.000000
5355.000000
5003.000000
5195.000000
4172.000000
5009.000000
5549.000000
6043.000000
5801.000000
5882.000000
5719.000000
5100.000000
4807.000000
5074.000000
5478.000000
5885.000000
5508.000000
5850.000000
6383.000000
6305.000000
5794.000000
5182.000000
4939.000000
5284.000000
5286.000000
5918.000000
7561.000000
9422.000000
10925.000000
10458.000000
8216.000000
7611.000000
9075.000000
12596.000000
11950.000000
9630.000000
6905.000000
4669.000000
4602.000000
6499.000000
8229.000000
8965.000000
9521.000000
9603.000000
8785.000000
6996.000000
5342.000000
4330.000000
4962.000000
5657.000000
6807.000000
8893.000000
9534.000000
7212.000000
5632.000000
5239.000000
6284.000000
6387.000000
6906.000000
6195.000000
5905.000000
6192.000000
6852.000000
6172.000000
5741.000000
5266.000000
4979.000000
4987.000000
5961.000000
6330.000000
5913.000000
6230.000000
5401.000000
5359.000000
5925.000000
5963.000000
5187.000000
5641.000000
6199.000000
6034.000000
5795.000000
5863.000000
4990.000000
5091.000000
5618.000000
5647.000000
4799.000000
4812.000000
6592.000000
9134.000000
11182.000000
10621.000000
8951.000000
7717.000000
8185.000000
11337.000000
12178.000000
11495.000000
9588.000000
7304.000000
5280.000000
4457.000000
5195.000000
6541.000000
7240.000000
7342.000000
6578.000000
5295.000000
4543.000000
4168.000000
5094.000000
5585.000000
6835.000000
8845.000000
9058.000000
6484.000000
4752.000000
4343.000000
5317.000000
6059.000000
5850.000000
5178.000000
5480.000000
5912.000000
6600.000000
6582.000000
6370.000000
6023.000000
5746.000000
6326.000000
6271.000000
5680.000000
5680.000000
5865.000000
5721.000000
6054.000000
6341.000000
5223.000000
4742.000000
5278.000000
5983.000000
6244.000000
6527.000000
6052.000000
5802.000000
5333.000000
5976.000000
6432.000000
6147.000000
5340.000000
6598.000000
9292.000000
11175.000000
10946.000000
9838.000000
7816.000000
7691.000000
9486.000000
12120.000000
12010.000000
11599.000000
9905.000000
7728.000000
6663.000000
5520.000000
4598.000000
4535.000000
4928.000000
4786.000000
4292.000000
4219.000000
4367.000000
5064.000000
5281.000000
7303.000000
9215.000000
8446.000000
6143.000000
4724.000000
4516.000000
5013.000000
4663.000000
4451.000000
5152.000000
5576.000000
5647.000000
5655.000000
5613.000000
5451.000000
5347.000000
6141.000000
6301.000000
6154.000000
5835.000000
6027.000000
6154.000000
6285.000000
6128.000000
6781.000000
6306.000000
5355.000000
4353.000000
