5896.000000
5128.000000
4441.000000
4256.000000
5745.000000
6008.000000
5894.000000
5550.000000
4930.000000
4153.000000
5049.000000
4673.000000
4541.000000
5434.000000
5994.000000
5190.000000
4989.000000
5271.000000
5808.000000
5788.000000
6604.000000
7386.000000
5984.000000
5463.000000
7062.000000
5469.000000
5140.000000
4184.000000
4985.000000
5415.000000
5369.000000
5279.000000
5677.000000
5474.000000
5603.000000
5824.000000
7763.000000
7766.000000
7568.000000
8057.000000
7813.000000
7202.000000
7204.000000
6125.000000
5185.000000
5217.000000
5307.000000
5069.000000
4675.000000
5444.000000
5306.000000
7118.000000
6769.000000
6833.000000
6253.000000
6608.000000
4815.000000
5884.000000
5163.000000
6131.000000
5343.000000
4861.000000
5458.000000
4147.000000
6152.000000
5175.000000
5443.000000
6098.000000
6273.000000
5632.000000
5027.000000
5848.000000
5886.000000
4350.000000
5582.000000
5410.000000
4346.000000
4568.000000
6153.000000
6009.000000
5337.000000
5106.000000
5743.000000
4816.000000
5343.000000
5044.000000
4307.000000
5576.000000
5884.000000
5556.000000
3294.000000
4398.000000
4522.000000
4438.000000
5795.000000
5284.000000
4842.000000
4599.000000
5098.000000
3824.000000
4502.000000
4494.000000
3811.000000
4813.000000
4787.000000
4347.000000
3203.000000
4703.000000
4372.000000
5485.000000
5578.000000
5041.000000
4959.000000
3656.000000
5260.000000
3941.000000
3963.000000
3819.000000
3119.000000
3504.000000
804.000000
4627.000000
4713.000000
3220.000000
4342.000000
4853.000000
5373.000000
5560.000000
4915.000000
5009.000000
4806.000000
3534.000000
3560.000000
3032.000000
2969.000000
1849.000000
5166.000000
3440.000000
4964.000000
4639.000000
4183.000000
4296.000000
5194.000000
4875.000000
4975.000000
5504.000000
2884.000000
3550.000000
3458.000000
1251.000000
429.000000
5506.000000
4545.000000
3333.000000
4744.000000
6076.000000
2847.000000
4973.000000
4523.000000
5715.000000
4480.000000
4022.000000
4222.000000
3179.000000
4875.000000
5121.000000
3794.000000
4851.000000
4096.000000
3282.000000
5313.000000
6742.000000
909.000000
4832.000000
5239.000000
4601.000000
4334.000000
4321.000000
2930.000000
3135.000000
4643.000000
5588.000000
4953.000000
4990.000000
3265.000000
2323.000000
3854.000000
2749.000000
2865.000000
5507.000000
5450.000000
4594.000000
5270.000000
5253.000000
4394.000000
3493.000000
4417.000000
3465.000000
3705.000000
4280.000000
1986.000000
2903.000000
3236.000000
2508.000000
1046.000000
2629.000000
2882.000000
3290.000000
5276.000000
6697.000000
7157.000000
3119.000000
4444.000000
3628.000000
3773.000000
889.000000
3846.000000
1448.000000
3191.000000
3196.000000
2968.000000
3111.000000
2544.000000
3808.000000
4408.000000
5041.000000
4892.000000
4878.000000
5643.000000
2888.000000
4747.000000
3476.000000
5694.000000
3371.000000
3118.000000
4421.000000
4739.000000
5057.000000
3851.000000
4024.000000
4524.000000
4446.000000
4858.000000
4570.000000
4913.000000
4315.000000
4686.000000
4678.000000
4778.000000
4710.000000
5984.000000
5536.000000
3789.000000
4850.000000
5309.000000
4597.000000
