5626.000000
5639.000000
5616.000000
5710.000000
5786.000000
5831.000000
5693.000000
5627.000000
5622.000000
5594.000000
5615.000000
5556.000000
5564.000000
5582.000000
5181.000000
5087.000000
5221.000000
4720.000000
4745.000000
4880.000000
4538.000000
4570.000000
4566.000000
3430.000000
4621.000000
5360.000000
5113.000000
3271.000000
4501.000000
4554.000000
4545.000000
4344.000000
1952.000000
4508.000000
4481.000000
3655.000000
2530.000000
4206.000000
4530.000000
4627.000000
4178.000000
2895.000000
3026.000000
2590.000000
4075.000000
2818.000000
2814.000000
3037.000000
2557.000000
3531.000000
4489.000000
3882.000000
3145.000000
3425.000000
4848.000000
4986.000000
4014.000000
3704.000000
3358.000000
3292.000000
3909.000000
4341.000000
4694.000000
3497.000000
4026.000000
3854.000000
3717.000000
2895.000000
3975.000000
3231.000000
3714.000000
3244.000000
3062.000000
4245.000000
4098.000000
4133.000000
4252.000000
4499.000000
4493.000000
4547.000000
4491.000000
