5809.000000
5809.000000
5853.000000
5853.000000
5853.000000
5853.000000
5870.000000
5853.000000
5813.000000
5796.000000
5789.000000
5708.000000
5708.000000
5681.000000
5628.000000
5549.000000
5592.000000
5967.000000
6007.000000
6026.000000
6001.000000
6044.000000
5994.000000
6045.000000
6048.000000
2422.000000
5987.000000
5954.000000
5903.000000
5860.000000
5792.000000
5763.000000
5704.000000
5656.000000
6050.000000
4528.000000
4386.000000
5800.000000
5828.000000
6220.000000
3006.000000
4530.000000
5774.000000
5583.000000
6040.000000
6094.000000
6053.000000
5966.000000
5919.000000
5875.000000
5841.000000
4336.000000
4119.000000
6211.000000
6307.000000
6276.000000
3818.000000
5440.000000
4523.000000
1907.000000
4807.000000
6235.000000
6304.000000
6234.000000
6175.000000
6107.000000
6046.000000
6038.000000
3929.000000
5249.000000
4151.000000
989.000000
5729.000000
7990.000000
5769.000000
6467.000000
5498.000000
6714.000000
4974.000000
6381.000000
6377.000000
6527.000000
6382.000000
6375.000000
6259.000000
1958.000000
4693.000000
7097.000000
7085.000000
6910.000000
6665.000000
4971.000000
4859.000000
5454.000000
9097.000000
2482.000000
5925.000000
5886.000000
6365.000000
6319.000000
6277.000000
6190.000000
2078.000000
2656.000000
6113.000000
6701.000000
6741.000000
6792.000000
6673.000000
6697.000000
6634.000000
2025.000000
1458.000000
5047.000000
4163.000000
3419.000000
6400.000000
6366.000000
6290.000000
3114.000000
3356.000000
5882.000000
6721.000000
6701.000000
6721.000000
6721.000000
6745.000000
6701.000000
6689.000000
1537.000000
3228.000000
4512.000000
4098.000000
5211.000000
6200.000000
6435.000000
2257.000000
4513.000000
6619.000000
6823.000000
6833.000000
6833.000000
6798.000000
6798.000000
6754.000000
6754.000000
6725.000000
2557.000000
664.000000
3965.000000
1082.000000
3647.000000
4432.000000
