3947.000000
4017.000000
4020.000000
4112.000000
3988.000000
4053.000000
4050.000000
4136.000000
6182.000000
4482.000000
4244.000000
4485.000000
4347.000000
4151.000000
4258.000000
4250.000000
4292.000000
4631.000000
4636.000000
5551.000000
6724.000000
4067.000000
4077.000000
3987.000000
4096.000000
4429.000000
4139.000000
4089.000000
4141.000000
4379.000000
4293.000000
4294.000000
3024.000000
2464.000000
4163.000000
4294.000000
4284.000000
4344.000000
4432.000000
4482.000000
6673.000000
6740.000000
4334.000000
4263.000000
5609.000000
7141.000000
7280.000000
5248.000000
4217.000000
4292.000000
4250.000000
4577.000000
3300.000000
2726.000000
4314.000000
4299.000000
4297.000000
4377.000000
4374.000000
4388.000000
4500.000000
4493.000000
4639.000000
6357.000000
6154.000000
6038.000000
6094.000000
6004.000000
4929.000000
4373.000000
4370.000000
4429.000000
4053.000000
2963.000000
4395.000000
4433.000000
4421.000000
4421.000000
4471.000000
4421.000000
4509.000000
4599.000000
4658.000000
4672.000000
5003.000000
6742.000000
5383.000000
6236.000000
4823.000000
4615.000000
4550.000000
3246.000000
3327.000000
3453.000000
4598.000000
4637.000000
4638.000000
4686.000000
4704.000000
4783.000000
4830.000000
4844.000000
4962.000000
4948.000000
5199.000000
6060.000000
5723.000000
6827.000000
4866.000000
5312.000000
3596.000000
2979.000000
2946.000000
2350.000000
3297.000000
5130.000000
5203.000000
5125.000000
5171.000000
5251.000000
5354.000000
5531.000000
6020.000000
6118.000000
5999.000000
6038.000000
6921.000000
6888.000000
6755.000000
6896.000000
7073.000000
4296.000000
1759.000000
3087.000000
2294.000000
4277.000000
6118.000000
5631.000000
6513.000000
5879.000000
6187.000000
5837.000000
5987.000000
6061.000000
5918.000000
5950.000000
5994.000000
5520.000000
5839.000000
5854.000000
5773.000000
6895.000000
3912.000000
6625.000000
8586.000000
3149.000000
3849.000000
8552.000000
8634.000000
8544.000000
8634.000000
8555.000000
8452.000000
8040.000000
7745.000000
7695.000000
7614.000000
7524.000000
7711.000000
7653.000000
7326.000000
8200.000000
8358.000000
4760.000000
8435.000000
8403.000000
4574.000000
8502.000000
8545.000000
8587.000000
8472.000000
8398.000000
8453.000000
8084.000000
7928.000000
7687.000000
7726.000000
7974.000000
7761.000000
7555.000000
6833.000000
6817.000000
7019.000000
6988.000000
6580.000000
7137.000000
7242.000000
6700.000000
6928.000000
6822.000000
6897.000000
6892.000000
6807.000000
6819.000000
6882.000000
7129.000000
7159.000000
7269.000000
7316.000000
7413.000000
3771.000000
4230.000000
4399.000000
3705.000000
3819.000000
3069.000000
3791.000000
3954.000000
2446.000000
3722.000000
4141.000000
3973.000000
3797.000000
3517.000000
3849.000000
4190.000000
3960.000000
3375.000000
3859.000000
4256.000000
4017.000000
