145.000000
198.000000
136.000000
115.000000
179.000000
248.000000
283.000000
216.000000
483.000000
475.000000
301.000000
572.000000
920.000000
834.000000
675.000000
780.000000
688.000000
686.000000
634.000000
652.000000
857.000000
761.000000
916.000000
1791.000000
2071.000000
2208.000000
1647.000000
1303.000000
579.000000
1277.000000
1641.000000
1579.000000
250.000000
241.000000
196.000000
240.000000
203.000000
244.000000
282.000000
282.000000
562.000000
518.000000
333.000000
678.000000
1338.000000
1078.000000
704.000000
795.000000
744.000000
953.000000
1096.000000
1075.000000
844.000000
746.000000
601.000000
1355.000000
1942.000000
1813.000000
1111.000000
990.000000
845.000000
1360.000000
1481.000000
1453.000000
281.000000
288.000000
247.000000
305.000000
280.000000
252.000000
273.000000
318.000000
595.000000
570.000000
604.000000
994.000000
1164.000000
1145.000000
1147.000000
1168.000000
1236.000000
1176.000000
1229.000000
787.000000
424.000000
392.000000
415.000000
999.000000
1605.000000
1293.000000
940.000000
1219.000000
985.000000
1345.000000
1434.000000
1357.000000
319.000000
385.000000
362.000000
370.000000
370.000000
275.000000
260.000000
310.000000
585.000000
772.000000
1023.000000
1050.000000
831.000000
713.000000
880.000000
932.000000
953.000000
1297.000000
1556.000000
1520.000000
1372.000000
1245.000000
1099.000000
831.000000
794.000000
921.000000
1530.000000
1676.000000
1534.000000
1433.000000
1476.000000
1435.000000
401.000000
407.000000
370.000000
431.000000
366.000000
324.000000
268.000000
413.000000
670.000000
657.000000
548.000000
487.000000
319.000000
271.000000
341.000000
2758.000000
4010.000000
3934.000000
3638.000000
3434.000000
3444.000000
3523.000000
3603.000000
3549.000000
3364.000000
2828.000000
2581.000000
1817.000000
1873.000000
1908.000000
1742.000000
1634.000000
419.000000
472.000000
581.000000
557.000000
616.000000
736.000000
1202.000000
752.000000
237.000000
159.000000
201.000000
302.000000
286.000000
265.000000
1311.000000
2384.000000
2888.000000
3644.000000
3354.000000
3240.000000
3122.000000
2953.000000
3018.000000
2923.000000
2880.000000
3133.000000
3406.000000
3546.000000
3019.000000
2216.000000
1976.000000
1701.000000
600.000000
470.000000
444.000000
535.000000
685.000000
1212.000000
586.000000
117.000000
161.000000
261.000000
240.000000
248.000000
628.000000
1882.000000
1948.000000
1270.000000
2425.000000
3411.000000
3075.000000
2580.000000
2303.000000
1925.000000
1754.000000
1548.000000
1326.000000
1415.000000
1495.000000
1967.000000
3026.000000
3155.000000
2146.000000
1562.000000
1872.000000
863.000000
658.000000
664.000000
758.000000
261.000000
70.000000
88.000000
146.000000
192.000000
243.000000
1651.000000
2579.000000
2116.000000
2563.000000
929.000000
1699.000000
2740.000000
2721.000000
2200.000000
1815.000000
1750.000000
1761.000000
1821.000000
1747.000000
1557.000000
1427.000000
1570.000000
1747.000000
2631.000000
2274.000000
2399.000000
4013.000000
3318.000000
1544.000000
610.000000
202.000000
127.000000
77.000000
78.000000
111.000000
225.000000
1672.000000
3825.000000
3645.000000
3554.000000
3722.000000
1325.000000
802.000000
2217.000000
2007.000000
1840.000000
1887.000000
1842.000000
1837.000000
1763.000000
1476.000000
754.000000
373.000000
658.000000
1354.000000
1842.000000
1877.000000
2324.000000
2501.000000
3152.000000
2090.000000
418.000000
45.000000
59.000000
96.000000
140.000000
123.000000
1094.000000
3402.000000
3463.000000
3723.000000
3712.000000
3832.000000
3541.000000
2982.000000
1402.000000
1162.000000
1494.000000
1435.000000
1449.000000
1535.000000
1447.000000
1239.000000
706.000000
377.000000
312.000000
717.000000
1355.000000
1573.000000
1686.000000
534.000000
840.000000
846.000000
245.000000
66.000000
85.000000
108.000000
103.000000
130.000000
2087.000000
3287.000000
3185.000000
3527.000000
3558.000000
3725.000000
3383.000000
832.000000
289.000000
289.000000
576.000000
991.000000
1139.000000
1082.000000
966.000000
893.000000
556.000000
322.000000
380.000000
487.000000
633.000000
864.000000
1376.000000
1085.000000
519.000000
406.000000
365.000000
116.000000
119.000000
122.000000
90.000000
809.000000
2819.000000
3183.000000
3031.000000
2997.000000
3402.000000
3549.000000
3277.000000
1572.000000
144.000000
191.000000
222.000000
484.000000
823.000000
614.000000
589.000000
678.000000
576.000000
332.000000
546.000000
831.000000
702.000000
438.000000
758.000000
1621.000000
479.000000
319.000000
429.000000
109.000000
118.000000
131.000000
311.000000
2132.000000
2891.000000
3018.000000
2851.000000
2943.000000
3168.000000
3255.000000
3106.000000
3048.000000
257.000000
138.000000
147.000000
206.000000
370.000000
356.000000
500.000000
671.000000
525.000000
332.000000
591.000000
788.000000
1062.000000
832.000000
348.000000
755.000000
524.000000
577.000000
502.000000
166.000000
117.000000
227.000000
1262.000000
2667.000000
2773.000000
2657.000000
2591.000000
2823.000000
3001.000000
3022.000000
2952.000000
3490.000000
1415.000000
267.000000
194.000000
230.000000
316.000000
324.000000
707.000000
649.000000
446.000000
328.000000
638.000000
785.000000
975.000000
816.000000
319.000000
367.000000
530.000000
720.000000
817.000000
550.000000
359.000000
1712.000000
2288.000000
2467.000000
2390.000000
2366.000000
2397.000000
2595.000000
2695.000000
2661.000000
2767.000000
3446.000000
1303.000000
218.000000
98.000000
100.000000
209.000000
333.000000
1506.000000
1100.000000
554.000000
282.000000
548.000000
827.000000
810.000000
1196.000000
1032.000000
586.000000
595.000000
669.000000
853.000000
911.000000
794.000000
2005.000000
2491.000000
2192.000000
1986.000000
2018.000000
2087.000000
2245.000000
2323.000000
2401.000000
2795.000000
3244.000000
530.000000
177.000000
161.000000
115.000000
91.000000
104.000000
799.000000
906.000000
644.000000
689.000000
1048.000000
1361.000000
1564.000000
2010.000000
2142.000000
1339.000000
725.000000
527.000000
601.000000
844.000000
1027.000000
1031.000000
1983.000000
2419.000000
2103.000000
2000.000000
1999.000000
2007.000000
2096.000000
2432.000000
2877.000000
1762.000000
103.000000
85.000000
149.000000
99.000000
86.000000
152.000000
536.000000
1830.000000
2026.000000
2258.000000
2397.000000
2319.000000
2262.000000
2190.000000
2018.000000
2878.000000
2643.000000
2257.000000
1338.000000
928.000000
897.000000
965.000000
1078.000000
1360.000000
2099.000000
2323.000000
2326.000000
2351.000000
2292.000000
2318.000000
1335.000000
404.000000
243.000000
143.000000
155.000000
72.000000
129.000000
200.000000
613.000000
2581.000000
2336.000000
2433.000000
2268.000000
2016.000000
1817.000000
1570.000000
1284.000000
2374.000000
2494.000000
2842.000000
3084.000000
3050.000000
2615.000000
1936.000000
1517.000000
1513.000000
1010.000000
1044.000000
1167.000000
1219.000000
1092.000000
935.000000
830.000000
612.000000
541.000000
524.000000
587.000000
501.000000
233.000000
220.000000
852.000000
2353.000000
2013.000000
1662.000000
1369.000000
1062.000000
909.000000
765.000000
602.000000
2533.000000
2441.000000
2543.000000
2376.000000
2479.000000
2838.000000
2946.000000
2838.000000
2886.000000
2237.000000
1303.000000
892.000000
770.000000
879.000000
795.000000
733.000000
794.000000
730.000000
772.000000
749.000000
589.000000
228.000000
431.000000
1433.000000
1334.000000
1140.000000
965.000000
754.000000
720.000000
605.000000
527.000000
431.000000
2471.000000
2657.000000
2482.000000
2448.000000
2465.000000
2392.000000
2410.000000
2342.000000
2229.000000
2157.000000
1443.000000
630.000000
501.000000
390.000000
548.000000
408.000000
471.000000
476.000000
370.000000
332.000000
228.000000
133.000000
347.000000
683.000000
678.000000
506.000000
548.000000
799.000000
1021.000000
1130.000000
1173.000000
1133.000000
1642.000000
2129.000000
2344.000000
2382.000000
2284.000000
2233.000000
1855.000000
1457.000000
1090.000000
1019.000000
1080.000000
1101.000000
698.000000
493.000000
642.000000
1047.000000
648.000000
221.000000
70.000000
63.000000
66.000000
154.000000
312.000000
376.000000
469.000000
674.000000
539.000000
1023.000000
1474.000000
1531.000000
1541.000000
1494.000000
1496.000000
1648.000000
1628.000000
2121.000000
2075.000000
1508.000000
919.000000
1044.000000
1371.000000
1356.000000
1406.000000
1322.000000
1019.000000
684.000000
446.000000
523.000000
1240.000000
1583.000000
777.000000
985.000000
698.000000
179.000000
296.000000
492.000000
127.000000
500.000000
620.000000
1110.000000
1520.000000
1587.000000
1662.000000
1697.000000
1474.000000
1487.000000
1518.000000
1644.000000
1923.000000
1373.000000
1798.000000
1876.000000
1656.000000
1561.000000
1298.000000
1214.000000
1049.000000
836.000000
1068.000000
1985.000000
2465.000000
2094.000000
2057.000000
1687.000000
1762.000000
587.000000
325.000000
380.000000
335.000000
234.000000
710.000000
1126.000000
1453.000000
1519.000000
1599.000000
1652.000000
850.000000
856.000000
1313.000000
1347.000000
1331.000000
1674.000000
1721.000000
1738.000000
1695.000000
1724.000000
1533.000000
1341.000000
1241.000000
1201.000000
2291.000000
1544.000000
1540.000000
1802.000000
1904.000000
1903.000000
2002.000000
2213.000000
1892.000000
1362.000000
792.000000
264.000000
603.000000
1152.000000
1486.000000
1522.000000
1543.000000
1519.000000
806.000000
743.000000
776.000000
964.000000
1237.000000
1298.000000
1407.000000
1706.000000
1808.000000
1475.000000
1470.000000
1339.000000
1325.000000
1846.000000
1670.000000
1644.000000
1879.000000
1778.000000
1671.000000
1782.000000
2108.000000
2121.000000
2097.000000
2127.000000
2274.000000
1754.000000
1556.000000
1605.000000
1582.000000
1369.000000
1437.000000
1432.000000
1491.000000
1162.000000
1034.000000
997.000000
847.000000
961.000000
1107.000000
1185.000000
1336.000000
1293.000000
1333.000000
1266.000000
1482.000000
1405.000000
1871.000000
1882.000000
1891.000000
1817.000000
1772.000000
1551.000000
1532.000000
1478.000000
1528.000000
1599.000000
1686.000000
1566.000000
1845.000000
2196.000000
2585.000000
2052.000000
1474.000000
1379.000000
1857.000000
1513.000000
1270.000000
1220.000000
1052.000000
845.000000
895.000000
1031.000000
1027.000000
975.000000
1046.000000
885.000000
1177.000000
1536.000000
1454.000000
1685.000000
1657.000000
1858.000000
1788.000000
1850.000000
1868.000000
1449.000000
1369.000000
1509.000000
1515.000000
1798.000000
2256.000000
2048.000000
2192.000000
2820.000000
3016.000000
2557.000000
1873.000000
1587.000000
1269.000000
1255.000000
1390.000000
1288.000000
1238.000000
962.000000
974.000000
966.000000
908.000000
813.000000
811.000000
1004.000000
1041.000000
1323.000000
1129.000000
1344.000000
1449.000000
1568.000000
1675.000000
1864.000000
1993.000000
1690.000000
1556.000000
1603.000000
1483.000000
1923.000000
2513.000000
2733.000000
3232.000000
3450.000000
1964.000000
1672.000000
1461.000000
1514.000000
1564.000000
1510.000000
1537.000000
1447.000000
1159.000000
978.000000
895.000000
954.000000
832.000000
692.000000
699.000000
869.000000
923.000000
1081.000000
1135.000000
1305.000000
1495.000000
1519.000000
1569.000000
1707.000000
1555.000000
1459.000000
1483.000000
1542.000000
2207.000000
2758.000000
2788.000000
2890.000000
2317.000000
1953.000000
1476.000000
1559.000000
1503.000000
1540.000000
1613.000000
1629.000000
1622.000000
1499.000000
1310.000000
1171.000000
1097.000000
960.000000
920.000000
854.000000
744.000000
957.000000
1064.000000
1285.000000
1219.000000
1134.000000
1174.000000
1559.000000
1818.000000
1789.000000
1543.000000
1432.000000
1414.000000
1969.000000
2586.000000
3068.000000
