134
138
139
141
145
146
150
156
156
158
164
164
161
169
171
166
174
176
170
180
181
175
185
186
184
194
195
172
182
183
200
208
210
206
211
214
212
216
217
224
228
229
212
214
213
219
219
219
234
233
231
231
230
226
240
241
236
255
255
251
255
255
253
253
253
251
246
247
242
248
249
244
249
248
243
255
254
245
255
255
244
218
212
198
170
162
147
160
151
134
88
77
59
114
101
84
89
70
55
161
142
128
255
247
238
249
238
232
227
222
219
255
255
253
248
249
244
242
241
236
234
231
224
242
239
230
225
225
215
237
238
230
233
239
235
215
225
224
223
238
241
208
226
230
217
232
237
214
227
233
207
220
226
202
215
221
206
217
223
208
219
225
203
212
219
194
203
210
191
198
204
195
202
208
191
196
202
173
178
184
162
165
170
158
161
166
149
152
157
136
139
144
132
136
137
140
144
145
148
154
154
156
161
164
159
167
169
163
171
174
168
178
180
173
183
185
179
189
191
185
195
196
196
204
206
202
207
210
216
220
221
218
222
223
216
218
217
238
238
236
236
233
228
234
231
224
200
197
190
158
155
148
169
166
161
225
222
217
255
254
247
250
247
240
255
254
245
254
250
239
218
212
198
119
111
96
106
95
77
74
61
42
95
83
61
125
108
88
123
102
85
115
96
82
215
198
188
255
252
246
251
246
242
231
230
226
181
180
176
150
149
144
130
127
118
163
160
151
219
216
207
239
240
232
227
232
228
219
229
228
219
234
237
223
241
245
213
228
233
209
222
228
201
214
220
195
208
214
198
209
215
199
210
216
194
203
210
185
194
201
181
188
196
185
192
198
180
185
191
164
169
175
153
158
164
150
153
160
140
143
150
128
131
138
131
135
138
139
143
146
147
152
155
155
160
164
157
165
168
161
170
175
167
176
181
170
181
185
173
182
187
195
205
207
185
193
196
188
193
196
201
205
206
193
197
198
200
202
201
218
217
213
223
216
208
143
135
124
87
79
68
94
86
75
105
97
86
107
99
88
149
141
130
211
203
190
252
244
229
255
254
237
167
156
138
121
109
87
114
98
75
100
83
57
119
102
74
131
111
86
135
113
92
80
59
42
160
144
131
228
218
208
192
185
179
147
144
139
111
108
103
93
90
83
75
71
62
61
57
46
132
128
117
187
187
179
214
216
211
228
236
236
213
224
226
219
234
239
209
224
229
204
219
226
194
209
216
187
200
208
186
199
207
188
198
207
183
193
202
176
184
194
169
177
187
173
180
188
167
174
182
153
160
168
142
149
157
139
143
152
131
135
144
120
124
133
133
136
141
140
143
148
149
154
158
154
161
167
158
167
172
162
171
178
167
178
184
171
182
188
167
176
183
190
199
204
183
190
196
194
199
203
203
207
210
210
211
213
224
226
225
202
199
194
140
130
118
103
87
71
77
61
45
86
73
56
95
82
65
92
79
62
103
90
73
128
115
98
165
152
133
195
180
157
120
104
79
139
122
94
146
125
96
128
105
74
107
84
52
109
84
53
133
107
82
88
66
45
123
106
90
144
132
118
111
102
93
92
88
79
87
83
74
87
83
74
77
70
60
35
27
16
50
44
32
94
90
81
156
157
151
222
226
225
225
235
236
201
215
218
205
220
227
200
214
223
190
204
213
181
195
204
177
191
200
178
191
200
173
186
195
167
177
187
161
171
181
163
171
181
158
166
176
146
154
164
137
145
155
132
139
149
124
131
141
115
122
132
135
140
146
142
147
153
152
157
163
157
164
172
160
169
176
164
172
182
168
178
187
173
183
192
181
189
199
188
197
204
191
198
204
204
209
213
196
200
203
210
211
213
213
213
213
139
134
128
78
62
46
99
79
55
107
87
63
103
85
61
115
97
73
133
115
91
126
108
84
102
84
60
104
87
61
115
96
66
126
103
72
130
105
72
171
145
110
122
94
57
120
90
52
141
111
75
145
118
88
119
95
71
100
82
60
91
78
61
100
91
76
106
100
86
89
83
71
82
74
63
63
53
41
70
60
48
47
37
25
41
32
23
80
77
70
168
168
166
232
238
238
207
218
222
196
211
218
191
208
218
182
199
209
173
190
200
168
185
195
169
183
194
165
179
190
159
171
183
154
166
178
154
167
176
151
161
171
141
151
161
132
142
152
125
135
145
118
126
137
112
120
131
136
141
147
143
147
156
150
157
165
157
164
174
160
168
178
164
172
183
168
178
188
172
182
192
186
194
205
182
189
199
194
198
207
202
205
212
188
189
194
188
188
190
160
160
160
82
75
67
87
69
49
83
59
33
88
64
38
105
84
57
117
96
69
114
94
67
112
92
65
116
95
66
109
88
57
97
74
42
121
95
60
146
118
81
179
150
110
169
137
96
151
118
75
180
148
107
158
129
95
136
111
81
94
74
49
78
63
40
97
86
68
94
85
70
74
65
50
75
66
51
54
42
26
69
56
40
46
32
19
53
41
29
62
55
47
88
87
83
172
176
175
214
224
226
183
198
205
180
197
207
175
192
202
167
184
194
163
180
190
162
179
189
158
175
185
154
168
179
150
164
175
148
162
175
143
157
170
136
148
162
127
139
153
119
131
145
111
123
137
106
118
132
131
138
146
138
145
153
147
154
164
153
161
171
156
164
175
159
168
181
164
173
186
169
178
191
171
179
192
171
177
189
188
192
201
197
200
207
199
200
205
175
175
177
119
117
118
91
84
76
98
80
58
101
75
48
91
67
39
85
61
33
93
72
43
107
86
57
104
83
54
90
69
38
96
73
41
84
59
26
93
67
30
152
124
85
164
135
93
196
165
121
156
123
78
156
123
80
151
121
83
132
106
73
101
80
51
83
67
41
69
57
35
56
45
27
60
48
32
68
55
38
63
48
29
49
34
15
39
23
7
65
52
36
73
63
53
49
44
38
95
95
93
189
194
197
174
189
196
173
191
201
171
189
201
165
183
195
163
181
193
162
180
192
158
176
188
153
169
182
149
165
178
146
162
177
141
157
172
136
149
165
127
140
156
116
129
145
108
121
137
105
118
134
128
135
143
135
142
150
143
151
161
149
157
168
152
161
174
156
165
180
161
170
185
165
174
189
176
183
199
180
186
198
187
191
202
184
187
194
191
190
195
131
129
132
46
45
43
69
60
51
96
78
56
91
67
39
82
58
30
84
63
34
95
74
45
97
78
48
82
63
33
65
44
13
88
68
35
88
65
31
130
104
69
156
128
89
186
157
117
187
156
112
189
156
111
153
120
77
145
113
74
124
96
59
111
88
56
97
80
52
63
48
25
53
40
21
64
51
32
48
33
14
59
42
22
63
45
25
67
49
29
53
36
20
61
49
37
56
47
40
65
61
58
150
154
155
173
186
194
172
190
200
172
190
202
168
186
198
166
184
196
165
183
195
161
179
191
155
173
187
152
168
183
148
164
179
143
159
174
136
152
167
127
143
158
116
132
148
108
124
140
105
121
137
126
135
140
130
139
146
137
145
155
143
153
163
150
159
172
156
165
180
163
172
189
168
177
194
173
180
196
173
179
193
186
190
201
191
191
199
159
158
163
59
57
58
44
40
37
62
53
44
89
73
50
84
63
36
83
63
36
83
63
36
73
56
28
72
55
27
73
56
28
66
49
21
91
72
42
104
83
52
128
105
71
151
127
91
171
146
106
186
158
118
176
147
105
154
122
81
144
115
75
132
104
67
109
86
52
104
85
55
82
66
41
80
65
44
47
32
11
63
48
27
66
48
26
73
52
31
69
48
27
62
44
24
61
45
30
59
49
39
77
70
64
102
104
103
181
194
200
162
180
190
173
191
201
160
178
188
177
195
207
167
185
197
163
181
195
160
178
192
154
171
187
152
169
185
144
161
177
135
152
168
129
146
162
120
137
155
105
122
140
90
107
125
125
134
139
130
139
146
137
147
156
145
155
165
153
162
175
161
170
187
169
177
196
174
182
201
187
194
212
188
194
208
195
199
210
192
193
198
141
141
143
63
62
60
64
61
56
86
78
67
86
71
50
84
64
39
85
68
42
87
69
45
77
61
36
73
57
32
80
64
39
86
70
44
98
81
53
108
89
59
117
97
64
147
124
90
170
146
108
149
124
84
135
107
67
159
130
90
139
110
70
134
106
69
118
95
61
111
92
62
91
75
50
89
74
51
56
41
20
69
53
30
74
54
30
84
62
39
81
59
36
70
49
28
58
41
25
45
33
19
52
43
34
70
71
66
167
178
182
176
193
203
177
194
204
167
185
195
176
194
206
164
182
194
159
177
191
155
173
187
155
172
188
152
169
185
145
162
178
136
153
169
129
148
165
120
139
156
105
124
141
90
109
126
128
139
141
133
144
148
142
152
161
151
161
171
158
170
182
168
179
196
178
186
205
184
192
211
192
199
217
200
206
220
202
206
215
191
192
197
107
107
107
48
47
43
55
52
45
72
64
51
80
65
46
84
66
42
92
74
50
95
79
56
84
68
45
73
58
35
84
69
46
105
89
64
92
76
50
121
104
76
115
94
63
117
94
62
147
123
87
134
108
71
110
82
43
126
98
59
121
91
53
125
97
60
117
94
62
102
83
53
85
69
44
85
70
47
58
42
19
66
48
26
85
65
40
98
76
52
100
76
52
87
65
42
67
50
30
44
31
14
36
26
14
43
43
35
125
135
137
182
196
205
175
189
198
175
192
202
177
194
204
168
184
197
167
183
196
165
181
196
156
174
188
153
171
185
146
163
179
138
155
171
130
149
166
122
141
158
107
125
145
92
110
130
135
146
148
141
152
154
149
160
166
158
168
177
165
177
189
175
187
201
185
194
211
192
199
217
187
193
209
202
206
218
206
209
218
197
198
202
94
93
91
43
40
33
42
38
27
45
37
22
76
59
39
91
70
49
103
85
63
110
92
70
95
79
56
73
57
34
78
62
39
103
87
62
93
76
50
114
94
67
111
90
61
112
89
57
134
109
76
134
108
71
111
83
44
102
72
34
103
73
37
112
83
49
108
85
54
83
63
36
68
52
27
69
54
31
52
36
13
61
43
19
87
67
42
102
81
54
107
83
57
99
78
51
84
68
43
59
46
27
39
30
13
35
32
23
82
90
92
181
194
202
174
187
195
184
198
207
180
194
203
171
188
198
172
189
199
170
186
199
159
175
190
156
174
188
149
166
182
140
157
173
133
152
169
125
144
161
110
128
148
96
114
134
137
151
151
142
156
157
150
164
167
158
171
177
167
180
189
175
187
201
185
194
211
191
198
216
186
192
208
201
205
217
209
212
219
208
208
210
108
107
102
54
51
42
47
43
31
48
39
22
78
60
38
104
82
59
121
99
76
125
105
81
112
92
68
77
59
35
66
48
24
89
69
44
92
72
47
76
55
28
108
83
53
149
122
92
145
116
82
127
97
61
127
95
57
126
94
56
101
71
37
105
78
48
105
81
53
68
51
25
55
40
17
54
39
18
49
34
11
63
47
22
84
64
37
98
77
48
105
81
53
103
82
53
98
81
55
78
63
40
48
39
21
34
32
20
56
64
64
176
187
193
184
195
201
192
205
213
182
195
203
173
187
196
173
187
198
167
181
194
163
179
192
160
176
191
152
169
185
144
161
177
138
155
173
130
147
165
114
133
150
100
119
136
136
150
150
141
155
155
148
162
163
156
169
175
163
176
185
171
183
195
180
189
204
186
193
209
195
201
215
201
205
216
206
209
214
203
203
203
117
116
111
47
43
32
42
36
22
54
43
25
90
70
46
123
97
74
134
110
86
132
108
84
122
100
76
87
65
41
61
39
15
70
49
22
64
40
14
63
37
10
118
91
61
160
129
98
135
102
67
128
94
57
150
115
77
146
112
75
104
73
42
105
78
51
107
85
61
66
48
24
53
38
17
40
27
8
43
28
7
63
47
22
88
68
41
103
82
53
109
86
55
107
86
57
105
88
60
88
74
48
59
51
28
42
40
27
38
44
44
151
162
168
190
201
207
197
208
214
190
200
209
182
195
203
183
196
205
174
188
199
168
182
195
164
180
193
157
173
188
148
165
181
142
159
177
135
152
170
119
138
155
105
124
141
135
150
147
140
155
152
147
161
162
155
169
172
163
176
185
170
182
194
180
189
204
186
193
209
199
205
219
198
202
213
204
207
212
198
198
198
128
128
120
31
27
15
28
22
6
60
49
29
102
80
56
135
107
83
135
107
83
125
97
73
123
97
72
96
70
45
61
35
10
59
33
6
57
30
1
80
51
21
125
94
63
146
112
77
132
96
60
142
104
65
159
120
79
148
113
75
108
77
46
106
80
55
117
95
72
77
61
38
64
49
30
35
22
3
38
23
2
61
45
22
90
70
43
108
87
58
114
91
60
107
86
55
101
84
56
86
72
45
62
55
29
50
48
33
28
34
32
124
133
138
199
208
213
200
209
216
199
210
216
196
206
215
196
209
218
184
196
208
171
185
196
169
183
196
160
176
191
153
169
185
146
163
179
138
155
171
124
141
159
110
127
145
138
150
150
143
155
155
149
163
164
157
170
176
165
178
187
173
185
197
181
193
207
188
197
210
193
201
212
193
200
208
208
212
215
204
205
200
151
148
139
34
31
16
35
30
10
82
70
48
107
85
61
138
112
87
128
102
77
112
86
61
117
91
66
97
71
46
60
34
9
52
26
0
94
67
38
92
63
33
108
78
44
144
111
76
158
124
86
145
107
68
142
103
62
161
123
84
117
84
51
113
86
57
132
108
82
94
76
52
80
63
43
41
26
5
38
23
0
62
46
21
83
63
36
107
84
53
112
89
57
101
80
49
90
73
43
75
61
34
59
49
24
52
49
32
35
41
39
116
125
130
210
219
224
202
213
219
203
214
220
198
208
217
195
208
217
181
194
203
173
187
198
171
185
196
164
178
191
155
171
186
149
165
180
142
158
174
127
143
159
113
129
145
142
151
158
147
156
163
154
164
173
159
172
181
166
178
190
173
187
198
180
194
205
185
199
208
196
209
217
192
202
204
217
223
221
205
206
198
89
87
74
36
31
12
48
40
19
105
93
69
117
99
75
96
76
51
103
83
58
97
77
52
95
75
50
90
70
45
62
42
17
65
44
17
103
79
51
102
77
47
151
125
92
164
136
99
128
98
60
127
94
53
143
108
66
135
100
58
112
77
37
117
85
47
127
101
68
147
124
93
116
99
71
58
42
16
43
27
1
52
35
7
86
65
34
93
70
38
101
76
45
92
69
37
105
86
56
67
52
23
55
43
17
52
46
30
38
44
44
177
188
194
206
217
223
198
211
219
209
222
230
196
209
217
200
213
222
189
202
211
178
191
200
174
186
198
169
181
193
163
177
190
156
170
183
145
158
174
131
144
160
122
135
151
145
152
162
150
157
167
157
165
176
163
173
183
168
180
192
175
189
200
180
197
207
187
201
210
199
212
218
201
213
213
196
202
198
199
202
193
87
85
70
53
46
27
57
46
24
95
80
57
80
64
39
74
56
32
93
77
52
95
79
54
92
76
51
83
67
42
56
39
13
60
40
13
111
90
61
117
94
63
163
138
105
153
127
90
141
111
73
130
98
57
155
122
79
148
113
71
105
71
26
109
76
35
131
103
66
158
133
100
145
126
96
86
69
41
47
30
2
63
44
14
98
77
46
98
75
43
107
82
49
89
66
34
90
69
40
90
73
47
73
58
35
44
38
22
85
91
91
190
203
211
208
221
229
203
216
224
208
221
229
197
210
218
204
217
226
189
202
211
182
195
204
178
191
200
173
185
197
168
180
192
161
173
187
150
162
176
137
149
163
127
139
153
148
155
165
153
160
170
159
167
178
166
176
186
171
183
195
177
191
202
182
199
207
189
204
211
186
199
205
214
226
226
194
200
196
202
205
196
74
72
59
35
30
11
44
36
15
81
69
45
50
34
9
58
41
15
85
67
43
92
74
50
91
73
49
84
66
42
66
49
23
69
49
22
132
111
82
145
122
90
171
147
111
137
109
72
140
111
71
120
88
47
144
111
68
135
101
56
102
67
25
101
68
27
126
98
61
148
123
90
157
138
108
108
91
63
44
27
0
68
49
19
102
81
50
103
80
48
114
89
58
93
70
39
78
58
31
105
89
64
75
63
41
40
37
22
147
155
155
207
220
226
213
226
234
210
223
231
207
220
228
200
213
221
209
222
231
190
203
212
188
201
210
184
197
206
178
190
202
173
185
197
166
178
190
156
168
180
143
155
167
134
146
158
151
158
168
154
162
172
160
170
180
167
177
187
172
184
196
178
192
203
183
200
208
190
205
212
184
197
203
217
229
229
199
205
203
211
214
207
100
98
85
34
28
12
49
40
22
78
66
44
46
30
5
58
41
15
76
58
34
84
66
42
88
70
46
90
73
47
86
69
41
88
69
39
139
118
87
166
143
111
163
137
102
132
104
65
143
111
72
134
101
58
145
111
66
136
102
57
111
76
34
108
74
36
125
97
60
124
99
68
147
128
98
121
104
76
47
30
2
71
51
24
91
70
39
105
82
50
115
92
60
101
80
49
80
63
35
96
81
58
60
49
29
75
73
60
197
205
205
215
228
234
213
226
234
216
229
237
208
221
229
204
217
225
213
226
235
192
205
214
193
206
215
188
201
210
182
194
206
177
189
201
170
182
194
160
172
184
148
160
172
140
152
164
152
161
168
157
165
175
163
173
182
170
180
190
174
187
196
180
194
203
187
201
210
191
206
213
203
217
220
208
218
219
193
202
199
214
217
210
161
161
149
73
70
55
72
65
47
70
59
39
50
34
9
64
44
19
69
49
24
78
58
33
90
70
45
99
79
54
101
81
54
92
73
43
126
105
74
171
146
113
144
118
83
144
114
76
150
118
77
166
133
90
162
128
83
155
121
76
121
86
46
123
91
53
130
101
67
109
86
55
134
114
87
128
112
86
61
44
18
74
54
27
82
61
32
103
82
51
103
82
51
104
85
55
90
74
48
73
61
39
61
54
36
152
152
142
220
228
230
213
226
232
212
225
231
218
231
237
211
224
232
209
222
230
214
227
235
195
208
216
196
209
218
191
204
213
184
197
206
179
192
201
172
184
196
163
175
187
152
164
176
144
156
168
156
165
172
160
169
176
166
176
185
173
183
192
177
190
199
183
197
206
190
204
213
195
208
216
206
217
221
202
212
213
203
212
209
212
217
211
188
190
179
94
92
79
68
62
48
48
39
21
49
33
10
65
45
20
63
43
18
74
54
29
90
70
45
99
79
54
103
83
56
83
62
33
118
95
64
168
143
110
134
108
73
155
125
87
146
114
73
162
127
85
150
113
69
136
102
57
117
84
43
122
92
56
123
97
64
103
82
53
119
102
76
116
100
74
69
52
26
71
54
28
84
65
35
102
81
52
90
69
40
98
81
53
93
78
55
61
52
34
102
99
84
226
227
219
222
232
233
211
224
230
213
226
232
218
231
237
214
227
235
213
226
234
211
224
232
201
214
222
198
211
220
193
206
215
186
199
208
180
193
202
174
186
198
165
177
189
155
167
179
147
159
171
161
170
177
165
174
181
171
181
190
177
187
196
181
194
202
188
201
209
195
208
216
199
212
218
199
210
214
207
217
218
215
223
223
216
221
217
194
195
187
125
125
115
65
63
51
34
26
11
53
37
14
72
52
27
63
43
18
72
52
27
86
66
41
97
77
52
105
85
58
81
60
31
100
77
46
152
127
94
138
112
77
163
133
95
150
118
77
146
111
69
144
107
63
124
90
45
118
86
47
113
84
50
105
80
49
100
79
52
99
81
57
83
67
42
64
48
23
71
54
28
96
76
49
99
78
51
83
63
36
94
78
53
87
76
56
69
63
47
160
160
148
241
246
239
219
229
230
214
228
231
218
231
237
217
230
236
216
229
235
214
227
233
207
220
228
207
220
228
200
213
221
195
208
216
188
201
210
181
194
203
176
189
198
167
180
189
157
170
179
150
163
172
164
173
180
168
177
184
174
184
193
180
190
199
185
198
206
191
204
212
198
211
219
202
215
221
208
219
223
213
223
224
210
218
218
217
223
219
214
216
211
190
191
183
92
92
82
37
31
17
61
46
25
82
62
37
66
46
21
70
50
25
82
62
37
94
74
49
112
92
67
89
69
42
70
49
18
127
102
71
142
116
81
173
145
106
173
141
100
157
124
81
176
142
97
157
122
80
132
100
62
110
84
51
92
69
38
99
79
52
86
68
44
56
40
17
61
45
22
77
59
35
104
84
59
93
73
48
83
66
40
95
80
57
82
73
55
81
77
65
200
201
193
222
228
224
217
229
229
220
234
237
223
236
242
216
229
235
217
230
236
214
227
233
203
216
224
211
224
232
201
214
222
196
209
217
189
202
211
183
196
205
177
190
199
169
182
191
159
172
181
152
165
174
167
178
184
172
183
189
178
189
195
185
196
202
188
201
207
193
206
212
199
212
218
202
215
221
206
217
221
207
217
218
219
227
227
216
222
220
209
214
210
213
215
210
152
155
148
48
44
33
75
62
43
48
30
6
81
63
39
72
54
30
73
55
31
100
82
58
122
105
79
88
68
41
69
48
19
85
62
30
153
127
94
166
138
101
168
139
99
162
130
89
158
125
80
141
108
67
119
89
53
110
85
54
96
75
46
90
70
45
56
40
17
34
19
0
62
46
23
79
61
37
94
74
49
108
88
63
83
67
42
86
74
52
99
93
77
210
210
200
228
233
227
221
231
230
224
235
237
221
235
238
220
234
237
220
234
237
219
233
236
215
228
234
210
223
229
206
219
225
202
215
223
196
209
217
190
203
211
186
199
207
182
195
204
174
187
196
162
175
184
153
166
175
169
180
186
174
185
191
181
192
198
187
198
204
190
203
209
195
208
214
200
213
219
206
217
221
209
220
222
208
218
220
218
228
229
217
225
225
215
221
219
223
227
226
180
185
181
100
97
88
65
52
35
69
53
30
78
62
39
64
48
25
66
50
27
107
91
66
107
91
66
88
71
45
62
43
13
70
49
18
128
103
70
147
121
86
167
139
100
154
125
85
138
107
63
122
90
51
94
65
33
91
65
38
85
63
39
84
66
42
57
40
20
36
21
0
63
46
26
78
62
39
99
81
57
102
84
60
80
64
41
97
86
68
154
150
138
231
234
227
229
238
235
219
231
231
224
238
239
223
237
240
222
236
239
221
235
238
220
234
237
216
230
233
211
224
230
207
220
226
202
215
223
197
210
218
191
204
212
187
200
208
183
196
205
175
188
197
164
177
186
156
169
178
172
185
191
176
189
195
182
196
199
188
202
205
195
206
210
200
211
215
205
216
220
208
219
223
216
226
228
211
221
223
218
228
229
220
228
230
218
226
226
230
236
236
209
215
215
162
161
156
51
39
23
78
63
42
69
54
33
57
42
21
59
44
23
106
91
68
81
66
43
70
54
29
43
27
1
76
57
27
134
114
81
142
119
85
155
129
92
141
113
74
141
112
72
159
129
91
136
109
79
121
97
71
97
77
53
80
62
40
44
29
8
27
12
0
62
47
26
84
68
45
98
80
58
102
84
62
86
71
52
107
98
81
215
213
201
241
246
240
226
238
238
221
236
239
226
240
241
225
239
240
224
238
239
223
237
238
221
235
238
218
232
235
213
227
230
209
222
228
203
216
222
198
211
217
193
206
214
188
201
209
184
197
205
176
189
197
167
180
188
159
172
180
176
189
195
181
194
200
187
201
204
192
206
209
199
210
214
203
214
218
208
219
223
211
222
226
221
231
233
214
224
226
218
228
229
220
230
231
217
225
227
224
232
234
221
229
231
203
205
200
66
58
43
68
55
36
63
50
31
57
46
26
61
50
30
93
80
61
66
54
32
45
30
7
48
34
8
78
62
36
126
107
77
134
114
81
171
147
111
156
130
93
119
91
52
100
72
35
96
71
41
93
72
45
89
69
45
86
69
49
55
40
21
30
17
0
54
39
20
66
51
30
86
69
49
103
86
66
92
79
62
107
99
86
237
237
229
232
238
236
222
236
239
227
245
249
227
242
245
227
241
242
226
240
241
225
239
240
223
237
240
219
233
236
214
228
231
210
224
227
203
216
222
199
212
218
194
207
215
189
202
210
184
197
205
176
189
197
168
181
189
162
175
183
181
195
198
185
199
202
191
205
208
196
210
213
202
213
215
206
217
219
211
221
223
214
224
226
220
230
232
217
227
229
219
229
231
221
231
233
218
228
230
219
229
231
222
232
234
224
228
227
126
120
108
63
52
34
64
53
35
62
53
35
67
58
40
73
64
46
69
58
40
35
24
4
34
22
0
94
80
54
146
129
101
118
99
67
120
97
63
105
81
45
89
63
26
86
60
25
88
64
36
87
65
41
83
65
43
84
67
47
54
39
20
28
15
0
51
36
17
62
47
28
78
61
41
97
82
63
82
70
54
102
96
84
234
235
229
226
234
234
225
240
245
228
247
253
229
244
247
229
243
244
227
241
242
226
240
241
224
238
239
220
234
235
215
229
232
210
224
227
203
216
222
200
213
219
195
208
214
189
202
208
182
195
203
174
187
195
167
180
188
163
176
184
184
198
201
188
202
205
194
208
211
198
212
215
204
215
217
207
218
220
213
223
225
215
225
227
217
227
229
219
229
231
221
231
233
223
232
237
223
232
237
222
231
236
225
234
239
233
239
239
187
183
172
75
66
49
60
51
34
59
52
34
62
55
37
54
47
29
63
56
38
39
30
12
29
18
0
66
54
30
116
100
74
114
97
67
155
135
102
180
157
123
174
150
114
155
130
97
131
110
83
119
99
75
97
79
59
81
66
47
41
28
11
18
5
0
48
33
14
65
50
31
80
63
43
88
73
54
67
55
39
122
115
105
232
234
229
235
245
246
230
247
254
225
244
251
230
245
248
230
244
245
228
242
243
227
241
242
225
239
240
220
234
235
215
229
232
210
224
227
203
216
222
200
213
219
194
207
213
187
200
206
179
192
200
171
184
192
164
177
185
161
174
182
185
200
203
189
204
207
195
209
212
200
214
217
205
216
218
208
219
221
213
223
225
216
226
228
216
226
228
223
233
235
223
232
237
223
232
237
226
237
243
225
236
242
223
234
240
231
239
239
219
217
205
109
101
86
61
53
38
59
53
37
59
53
37
51
45
29
44
39
20
45
38
19
13
5
0
56
45
23
134
120
94
136
121
92
130
111
79
108
88
55
90
67
33
71
48
16
85
64
37
87
66
45
84
67
47
86
71
52
52
39
22
23
10
0
41
26
7
49
34
15
85
68
48
86
71
52
73
64
49
176
172
161
240
242
239
238
249
251
229
248
255
225
245
254
230
245
250
230
244
245
228
242
243
227
241
242
225
239
240
220
234
235
214
228
231
210
224
227
202
216
219
199
213
216
194
207
213
185
198
204
176
189
195
167
180
186
161
174
182
158
171
179
188
202
202
191
205
205
196
210
210
200
214
214
206
218
218
209
220
222
213
223
225
216
226
228
218
227
232
227
236
241
225
234
239
221
230
235
226
237
243
225
236
242
218
231
237
226
234
236
226
226
218
141
137
125
67
63
51
69
66
51
66
63
46
63
57
41
29
24
5
52
45
27
40
31
13
44
33
13
105
90
67
118
102
76
120
101
71
108
88
55
110
87
53
103
80
46
72
51
22
73
53
28
70
54
31
73
58
39
43
30
14
20
6
0
42
29
13
54
41
25
84
71
55
89
77
63
95
87
76
230
227
220
245
249
248
233
242
247
223
240
250
232
250
255
230
244
253
229
244
251
227
242
249
226
241
246
223
238
243
220
233
239
214
227
233
210
223
229
202
216
219
199
213
216
193
207
210
184
198
201
173
187
190
164
178
181
158
172
175
158
169
173
186
199
189
193
206
197
199
212
203
200
213
206
203
215
213
210
222
222
216
227
229
218
229
233
213
224
230
217
228
234
223
234
240
226
237
243
227
238
242
225
236
240
224
235
239
224
234
235
230
235
231
184
185
177
62
62
52
63
64
50
72
70
55
60
57
40
48
43
24
34
27
9
33
21
7
42
29
13
118
101
85
112
94
72
122
101
74
166
143
111
166
144
105
119
97
58
115
95
60
99
80
48
61
44
18
83
66
48
60
44
31
31
17
8
21
8
0
46
35
29
88
79
72
85
78
70
143
140
133
255
255
251
237
241
242
236
243
249
242
250
255
227
239
253
227
240
255
226
242
255
220
236
252
221
237
252
227
243
255
219
233
246
208
222
233
210
225
232
202
215
221
196
210
213
196
207
209
179
191
191
146
158
156
133
145
141
143
155
151
153
164
160
191
204
187
193
205
191
192
204
192
190
202
192
194
205
199
204
214
213
213
223
224
215
225
227
219
228
233
219
228
235
220
229
234
221
230
235
222
232
234
222
232
234
222
232
233
222
230
230
230
235
229
202
205
196
121
123
110
45
46
30
68
67
49
61
58
39
61
54
35
50
41
24
53
39
26
21
5
0
102
84
70
146
125
108
140
118
94
106
83
52
82
58
20
72
50
11
69
49
12
88
69
36
66
49
23
72
53
36
49
31
21
40
25
18
43
29
26
58
47
43
69
62
56
88
83
77
176
176
168
250
251
245
233
235
232
236
240
243
237
242
248
237
244
254
236
248
255
233
246
255
223
237
250
219
231
245
222
234
246
215
225
234
208
219
225
214
225
227
209
219
220
191
202
198
182
191
186
168
178
170
142
152
143
127
137
126
131
139
126
132
140
127
176
183
165
173
180
164
168
174
160
168
174
162
181
187
177
201
206
200
215
219
218
220
224
225
225
229
232
221
225
228
218
222
225
218
222
225
220
224
225
221
225
226
220
224
223
219
221
216
217
219
208
218
219
205
178
177
159
74
72
51
75
70
48
85
79
55
70
62
41
50
39
21
70
57
41
35
19
6
95
77
63
117
96
79
113
91
68
99
75
47
97
74
40
105
83
46
98
79
46
69
52
22
48
30
6
96
77
60
87
69
59
34
19
12
22
9
1
56
46
37
73
65
54
137
131
117
240
237
222
248
246
233
233
233
223
234
235
229
225
227
224
236
240
239
230
236
236
231
236
239
225
231
231
221
227
227
223
227
226
214
219
213
210
213
206
219
222
213
213
216
205
184
188
174
167
169
155
159
162
145
143
144
126
126
128
107
117
119
97
110
112
90
164
166
144
158
160
138
150
152
131
152
153
135
170
171
157
194
194
182
209
209
201
214
213
208
212
211
207
210
209
205
210
209
205
215
214
210
221
220
215
222
221
216
217
216
211
211
211
201
213
210
193
226
221
199
190
186
159
134
129
100
75
68
39
95
88
59
80
70
43
52
40
18
44
28
12
48
30
16
116
97
83
114
95
80
119
98
77
133
112
85
132
112
79
118
98
65
122
106
73
97
80
52
55
37
15
61
44
28
58
42
29
37
20
12
42
28
19
62
50
38
79
70
53
200
193
174
255
255
234
255
251
229
235
233
212
234
233
213
224
222
207
234
232
219
221
219
204
228
226
211
227
225
210
226
225
207
224
223
203
210
207
188
199
197
176
207
202
180
215
211
186
184
180
153
168
164
135
168
163
134
158
153
123
141
136
104
126
121
89
112
107
75
173
170
139
165
161
132
155
151
124
153
149
124
166
161
139
183
178
158
191
186
167
191
185
169
184
178
164
188
182
168
198
192
178
212
206
192
223
217
203
225
219
205
218
212
196
212
205
186
227
220
194
225
216
185
196
188
152
183
173
137
88
78
42
67
57
22
97
84
52
73
59
33
59
42
24
55
37
23
116
97
83
113
94
80
106
85
66
85
65
41
61
42
12
54
35
5
57
40
12
67
51
26
74
57
37
91
75
59
83
67
54
38
21
11
34
20
7
48
36
20
68
57
35
234
227
198
255
251
217
255
250
214
232
228
193
236
232
197
232
227
197
234
229
197
227
221
187
234
226
190
230
222
186
225
217
180
220
212
175
203
193
157
191
181
143
198
186
146
214
202
162
192
180
138
184
172
130
187
174
132
180
167
123
168
155
111
153
140
96
136
123
79
173
163
125
167
157
119
159
149
113
158
148
113
167
156
124
179
168
138
183
172
144
179
168
140
166
154
128
175
163
137
191
179
153
210
198
172
223
211
185
227
215
189
223
212
184
217
206
176
224
211
176
222
208
169
224
211
167
220
207
163
149
136
92
61
48
6
100
86
51
81
66
37
54
37
17
51
34
18
105
85
74
105
86
72
116
97
82
120
99
80
118
98
73
126
109
83
95
79
54
64
49
26
49
34
15
70
54
39
74
58
45
21
5
0
34
21
5
72
60
38
72
61
31
247
237
201
239
230
187
250
242
195
232
226
178
233
227
179
231
224
178
231
223
176
230
218
168
230
218
166
221
208
156
214
201
149
213
200
148
203
190
138
200
184
132
209
193
141
203
187
135
192
176
124
190
173
121
188
171
119
181
164
110
178
161
107
167
150
96
146
129
75
169
156
104
168
154
105
165
151
102
167
153
106
177
163
116
190
176
131
195
180
137
194
179
136
181
166
125
189
174
133
201
186
145
214
199
158
223
208
167
227
212
171
226
211
170
227
210
167
216
199
153
231
215
164
236
220
169
235
219
167
221
205
154
126
109
63
94
76
36
82
66
33
43
25
1
61
42
27
114
94
83
96
76
65
107
88
74
115
96
79
97
79
57
83
67
44
91
76
55
86
73
54
66
53
37
51
37
24
73
59
48
56
42
29
53
38
19
26
12
0
94
81
46
238
227
181
239
227
175
237
226
168
236
225
167
227
216
158
220
209
151
228
216
156
224
210
147
223
208
143
212
197
132
207
192
127
213
195
131
207
189
125
203
185
121
211
193
129
197
179
115
192
174
112
186
168
106
174
156
94
168
150
88
175
157
95
166
147
88
139
120
61
184
165
106
184
165
106
184
165
106
185
166
107
195
176
118
208
189
131
214
195
137
214
195
139
210
191
135
214
194
141
220
200
147
224
204
151
226
206
153
228
208
155
230
210
157
232
212
159
227
208
152
253
234
176
219
200
142
226
207
149
252
233
175
204
187
135
91
73
27
97
79
43
56
36
11
61
42
25
111
91
80
102
82
73
115
97
85
114
97
81
96
79
59
93
78
57
80
67
48
66
53
36
57
43
30
63
49
36
85
71
60
47
34
18
52
37
16
50
36
7
100
87
45
215
202
150
239
227
167
218
207
141
238
225
157
224
211
143
212
199
131
231
218
148
226
212
139
225
208
136
214
197
125
209
192
120
211
194
122
200
181
112
188
169
100
190
171
102
202
183
115
197
180
111
185
167
101
165
147
81
159
141
75
174
156
92
166
148
84
133
115
53
199
179
110
183
163
92
171
151
80
187
167
96
209
189
118
208
188
117
205
185
114
216
196
127
203
183
114
216
195
128
203
182
115
221
200
133
224
203
136
231
210
143
212
191
126
228
207
142
216
195
132
227
207
144
217
197
134
235
215
152
234
214
153
248
229
171
168
150
102
76
57
17
51
31
4
90
72
52
101
82
68
79
61
51
83
65
53
80
64
49
90
75
56
72
59
40
61
50
30
75
63
47
54
42
28
60
48
36
85
71
60
73
60
44
47
32
9
42
29
0
97
84
40
228
215
160
233
219
156
226
213
142
219
205
132
213
199
124
217
203
130
225
211
136
234
220
145
221
207
132
224
210
135
186
172
97
206
192
117
195
178
106
167
150
80
170
153
83
191
174
105
199
184
115
125
110
43
155
140
75
156
141
76
161
145
83
135
119
57
112
96
36
189
167
92
184
162
86
178
156
80
189
168
89
206
185
106
205
184
105
201
180
101
210
189
110
205
183
107
217
195
119
210
188
112
224
202
126
223
201
126
232
210
135
219
197
124
230
207
137
222
202
133
225
204
137
214
193
126
231
210
143
235
216
150
239
220
161
181
163
113
74
55
15
56
37
7
76
58
38
103
85
71
94
76
66
111
95
82
118
102
87
119
106
89
101
90
70
72
63
45
76
67
50
56
44
30
51
39
27
83
69
58
62
49
33
40
25
2
40
27
0
108
95
50
215
202
147
206
192
127
198
185
114
197
183
108
199
183
106
209
193
116
221
205
130
229
215
140
210
196
121
198
184
109
183
169
96
191
177
104
172
159
88
164
151
81
188
175
107
176
163
95
183
169
104
126
115
51
160
148
87
145
133
72
139
127
67
121
109
49
107
95
35
175
153
77
182
161
82
183
162
83
188
167
86
203
182
101
206
185
104
204
183
100
209
188
105
202
181
98
211
190
107
211
190
109
220
199
118
215
194
115
224
203
124
219
197
121
221
199
124
219
199
128
213
193
124
201
182
113
217
198
129
230
211
145
221
202
143
201
184
132
78
59
17
61
42
12
53
35
13
94
76
62
82
66
53
103
87
74
108
95
79
94
81
62
72
61
41
76
67
49
70
61
44
57
48
33
46
34
22
92
80
68
57
44
28
32
17
0
36
23
0
106
93
49
185
172
117
168
154
91
165
152
82
168
154
81
173
159
84
184
168
93
200
186
113
213
200
129
194
181
111
166
153
83
181
168
98
172
159
91
144
134
65
151
140
74
188
177
113
168
158
96
156
146
85
120
110
49
164
153
95
143
134
77
129
120
63
114
105
50
100
91
36
164
142
67
176
154
79
177
155
79
178
157
78
196
175
96
208
187
106
207
186
105
207
186
103
196
175
92
203
182
101
208
187
106
211
190
111
206
185
106
209
187
111
208
186
110
203
183
110
207
187
118
194
175
106
187
168
99
198
181
111
216
198
132
198
182
120
216
199
147
87
70
27
56
40
7
38
22
0
94
78
62
75
59
46
100
87
71
110
97
80
93
81
59
75
64
42
68
60
39
56
49
31
57
48
33
46
36
24
112
100
88
65
53
39
27
15
0
33
19
0
89
76
34
149
137
85
136
124
63
141
127
62
143
130
60
149
134
65
153
138
69
174
159
92
197
183
118
184
173
107
148
137
71
180
169
105
159
148
84
131
119
58
136
126
65
160
149
91
165
156
99
130
121
64
102
93
38
152
143
88
140
133
79
126
119
65
109
102
50
88
81
29
159
139
70
167
147
78
162
142
73
161
141
70
182
162
89
199
180
104
198
179
102
194
175
98
193
174
97
197
178
101
202
183
107
201
182
106
205
185
112
196
176
105
191
171
100
190
171
102
199
180
112
182
165
96
176
159
90
176
161
92
196
181
114
178
164
103
213
197
145
96
81
38
65
49
16
60
44
21
116
100
84
75
59
44
98
85
69
105
92
73
94
84
59
80
70
45
65
57
36
51
44
25
53
44
29
43
33
21
123
111
99
81
69
55
29
16
0
37
23
0
77
65
27
126
114
66
120
109
53
125
113
52
121
109
48
131
117
54
134
120
59
159
145
84
182
167
108
173
158
99
140
125
66
167
152
95
143
131
73
125
113
55
126
115
59
127
116
62
153
143
90
117
107
54
100
90
39
137
127
76
126
118
69
112
104
55
97
89
42
82
74
27
164
144
83
167
147
86
157
137
74
154
135
69
173
154
86
186
167
98
185
167
95
183
165
93
188
170
98
192
174
102
192
174
102
192
173
104
213
194
126
187
168
102
173
153
90
182
164
100
198
180
116
176
161
94
164
149
82
155
140
73
176
162
97
167
153
92
194
181
128
99
84
41
62
47
14
91
75
50
133
118
99
63
47
31
86
73
56
85
72
53
85
75
50
68
58
33
69
61
38
54
47
28
46
37
20
36
26
14
122
109
100
99
87
75
32
19
2
39
27
1
84
71
36
120
109
64
117
105
53
113
102
46
105
94
38
121
108
53
127
114
59
155
140
85
161
146
91
143
126
72
122
105
51
131
115
63
118
102
50
112
99
46
112
99
47
101
89
39
135
123
73
121
111
62
119
109
60
128
117
71
113
102
56
95
87
40
86
78
32
85
77
31
158
138
85
160
140
87
151
132
76
149
130
72
162
143
84
168
150
88
168
150
86
173
155
89
173
155
89
178
160
94
172
154
88
175
157
93
217
198
139
174
155
97
149
130
72
171
155
96
195
179
117
165
151
86
145
132
64
129
116
48
159
145
80
164
152
92
171
158
106
96
83
39
41
26
0
111
97
71
141
126
107
54
41
24
92
79
60
92
80
58
107
97
70
84
74
47
64
56
33
53
47
25
37
30
12
34
24
12
120
110
100
119
107
95
32
20
4
37
25
1
90
79
47
121
109
69
117
107
58
108
98
47
97
87
34
120
108
56
121
109
59
141
127
78
144
126
76
112
92
41
116
96
45
111
93
43
108
90
40
102
86
37
99
83
34
90
76
29
111
97
50
121
108
63
124
111
66
112
99
54
105
92
48
94
83
38
82
71
26
83
72
27
137
121
70
141
125
74
137
121
69
138
123
68
146
131
74
146
131
74
149
134
75
161
147
86
155
141
80
161
147
86
151
137
76
157
142
83
211
196
139
159
144
89
127
112
57
161
146
91
186
174
114
151
140
76
125
114
48
107
96
30
144
135
70
165
155
94
155
143
91
92
80
38
43
30
0
137
123
97
150
137
118
49
36
19
89
76
57
82
70
48
98
88
61
66
56
29
50
42
19
48
41
22
32
25
7
37
29
14
126
117
102
133
124
107
32
21
1
31
21
0
91
81
46
117
108
67
119
108
63
109
99
50
98
88
39
122
112
63
113
103
54
123
111
63
140
124
73
95
79
28
122
106
55
115
99
48
116
100
51
99
85
38
91
77
32
89
76
32
88
75
31
105
93
51
106
94
52
86
74
32
98
86
44
96
87
46
73
64
23
66
57
16
121
109
57
137
125
73
134
122
70
98
87
33
153
142
88
134
123
69
128
117
63
123
112
56
118
107
51
166
155
99
147
136
80
146
135
81
174
163
109
116
105
51
124
113
59
142
131
77
168
159
100
142
134
72
105
97
34
112
104
41
139
131
68
124
115
56
152
142
91
111
102
59
35
24
0
166
154
128
139
126
107
37
24
7
94
81
64
82
69
50
91
79
55
67
57
32
48
39
22
52
44
29
28
20
5
37
30
12
94
86
65
175
167
144
34
27
0
33
24
0
93
85
48
119
110
69
116
108
62
92
84
37
93
85
38
110
102
53
113
105
56
109
99
48
117
108
53
101
92
37
121
111
58
133
123
72
128
118
69
114
106
59
87
78
35
77
70
28
73
65
26
78
73
35
84
79
41
84
79
41
82
77
39
81
77
40
77
73
36
72
68
31
117
107
56
120
110
59
120
110
59
90
80
29
133
123
72
117
107
56
118
108
57
112
102
51
105
95
44
155
145
94
133
123
72
134
124
73
156
146
95
113
103
52
118
108
57
134
124
71
131
125
67
134
128
68
106
100
38
105
99
37
121
115
53
130
124
66
154
146
97
108
99
58
42
31
0
179
167
143
136
123
106
31
18
2
90
77
60
80
67
48
83
71
47
62
51
29
52
43
28
48
40
29
25
17
2
45
38
19
83
75
52
169
162
134
48
42
10
36
31
0
90
82
43
112
105
61
108
100
54
88
80
34
93
85
38
110
102
55
111
103
54
104
97
45
99
94
39
88
83
27
109
104
49
115
109
59
106
100
52
98
91
47
77
72
32
73
68
30
77
73
36
78
74
39
76
72
37
69
65
30
65
62
27
67
64
29
68
65
30
66
63
28
117
109
60
102
94
45
103
95
46
82
74
25
108
100
51
95
87
38
106
98
49
98
90
41
96
88
39
146
138
89
120
112
63
123
115
66
133
125
76
112
104
55
110
102
53
125
118
66
109
102
48
123
116
61
99
93
35
106
100
40
107
101
41
128
121
66
149
141
92
119
110
69
49
38
8
194
182
158
125
112
95
22
9
0
86
73
57
82
69
52
78
66
44
64
53
33
56
46
34
45
37
26
23
15
2
54
47
29
65
57
36
163
156
130
75
69
37
37
31
0
89
81
42
108
101
57
104
96
50
87
79
32
94
86
39
109
101
52
108
100
51
102
95
43
92
86
34
85
79
27
103
97
47
98
92
44
83
76
32
81
74
32
69
64
26
68
62
26
65
61
24
66
62
27
64
59
27
60
55
23
59
56
23
65
62
29
69
66
31
69
66
31
122
114
67
94
86
39
95
87
40
83
75
28
90
82
35
82
74
27
100
92
45
89
81
34
89
81
34
135
127
80
107
99
52
110
102
55
110
102
55
108
100
53
99
91
44
114
106
57
113
105
56
111
104
52
87
80
25
112
105
50
102
95
40
117
110
56
132
124
77
129
119
81
56
45
15
203
191
169
107
94
77
15
2
0
84
71
55
90
77
61
82
69
50
74
63
45
55
45
35
46
37
28
26
18
5
58
51
33
46
38
17
157
150
124
111
104
75
33
27
0
90
82
43
109
102
58
107
99
53
93
85
38
96
88
39
105
97
48
105
98
46
103
96
44
99
93
43
88
82
34
97
90
44
85
78
34
70
63
21
73
65
28
63
57
21
61
55
21
53
49
14
56
51
19
59
54
22
60
55
23
63
60
27
69
66
33
70
67
32
66
63
28
119
112
66
89
82
36
89
82
36
82
75
29
77
70
24
75
68
22
92
85
39
81
74
28
77
70
24
111
104
58
90
83
37
91
84
38
89
82
36
97
90
44
87
80
34
101
94
48
110
102
56
104
96
49
88
81
29
110
103
49
99
92
38
112
105
53
113
105
58
108
98
60
73
62
34
208
196
174
88
75
59
14
0
0
82
68
55
98
85
69
86
73
56
79
67
51
53
43
34
47
38
31
32
24
13
56
48
33
31
22
4
143
135
112
145
138
109
32
26
0
91
83
44
109
102
58
110
102
56
97
89
42
96
88
39
98
91
39
98
91
39
102
95
43
103
96
50
82
75
31
83
76
34
72
64
25
64
56
19
69
60
27
57
51
19
53
47
15
55
50
18
57
52
22
57
52
22
56
51
21
59
56
23
64
61
28
64
61
26
59
56
21
101
96
54
81
76
34
80
75
33
75
70
28
66
61
19
71
66
24
83
78
36
72
67
25
72
67
25
90
85
43
80
75
33
78
73
31
83
78
36
87
82
40
82
77
35
96
91
49
87
80
38
98
89
46
99
91
44
98
90
41
92
85
33
111
103
54
102
94
48
74
64
26
96
85
57
211
199
177
69
56
40
19
5
0
80
66
53
100
87
71
87
74
57
75
63
47
53
43
34
47
38
33
39
30
21
54
46
33
23
14
0
111
103
80
166
159
130
46
40
6
92
84
45
106
99
55
107
99
53
98
90
43
97
89
40
94
87
35
92
85
31
97
89
40
98
91
47
66
58
21
64
56
20
62
54
18
61
52
19
64
55
24
50
43
14
46
39
11
51
46
17
49
44
14
45
40
10
44
39
9
50
47
16
61
58
25
67
64
31
66
63
28
76
73
32
73
70
29
71
68
27
66
63
22
62
59
18
73
70
29
78
75
34
68
65
24
79
76
35
80
77
36
81
78
37
72
69
28
84
81
40
77
74
33
76
73
32
88
85
44
77
69
32
84
76
37
98
91
47
84
77
31
86
80
32
97
91
43
94
87
43
68
60
23
115
106
77
206
195
173
51
39
23
24
12
0
76
64
50
100
88
72
87
76
58
70
58
44
58
47
41
44
34
32
44
35
28
55
47
36
19
10
0
68
60
37
173
166
137
75
69
35
97
89
50
103
96
52
100
92
46
97
89
42
103
95
46
100
93
41
93
86
32
94
86
37
97
89
50
59
50
17
57
48
17
63
54
23
63
54
25
59
49
22
43
36
8
45
38
12
40
34
8
40
35
6
38
33
4
41
36
7
51
48
17
65
62
31
71
68
35
69
66
33
59
57
19
68
66
28
65
63
25
60
58
20
61
59
21
76
74
36
76
74
36
67
65
27
85
83
45
74
72
34
81
79
41
66
64
26
81
79
41
62
60
22
63
61
23
75
71
34
83
77
43
69
61
25
89
81
42
79
72
28
87
80
34
80
73
27
90
83
39
87
79
42
123
114
85
199
188
166
39
27
11
27
15
1
74
62
48
101
89
73
89
78
60
66
57
42
63
54
49
40
30
28
45
36
31
57
49
38
19
10
0
36
28
7
172
165
137
100
94
60
103
95
58
102
95
53
95
87
41
97
89
42
110
102
53
109
102
50
97
90
38
94
86
39
102
94
57
62
53
22
61
52
23
71
61
34
68
58
31
57
47
22
40
33
7
46
38
15
40
34
10
42
36
10
45
39
13
49
44
15
57
53
24
65
62
31
64
61
30
57
54
21
55
55
19
67
67
31
69
69
33
65
65
29
65
65
29
63
63
27
67
67
31
81
81
45
71
71
35
58
58
22
80
80
44
72
72
36
58
58
22
62
62
26
55
55
19
69
66
33
67
60
31
83
77
45
85
80
42
83
78
36
93
89
44
96
92
45
86
82
37
78
73
35
138
132
100
190
182
159
26
17
0
21
12
0
80
71
56
94
85
68
78
69
51
71
62
47
56
47
40
34
24
22
47
38
31
57
49
38
12
3
0
38
30
9
136
129
101
132
126
94
97
89
52
104
97
55
114
105
62
101
93
46
109
101
52
129
121
72
107
99
50
85
77
31
90
82
46
66
57
28
56
47
18
73
63
36
75
65
40
44
34
9
35
27
4
65
57
36
56
50
28
48
42
18
44
38
14
50
44
18
63
59
30
73
69
40
74
71
40
71
68
37
46
46
12
55
55
21
57
57
23
55
55
21
56
56
22
57
57
23
63
63
29
75
75
41
69
69
35
50
50
16
63
63
29
61
61
27
59
59
25
68
68
34
58
58
24
63
60
29
69
64
35
80
73
44
77
71
37
76
71
31
92
88
43
101
97
50
93
89
44
85
80
40
159
153
121
155
148
122
13
5
0
29
20
3
77
68
51
87
78
61
93
85
64
77
68
51
70
61
52
40
31
26
52
43
34
58
50
39
13
4
0
22
14
0
85
78
50
89
83
51
104
96
59
106
98
59
114
105
62
99
91
45
102
94
47
116
108
61
101
93
46
90
81
38
84
76
40
90
81
52
79
70
41
65
55
28
65
55
28
63
53
28
51
43
20
46
38
17
47
41
19
45
39
17
43
37
13
47
41
17
54
50
23
63
59
30
70
66
37
73
69
40
51
48
17
54
51
20
56
53
22
55
52
21
56
53
22
60
57
26
68
65
34
76
73
42
83
80
49
55
52
21
55
52
21
59
56
25
67
64
33
77
74
43
64
61
30
55
51
22
58
52
26
61
54
28
53
47
15
56
51
13
81
77
32
97
93
46
90
86
41
83
78
38
163
157
123
115
108
80
19
11
0
51
42
24
79
70
52
74
65
47
104
96
75
90
81
63
74
66
55
36
27
20
47
38
29
53
45
32
17
8
0
18
10
0
47
40
12
73
67
35
109
101
65
101
93
54
104
95
54
90
81
38
87
78
35
95
87
41
87
79
33
91
82
41
76
68
32
97
88
57
86
77
46
57
48
19
58
48
21
71
61
36
57
49
26
36
28
5
54
48
26
54
48
26
51
45
23
47
41
17
43
39
14
46
42
15
55
51
24
63
59
32
59
56
25
56
53
22
58
55
24
59
56
25
57
54
23
64
61
30
75
72
41
77
74
43
94
91
60
64
61
30
53
50
19
58
55
24
66
63
32
72
69
38
61
58
27
45
40
11
61
55
31
59
51
28
48
41
12
57
52
14
90
86
41
110
106
59
104
100
53
97
92
50
119
113
77
85
78
49
40
33
7
74
66
45
90
82
61
65
57
36
93
85
62
94
86
65
71
63
50
32
23
14
40
32
21
48
40
25
21
12
0
27
19
0
36
29
1
86
80
48
113
105
69
92
84
47
89
79
41
80
71
30
78
69
28
83
74
33
78
69
28
91
81
43
78
70
33
85
76
43
74
65
32
60
51
20
64
55
26
66
56
29
57
50
24
52
44
21
63
57
35
60
54
32
54
48
26
45
39
17
38
34
9
40
36
11
48
44
19
56
52
25
55
50
20
48
43
13
55
50
20
59
54
24
55
50
20
65
60
30
80
75
45
79
74
44
91
86
56
67
62
32
52
47
17
56
51
21
59
54
24
60
55
25
58
53
23
43
38
9
56
50
28
51
45
21
42
37
7
56
52
14
93
90
45
113
111
62
108
106
57
101
98
53
59
55
17
66
61
29
51
46
17
80
74
50
109
103
79
79
73
49
70
64
38
77
71
47
63
55
40
34
26
13
39
31
16
52
45
27
27
19
0
37
30
4
37
30
2
89
83
51
111
102
69
83
75
38
77
67
31
73
63
25
77
67
29
81
71
33
75
65
29
87
77
41
78
70
33
80
72
35
70
62
26
63
55
19
66
57
26
66
57
28
61
54
28
67
59
36
59
53
31
52
46
24
43
37
15
37
31
9
36
31
9
42
37
15
50
46
21
56
52
27
48
43
13
40
35
5
53
48
18
61
56
26
53
48
18
66
61
31
85
80
50
82
77
47
79
74
44
65
60
30
51
46
16
59
54
24
58
53
23
56
51
21
69
64
34
59
54
25
44
38
16
41
35
11
35
30
0
51
47
9
86
83
38
105
103
54
102
100
51
99
97
49
42
39
0
67
63
28
59
54
24
85
79
53
122
116
90
107
101
75
60
55
26
63
57
31
48
41
23
36
28
13
35
28
10
61
54
35
37
29
8
56
49
23
55
48
20
84
78
46
96
87
54
70
62
26
67
57
22
67
57
22
74
64
29
77
67
32
66
56
21
75
65
30
64
56
17
82
74
35
75
67
28
53
45
8
54
45
12
65
56
27
64
57
29
61
54
28
59
53
29
48
42
20
35
29
7
29
23
1
30
25
3
36
31
9
41
36
14
42
38
13
48
41
12
40
33
4
58
51
22
67
60
31
52
45
16
63
56
27
85
78
49
80
73
44
68
61
32
63
56
27
50
43
14
62
55
26
61
54
25
61
54
25
84
77
48
78
71
43
51
45
23
49
43
19
45
40
10
59
55
17
91
88
43
108
106
57
110
108
57
114
112
64
64
61
18
80
76
39
71
66
34
94
89
60
104
99
70
105
100
71
51
46
17
56
50
24
55
48
29
52
45
27
34
27
9
67
60
41
45
37
14
79
72
46
86
79
50
82
76
44
80
71
38
64
55
22
69
58
26
69
58
26
73
62
30
74
63
31
61
50
18
66
56
21
47
40
0
75
68
24
75
68
26
50
42
3
47
39
3
60
51
20
59
52
24
54
47
21
60
54
30
49
43
21
35
29
7
26
19
0
23
18
0
26
21
1
28
23
1
29
24
2
49
42
13
40
33
4
60
53
24
67
60
31
46
39
10
54
47
18
76
69
40
70
63
34
58
51
22
56
49
20
43
36
7
58
51
22
59
52
23
59
52
23
88
81
52
83
76
48
48
42
20
47
41
17
43
38
8
55
51
13
83
80
35
100
98
49
106
104
53
115
113
64
85
82
39
87
83
45
82
77
45
99
94
64
68
63
34
78
73
44
37
32
2
52
46
20
84
77
58
79
72
54
41
34
15
71
65
43
47
39
16
90
83
55
105
98
69
78
72
40
76
67
34
69
60
27
81
70
38
80
69
37
80
69
37
79
68
36
64
53
23
68
58
23
43
36
0
67
60
16
72
65
23
60
52
13
56
48
12
57
48
17
56
49
20
62
55
29
52
46
22
44
38
16
33
26
7
25
18
0
22
17
0
25
20
0
30
25
3
33
28
6
