166
190
116
120
144
70
147
170
98
169
192
122
167
190
122
173
196
128
150
172
107
135
157
92
163
185
121
166
188
124
166
188
124
141
163
99
127
149
85
162
184
120
96
118
54
185
211
140
158
190
107
145
179
93
145
176
100
133
162
95
138
163
105
145
170
115
125
148
96
116
139
85
161
182
123
144
166
101
146
169
97
158
182
106
156
180
102
197
222
141
184
211
132
194
221
144
166
192
121
160
185
120
166
190
132
183
206
152
171
190
144
129
148
103
126
145
99
165
184
136
191
214
158
182
206
146
191
217
152
192
223
155
211
244
175
191
226
158
124
161
94
116
152
88
123
152
94
107
134
79
197
225
167
165
193
135
121
149
90
96
124
65
145
173
114
187
215
156
175
203
145
194
221
166
173
200
147
138
165
114
112
138
90
136
162
115
173
199
154
141
167
122
182
204
132
142
164
92
159
180
111
181
204
134
169
192
124
163
185
120
170
192
127
181
203
139
167
189
125
166
188
124
158
180
116
169
191
127
184
206
142
197
219
155
140
162
98
174
199
131
148
180
97
121
153
68
131
162
86
148
177
110
148
174
113
128
153
96
114
137
83
139
162
106
156
178
116
169
192
124
184
207
135
187
211
135
172
196
120
188
212
136
162
188
114
173
199
128
164
189
124
162
186
128
173
196
142
210
229
183
236
254
212
221
237
198
194
210
171
187
206
161
182
201
153
199
222
166
205
231
170
196
225
161
197
229
164
171
206
140
136
172
108
148
182
121
90
119
61
102
130
72
197
225
167
142
170
111
123
151
92
138
166
107
185
213
154
169
197
138
168
196
137
195
223
165
183
210
155
159
186
133
138
164
116
141
167
120
155
181
134
125
151
106
136
155
87
145
164
98
150
169
103
142
163
96
121
142
77
122
143
78
128
148
85
95
115
52
119
141
79
136
158
96
158
182
120
208
232
170
229
253
191
188
212
150
125
149
87
92
119
50
170
201
121
132
164
81
134
162
87
145
172
103
134
160
97
108
133
75
107
131
73
150
174
114
180
202
137
196
219
149
193
216
144
180
204
130
168
191
119
171
194
124
155
178
110
179
201
139
161
181
130
177
196
151
184
202
162
189
205
169
196
211
180
186
199
171
162
175
147
147
162
129
184
202
164
224
245
200
234
255
208
238
255
210
222
251
193
157
188
129
116
150
90
123
157
97
107
136
78
102
132
72
183
213
153
149
179
117
156
186
124
179
209
147
196
226
164
135
165
103
118
148
86
156
186
126
159
188
130
149
178
122
136
165
111
126
154
103
133
161
112
129
157
109
145
161
98
154
170
107
124
140
78
102
120
58
98
116
54
120
140
77
141
161
98
94
114
53
112
134
72
122
144
82
157
181
119
182
206
144
188
212
150
144
170
107
128
154
91
105
134
67
137
168
90
136
167
87
167
195
121
189
216
147
200
226
161
198
224
161
186
210
148
197
222
156
193
216
146
188
211
139
162
185
113
154
177
107
164
186
121
154
176
114
145
166
109
181
200
152
141
157
121
167
181
155
174
188
163
161
173
153
156
167
150
165
173
158
181
190
173
199
211
191
222
236
210
232
249
217
193
213
175
184
207
163
171
197
149
121
149
98
116
146
92
131
162
105
129
159
99
97
127
65
151
181
119
171
201
137
171
201
137
182
213
146
189
220
153
163
193
129
127
157
93
143
173
111
139
169
109
145
174
116
164
193
137
162
191
137
157
185
134
164
192
141
151
165
106
134
148
89
102
116
57
111
126
67
111
126
67
97
115
55
108
128
67
93
113
54
85
106
47
106
127
68
177
201
141
194
220
159
200
226
165
172
200
139
173
201
140
165
194
128
198
228
154
192
220
145
200
228
154
199
226
157
204
231
164
204
231
164
176
201
133
162
188
117
168
192
118
159
183
109
147
170
98
167
190
122
186
206
147
142
160
110
125
142
98
158
173
140
170
181
164
173
183
174
159
169
161
143
149
145
136
142
138
133
138
134
139
144
140
153
160
152
192
200
187
194
206
186
133
147
121
90
107
73
79
101
62
91
117
72
133
159
111
139
168
114
180
210
150
173
203
139
196
226
162
217
248
181
175
206
139
185
216
148
185
216
148
189
220
152
145
176
109
129
160
93
116
146
82
138
168
106
183
213
153
183
212
154
147
176
120
137
166
110
146
155
102
154
164
111
150
160
107
148
161
107
133
146
92
107
122
65
95
113
55
82
102
43
91
112
53
110
131
72
160
184
124
170
196
135
190
218
157
195
223
162
211
241
179
205
235
171
191
218
147
152
180
106
137
164
93
139
166
95
152
179
108
158
185
114
151
177
104
163
189
115
156
180
104
151
175
99
158
181
109
190
212
148
202
220
170
137
153
114
125
140
109
149
160
143
167
173
169
174
177
182
174
177
182
177
180
187
181
182
187
168
169
174
157
158
163
161
165
166
136
140
139
164
171
163
142
153
137
78
92
67
39
59
24
77
100
58
121
144
98
100
127
74
142
172
110
183
213
149
191
222
155
188
219
152
152
183
115
164
195
127
124
155
85
88
119
49
142
173
103
136
167
99
154
185
118
177
207
143
194
224
162
178
208
148
138
168
108
133
162
104
130
136
90
152
160
113
151
159
110
108
118
68
92
102
50
106
119
65
103
120
65
102
121
65
72
93
34
117
138
79
132
156
96
157
183
122
180
208
149
171
201
141
176
206
146
130
160
96
151
178
111
122
148
77
128
153
85
148
174
103
158
184
113
149
175
102
132
160
83
148
175
96
162
189
108
148
175
96
152
175
105
178
199
140
194
211
167
145
158
130
150
161
144
152
158
154
161
164
173
179
178
192
185
184
198
184
182
196
180
178
191
165
163
176
153
151
162
156
155
163
152
153
158
150
154
155
163
170
162
107
118
101
36
51
22
56
74
36
92
114
67
86
111
56
85
113
52
142
173
106
168
199
132
173
204
136
186
217
149
171
202
132
135
166
96
107
139
66
127
159
86
131
162
92
173
204
136
185
216
149
166
197
130
145
175
111
122
152
90
130
160
100
143
148
107
142
147
106
144
149
106
106
114
67
90
100
50
90
103
50
71
86
31
85
102
47
106
126
67
152
173
114
98
122
62
108
134
73
122
150
91
116
146
86
154
184
124
104
132
71
158
183
118
145
168
100
156
179
111
161
186
118
159
185
112
149
175
101
133
162
82
146
175
93
157
185
101
133
160
81
128
151
83
153
172
117
183
197
161
158
167
148
168
175
168
140
143
148
177
176
192
184
181
202
170
167
186
154
149
167
155
151
166
155
151
165
146
142
156
140
137
148
155
153
164
111
112
117
154
159
155
145
153
140
63
76
50
44
60
23
64
83
35
82
105
49
85
113
52
128
159
92
175
206
139
184
215
147
210
241
173
140
171
101
158
189
119
211
243
170
179
211
138
156
187
117
184
215
147
189
220
152
171
202
135
163
194
127
143
173
109
141
171
109
115
117
80
146
148
111
118
123
83
105
112
70
117
126
79
96
108
58
95
109
56
111
128
73
110
130
71
116
138
76
90
114
52
88
114
53
122
150
89
146
174
113
134
164
104
97
125
64
143
165
101
130
151
86
138
160
95
149
172
104
170
196
123
160
187
110
164
193
111
165
194
110
152
181
99
152
179
102
143
165
100
159
177
127
190
203
173
172
180
167
136
140
143
141
141
153
124
123
141
128
125
146
118
113
131
108
104
118
118
112
124
124
118
128
123
117
129
123
120
131
118
115
126
117
116
124
122
126
125
150
158
145
78
91
65
49
65
26
68
88
37
94
118
60
150
176
115
128
157
93
177
206
142
197
226
160
165
194
127
139
168
101
130
160
90
177
207
137
191
221
151
168
198
128
180
209
142
178
207
140
162
191
125
177
206
140
178
207
143
160
189
125
128
129
97
119
120
86
110
114
77
90
97
55
51
60
15
81
91
41
94
107
53
102
117
60
57
75
15
96
116
55
75
99
37
71
97
34
138
164
101
145
173
112
100
128
67
104
130
69
114
134
73
128
146
84
133
154
89
178
201
133
149
175
104
152
178
104
137
166
86
166
195
113
151
180
100
132
158
85
116
138
76
152
168
123
185
195
170
157
162
155
118
118
126
100
99
115
81
78
97
75
72
91
60
56
70
60
57
66
89
84
90
112
107
113
117
111
121
119
113
125
116
112
126
108
106
117
105
106
110
132
138
128
104
114
89
73
88
49
100
118
66
140
164
104
157
182
124
152
177
119
127
153
92
123
149
88
197
223
160
187
213
148
135
162
95
165
192
125
178
205
138
183
210
143
177
204
137
155
181
116
144
170
105
166
192
129
174
200
137
142
168
107
96
99
68
77
81
48
104
108
73
83
90
49
68
77
32
97
107
57
93
106
52
81
96
37
97
115
53
101
121
58
118
140
76
114
139
74
137
162
97
149
175
112
113
139
76
110
134
72
118
138
75
112
130
68
141
161
98
130
152
87
139
164
96
104
130
57
141
169
92
169
200
122
140
168
93
123
148
80
128
149
92
191
206
165
202
211
190
143
148
144
105
105
115
70
67
84
68
65
82
72
70
84
63
60
69
53
51
54
62
58
57
70
66
67
80
75
81
93
87
97
89
85
99
82
80
93
81
82
87
114
119
113
143
153
129
101
116
77
126
145
90
181
202
143
169
192
136
157
180
126
142
165
109
110
133
77
152
176
118
156
180
120
156
180
118
145
170
105
165
190
125
181
206
141
146
171
106
128
152
90
133
157
95
149
173
113
181
205
145
174
198
140
84
87
58
71
76
44
79
85
49
67
75
34
130
139
94
125
137
87
125
140
83
123
139
77
134
153
89
109
128
62
141
162
95
129
151
86
120
142
77
137
162
97
117
142
77
122
144
80
125
143
81
143
159
97
147
165
103
156
176
113
131
153
88
126
151
83
124
152
78
140
170
96
114
141
70
103
128
63
128
149
93
204
219
180
190
199
180
122
124
121
104
102
113
75
72
89
109
107
121
118
116
127
114
112
117
101
100
98
94
91
86
84
80
77
82
78
79
92
87
94
93
89
103
89
87
101
87
87
97
104
110
108
153
165
145
81
97
60
85
105
52
137
158
99
135
155
102
142
161
113
130
150
99
82
102
51
130
150
97
136
157
101
163
184
127
167
188
129
141
163
101
145
167
105
95
116
57
107
128
69
119
140
83
98
119
62
142
163
107
181
202
146
68
72
45
70
77
46
60
67
33
116
127
85
165
177
131
141
154
101
150
165
108
142
158
96
108
127
61
117
136
68
134
153
85
113
134
65
134
155
88
139
161
96
102
124
59
144
165
100
157
173
110
185
199
137
175
193
131
151
171
108
118
140
76
131
156
91
134
161
94
135
164
97
129
156
89
92
116
56
105
125
74
171
185
149
166
173
155
124
126
123
120
117
128
96
92
107
81
79
90
77
76
82
67
67
67
73
72
67
91
91
83
92
92
84
80
78
79
76
73
80
97
92
110
94
91
110
91
90
106
93
98
102
142
153
139
66
81
50
75
95
44
121
142
86
173
191
143
93
110
66
84
101
56
65
82
37
105
123
75
134
152
102
158
176
124
102
121
66
147
166
110
162
181
125
132
151
95
161
180
125
159
178
123
91
109
57
107
125
73
151
169
117
60
66
38
53
62
31
47
57
22
171
182
140
139
151
103
129
142
88
149
164
105
123
139
76
119
138
70
126
146
75
153
173
102
146
166
95
143
162
94
140
159
93
114
133
69
122
141
77
151
165
103
174
188
126
180
196
134
100
120
59
98
120
58
107
131
69
158
184
121
154
183
119
156
182
121
100
123
67
104
123
77
147
161
126
154
161
143
134
135
130
101
98
107
64
60
74
48
46
57
46
45
50
40
40
38
48
49
41
70
70
60
78
78
70
80
78
79
89
86
95
95
92
113
92
90
114
94
95
116
92
96
107
133
143
135
94
110
83
129
151
104
167
187
136
179
196
152
135
150
111
69
84
43
20
35
0
116
132
87
112
128
81
49
65
16
65
82
30
111
128
76
161
178
126
172
189
137
189
206
154
170
187
135
100
116
67
85
101
52
104
120
73
101
110
81
56
67
35
38
50
14
122
135
92
102
116
67
112
127
72
159
175
113
147
163
98
156
173
103
143
160
89
171
188
117
171
188
118
131
148
80
128
144
79
128
144
79
94
110
45
100
115
50
149
164
99
144
160
98
133
151
91
96
117
58
141
165
105
139
165
104
135
163
104
131
159
100
103
128
73
135
154
109
141
155
122
123
130
112
103
104
99
51
48
55
30
27
38
31
30
38
36
37
41
35
36
31
33
34
26
35
37
24
36
37
29
50
50
50
74
72
85
103
99
124
102
99
128
114
114
142
114
117
134
132
143
139
121
136
113
164
185
142
172
191
145
153
168
129
86
98
62
63
75
39
31
43
5
86
99
56
114
127
83
57
70
24
75
89
40
96
110
61
152
166
117
183
197
148
178
192
143
157
171
122
129
142
96
132
145
99
160
173
129
116
131
90
61
76
35
52
68
23
70
86
37
140
157
103
131
149
89
166
185
121
162
181
115
165
184
116
182
202
131
167
187
116
153
170
100
147
164
96
138
155
87
135
151
86
128
143
78
123
138
71
141
156
91
150
165
106
123
140
85
135
153
103
146
168
119
152
174
127
126
147
102
109
130
85
121
139
99
185
200
167
154
164
140
96
102
90
76
76
76
43
40
49
66
62
76
54
52
63
51
52
57
43
43
43
43
44
39
52
53
47
52
53
48
56
55
60
71
69
82
72
70
92
81
78
105
114
114
138
129
132
149
137
145
147
144
156
142
185
200
171
163
179
143
147
158
126
42
53
21
28
39
5
20
32
0
87
100
57
159
172
128
87
100
54
78
92
43
88
101
55
120
133
87
144
157
111
124
137
93
107
120
76
120
133
89
165
178
134
229
242
199
141
163
101
108
130
68
120
144
82
112
137
72
153
178
113
141
166
100
161
186
118
140
165
97
164
189
121
167
190
122
178
199
130
156
175
107
153
170
102
146
163
95
124
139
72
157
172
105
142
159
91
127
143
78
120
137
82
104
120
73
148
162
126
181
196
167
177
191
166
125
137
117
149
160
143
186
194
179
196
204
193
142
147
141
96
97
99
98
98
106
110
108
122
119
117
131
135
135
145
138
138
146
102
103
108
104
105
110
102
103
107
92
93
98
55
55
63
72
72
82
79
79
91
81
80
94
91
91
103
115
118
127
119
123
126
148
153
149
169
174
167
106
112
98
82
89
69
44
53
26
51
61
27
76
86
49
138
151
107
89
103
54
90
107
55
120
136
87
119
135
88
132
147
104
103
118
77
98
113
74
113
128
89
101
116
75
86
101
60
210
225
184
154
179
111
144
169
101
147
172
104
131
158
91
140
167
100
145
174
107
126
155
88
63
92
25
129
155
90
169
194
129
147
169
104
153
174
109
140
159
93
122
138
73
125
140
75
130
145
80
138
155
87
131
149
87
108
125
73
87
102
61
178
191
163
133
145
125
185
193
182
174
181
174
149
154
150
147
151
150
154
158
159
142
146
149
106
106
114
80
80
92
105
104
120
158
157
173
163
163
173
170
170
178
131
131
141
135
135
145
120
120
130
101
101
111
78
78
88
73
73
83
73
73
81
64
64
72
76
77
82
112
113
118
118
119
123
137
138
142
161
162
164
120
122
117
41
48
32
39
47
23
107
116
85
142
153
113
164
177
131
124
138
87
144
161
107
152
169
117
130
146
99
81
96
53
134
150
111
160
176
137
148
164
125
174
190
151
152
169
127
223
240
196
156
178
116
153
175
113
152
176
114
151
175
115
134
160
99
158
184
123
133
161
100
71
99
38
109
135
74
153
179
118
125
149
87
126
148
86
117
137
74
118
136
74
132
148
86
136
152
90
117
135
73
134
152
94
128
144
97
127
141
105
170
180
155
158
166
151
164
171
163
147
153
149
115
120
116
93
97
96
102
106
107
127
131
134
104
104
112
65
65
77
104
103
117
182
181
195
194
194
206
188
188
198
145
145
155
129
129
139
92
92
102
78
78
88
79
79
87
64
64
72
72
72
80
54
54
62
68
69
74
108
109
114
112
113
117
124
125
129
155
156
158
144
146
141
86
93
77
67
75
51
141
151
117
176
187
147
163
177
128
126
140
87
147
161
108
123
137
84
117
133
84
124
140
95
168
183
142
164
179
138
165
182
140
202
219
175
159
176
131
159
176
131
199
217
165
165
185
132
157
177
124
161
184
128
132
155
99
136
161
104
137
165
107
118
146
88
81
106
49
103
128
71
126
150
92
97
121
63
116
137
78
138
158
99
122
140
82
134
152
94
123
140
85
94
111
59
160
175
134
168
182
149
150
159
140
183
191
180
130
137
130
88
94
92
78
82
81
68
72
71
76
80
81
103
107
110
92
92
100
65
65
77
106
105
119
166
165
179
181
181
193
161
161
171
150
150
160
115
115
125
67
67
77
70
70
80
77
77
85
70
70
78
68
68
76
55
55
63
71
72
77
95
96
101
92
93
97
107
108
112
146
147
149
158
160
157
158
165
149
145
153
129
191
201
167
178
189
149
113
127
78
64
78
25
108
123
68
129
143
90
133
149
100
188
204
159
159
174
131
135
150
109
151
168
124
174
191
146
185
203
155
167
185
137
217
233
188
163
180
135
149
166
121
149
168
120
140
162
113
132
156
106
146
173
120
142
169
116
145
172
117
122
147
92
110
135
80
43
66
10
86
109
53
125
146
89
159
180
123
194
213
158
152
168
119
82
97
54
165
176
142
156
166
142
156
164
149
131
138
131
108
112
111
88
92
93
74
78
79
69
73
74
66
67
69
93
94
98
92
93
98
80
80
90
126
124
138
166
164
178
144
144
156
119
119
129
156
156
166
115
115
125
68
68
76
78
78
86
68
68
76
67
68
73
60
61
66
60
61
66
75
76
81
72
73
77
62
63
67
86
87
91
126
127
131
148
150
147
175
181
167
180
188
165
174
183
152
128
138
101
98
110
64
86
99
46
122
137
82
154
168
115
168
182
133
183
196
152
180
195
152
190
205
164
179
194
151
160
176
131
186
204
156
182
200
150
180
195
154
150
165
124
133
148
105
126
143
98
149
168
122
158
180
131
156
180
130
130
157
104
138
165
112
137
164
109
105
132
77
86
111
54
126
151
94
112
135
79
156
179
123
161
181
130
150
165
122
166
180
145
156
166
141
145
154
137
143
150
142
96
102
100
92
96
99
92
96
99
78
82
85
62
66
67
44
45
47
83
84
88
105
106
111
106
106
116
161
159
173
197
195
209
177
177
189
142
142
152
172
172
182
123
123
133
78
78
86
74
75
80
62
63
68
62
63
68
59
60
65
65
66
70
77
78
82
54
55
59
42
43
47
72
73
77
102
103
107
123
125
124
148
154
144
173
180
162
142
150
126
104
114
80
145
156
114
185
197
149
186
200
149
180
194
145
153
166
120
159
172
129
207
222
181
190
205
166
196
211
170
173
188
145
122
139
94
151
169
121
166
178
138
171
183
143
137
152
109
124
141
96
134
153
105
155
178
126
126
151
96
102
129
74
125
154
96
130
159
101
95
125
65
112
140
81
123
151
92
105
130
72
122
147
89
144
167
115
145
159
124
210
220
196
151
160
143
145
152
144
115
119
118
103
107
110
81
84
91
73
76
83
70
71
75
54
55
59
22
23
25
62
63
67
100
99
105
117
116
124
171
169
182
187
185
199
196
196
208
162
162
172
146
146
156
113
113
121
88
88
96
64
65
70
80
81
85
67
68
72
61
62
66
59
60
62
66
67
69
43
44
46
37
38
42
63
64
68
74
75
79
91
92
94
104
106
101
160
163
154
167
171
154
151
157
131
171
181
146
196
207
167
201
212
170
214
225
183
148
160
120
143
155
117
189
201
165
154
165
131
190
204
168
195
210
171
130
145
104
157
172
129
154
167
124
182
195
151
137
153
106
132
150
100
116
136
83
140
165
108
106
134
75
119
147
86
127
157
95
125
155
91
129
159
95
163
193
129
147
176
112
150
179
115
104
132
71
162
185
133
169
182
152
148
157
140
145
152
144
123
129
127
113
116
121
88
91
98
82
85
94
69
72
79
59
60
65
58
59
63
18
19
21
41
41
43
79
78
83
108
107
115
150
148
161
133
131
145
113
113
125
99
99
111
62
62
72
69
69
77
76
77
82
41
42
46
82
83
85
52
53
55
58
59
61
44
45
47
49
50
52
32
33
35
34
35
39
53
54
58
49
50
54
63
64
68
81
82
86
108
110
109
131
134
125
153
157
140
157
166
139
149
158
127
149
159
125
172
182
148
189
200
168
127
138
106
195
206
176
239
250
220
239
252
222
212
226
193
180
194
158
132
146
110
247
255
212
211
225
174
157
174
120
150
169
113
145
167
105
119
145
80
134
163
96
161
192
124
171
202
132
163
196
125
159
192
121
193
224
154
185
216
148
184
215
147
174
203
137
194
217
165
151
164
138
142
148
138
132
137
133
124
128
131
83
86
95
104
106
118
98
98
110
58
58
68
60
61
66
41
42
46
35
35
37
47
47
49
78
76
81
114
111
120
128
124
138
113
111
125
125
125
137
94
94
106
72
72
82
63
63
71
54
55
60
54
55
59
63
64
66
66
68
67
48
50
49
46
48
47
33
35
34
25
26
28
36
37
41
45
46
50
51
52
57
61
61
69
63
61
74
105
103
114
109
110
112
116
119
112
132
136
121
183
188
166
174
182
158
159
167
143
125
133
110
165
173
150
231
240
219
251
255
239
240
250
226
234
244
219
212
223
193
158
169
139
212
229
174
212
230
172
184
204
143
177
199
135
174
199
131
161
188
117
164
194
120
166
198
122
138
172
95
155
189
112
157
191
114
160
192
117
164
196
123
187
217
147
183
212
145
174
197
143
144
156
132
143
148
142
116
120
121
107
110
117
101
103
115
118
120
133
69
69
81
60
60
70
60
61
66
44
43
48
38
38
40
50
50
52
77
75
80
112
109
118
129
125
139
120
116
131
131
129
142
117
117
129
104
104
114
86
87
92
66
67
71
62
63
65
62
64
63
52
54
51
37
39
36
39
41
38
30
32
29
25
27
26
37
38
40
48
49
53
54
55
60
63
63
73
70
67
86
82
79
98
109
109
119
106
107
109
138
141
134
147
151
136
106
110
93
188
195
175
208
215
197
252
255
243
250
255
242
249
255
241
245
254
235
218
227
206
172
182
157
180
190
163
177
197
134
193
215
150
188
211
143
192
218
147
194
222
147
177
208
130
173
206
125
168
202
118
148
183
99
168
203
121
175
208
127
152
185
106
160
190
116
176
206
134
178
205
136
153
176
124
150
162
140
141
145
144
112
116
119
93
96
103
148
148
160
120
119
133
52
52
64
64
64
74
57
56
62
42
41
46
40
38
41
54
52
55
78
76
81
111
108
117
129
125
139
123
119
134
116
114
128
115
115
127
109
109
119
87
88
93
63
64
68
62
63
65
61
63
60
48
50
45
30
32
27
37
39
34
32
34
31
29
31
30
41
42
44
53
54
58
60
61
66
69
69
81
78
74
97
87
83
108
91
88
105
106
105
113
119
119
117
121
122
114
152
156
142
150
154
139
165
171
157
194
200
186
225
231
217
252
255
244
218
227
210
162
171
152
132
142
118
163
173
148
176
199
131
177
203
132
171
197
124
192
220
145
197
228
148
169
203
119
166
200
114
174
208
122
180
216
129
179
214
130
189
222
141
172
203
127
176
206
132
159
186
117
163
190
123
157
176
128
158
167
148
128
132
131
109
112
117
101
104
113
179
179
191
91
90
104
58
58
70
62
62
72
49
48
54
37
37
39
43
41
42
62
60
63
86
84
89
114
111
120
126
122
136
119
115
130
109
107
121
96
96
108
83
83
93
64
65
70
45
46
50
46
48
47
53
55
52
49
51
46
30
33
26
40
43
36
35
37
32
28
30
29
38
39
41
51
52
56
60
61
66
70
70
82
75
71
96
97
93
120
88
85
104
96
95
103
99
99
99
111
112
104
190
194
180
126
130
116
87
93
79
115
121
107
126
132
118
97
103
89
93
102
85
122
131
110
158
168
143
166
176
149
184
210
139
183
210
139
170
198
123
184
215
137
191
224
143
171
206
122
170
206
119
175
211
124
178
214
127
173
208
126
188
221
142
180
210
136
184
211
142
157
182
117
163
187
127
169
186
142
142
151
134
110
112
111
93
94
99
137
137
147
155
155
167
61
60
74
66
64
77
58
57
65
46
45
50
40
40
40
56
54
55
83
81
82
106
101
107
123
117
127
127
120
136
114
109
127
118
116
130
83
83
95
60
60
70
52
53
58
38
39
41
32
34
33
38
40
35
43
46
39
35
38
31
46
49
42
39
41
36
25
27
24
31
32
34
45
46
50
56
57
62
67
67
79
73
69
94
84
78
104
101
98
115
81
80
86
100
100
98
96
98
87
121
125
110
168
172
155
166
170
155
157
161
146
100
107
91
52
59
41
140
147
127
157
165
141
171
180
151
193
202
171
171
198
127
190
220
148
176
207
131
168
201
122
171
206
124
172
207
123
174
210
123
161
197
110
165
200
116
178
211
132
189
219
145
177
204
135
177
202
137
173
194
135
171
192
136
160
176
137
120
126
112
103
105
104
94
95
100
171
171
181
101
101
113
59
59
71
68
66
77
55
54
62
49
49
51
55
55
55
83
82
80
112
110
111
124
119
125
127
121
131
125
118
134
114
109
127
105
103
117
63
63
75
42
42
52
46
47
52
42
43
45
33
35
32
34
36
31
37
40
33
46
49
40
59
62
53
51
54
47
33
35
32
35
37
36
48
49
53
60
61
66
72
70
83
87
81
105
83
77
101
86
84
97
89
88
93
93
94
88
81
83
70
112
117
97
158
163
141
151
156
136
101
106
86
63
70
50
62
70
47
152
160
136
171
180
151
201
211
177
222
232
197
164
194
124
192
224
151
180
212
137
163
197
120
159
194
112
156
194
109
164
202
117
155
193
108
170
205
125
187
219
143
184
214
142
176
202
137
171
195
135
185
205
152
167
185
137
140
154
119
111
117
103
105
107
106
140
141
145
165
165
173
67
65
78
65
63
76
64
62
73
45
44
50
55
53
56
74
72
73
113
112
110
138
136
137
133
128
134
121
115
125
119
112
128
115
110
128
77
75
89
45
45
57
31
31
41
38
39
44
40
41
43
40
42
39
41
44
37
38
41
32
48
51
42
66
69
60
60
63
56
41
43
40
41
43
42
54
55
59
66
67
72
76
74
87
90
85
105
94
89
109
76
73
84
94
92
93
77
79
68
83
86
69
130
134
111
130
134
109
145
151
125
145
151
125
178
187
160
211
220
193
213
222
191
227
237
202
211
222
182
159
170
128
183
215
139
199
232
153
187
220
141
178
213
131
164
199
115
146
182
95
160
196
108
176
212
125
177
210
129
182
214
139
168
197
130
177
202
144
174
193
147
188
205
169
156
171
142
130
142
122
113
116
109
104
104
106
192
191
196
132
131
136
58
57
63
61
58
65
58
56
61
30
28
33
57
55
58
85
83
86
131
129
132
152
150
153
133
128
135
112
106
116
112
105
120
115
111
126
68
66
80
46
46
58
34
34
44
32
33
38
33
34
36
44
46
45
48
50
45
39
42
35
39
42
35
60
63
56
58
60
55
38
43
39
39
43
42
51
55
56
61
65
68
72
72
84
73
69
92
89
85
108
97
95
106
74
74
72
73
77
60
93
99
71
68
75
41
161
168
134
136
146
112
95
104
73
98
107
78
220
229
200
226
233
200
175
182
148
123
131
90
178
187
144
182
217
125
154
189
97
149
184
92
168
203
111
160
195
101
156
191
97
176
209
116
178
211
120
183
212
128
179
207
132
194
218
156
184
203
158
185
201
175
148
159
151
133
142
147
119
123
134
109
108
114
169
167
172
204
202
205
211
210
208
109
108
104
57
53
50
53
49
46
37
33
32
35
30
34
91
86
92
115
110
117
143
137
147
141
135
145
99
93
103
91
85
95
91
88
97
51
49
60
39
39
49
42
42
50
48
49
54
41
42
46
39
40
42
41
45
44
40
44
43
43
48
44
24
29
25
67
72
68
63
69
65
46
52
48
44
50
48
76
82
80
69
73
84
80
79
113
74
73
107
81
84
99
87
94
87
70
81
51
58
74
29
101
118
66
162
179
127
185
198
154
130
142
104
187
196
167
233
239
213
177
181
154
193
198
166
202
206
169
214
219
179
159
194
104
153
188
98
162
195
104
171
204
113
157
190
97
152
183
90
158
189
95
151
180
88
182
210
123
192
219
142
205
227
165
185
204
159
177
190
170
131
141
140
110
117
133
102
105
124
150
148
159
153
148
154
114
110
111
193
189
186
183
180
173
88
85
76
49
46
39
35
32
27
39
35
36
84
79
85
100
94
104
125
119
131
136
130
142
110
104
114
94
89
96
77
74
81
44
43
51
32
32
42
32
32
40
37
37
45
41
42
47
50
51
55
51
55
56
40
44
45
31
37
35
58
64
62
100
106
102
94
100
96
44
53
48
43
52
47
61
70
65
66
73
81
80
80
116
78
78
116
74
80
94
70
80
69
72
88
51
94
112
60
139
159
98
178
198
137
156
173
121
218
233
192
207
218
186
195
201
175
170
174
147
166
169
138
217
219
182
173
175
136
134
164
90
150
180
106
169
200
124
166
197
119
158
187
105
166
196
110
169
198
108
154
183
91
184
210
121
191
216
133
183
206
136
157
177
124
159
174
143
127
139
127
105
115
117
101
105
116
183
182
188
86
84
87
53
52
50
109
108
103
166
166
158
164
164
154
69
69
61
29
28
23
47
46
44
75
73
76
78
75
82
92
89
98
113
110
119
110
107
114
91
89
94
62
59
66
42
41
49
36
36
46
39
39
47
41
41
49
41
42
47
49
50
54
47
51
52
34
38
39
31
37
35
58
64
62
76
82
78
102
108
104
71
80
75
67
76
71
53
62
57
60
67
75
75
76
107
80
81
112
68
75
83
56
67
51
75
91
52
125
144
89
163
183
120
173
193
130
155
172
118
140
155
112
136
147
113
185
194
165
171
175
148
114
117
86
182
186
149
136
141
100
153
183
111
168
198
126
180
210
140
163
190
123
159
186
119
178
205
136
170
196
123
151
177
103
168
192
116
192
216
142
184
207
139
148
169
110
129
146
101
108
123
90
115
129
106
149
157
144
133
133
131
50
48
49
62
61
59
56
55
50
82
82
74
180
180
170
138
138
130
40
39
34
62
61
57
77
75
76
76
74
77
77
75
80
97
95
100
114
112
117
103
101
106
74
71
78
42
41
49
36
36
46
45
45
53
51
51
59
41
42
47
35
36
41
37
41
44
37
41
42
44
50
50
43
49
47
42
48
44
95
101
97
105
114
109
77
86
81
56
65
60
75
83
86
71
73
98
80
82
107
71
79
82
59
71
51
81
98
56
129
148
92
156
177
112
153
173
110
143
162
106
98
114
67
148
162
126
185
196
164
173
180
147
170
176
142
180
187
146
138
143
102
150
180
94
159
188
108
173
200
129
157
183
122
165
187
138
180
201
158
151
171
133
132
153
112
160
179
134
166
185
137
153
174
118
149
170
111
154
174
111
154
174
111
151
171
108
169
182
136
70
72
58
70
69
67
57
56
52
67
66
61
55
55
47
101
101
93
175
175
167
92
92
84
72
71
66
80
79
75
91
90
88
93
91
92
108
106
107
131
129
132
129
127
130
113
111
116
64
63
71
36
36
44
32
32
40
45
45
53
41
42
47
34
35
40
41
45
48
53
57
60
50
56
56
60
66
64
65
71
67
92
98
94
110
120
112
63
73
65
75
85
77
106
114
116
71
74
91
76
79
94
73
82
77
73
85
61
91
108
63
123
144
85
146
168
103
152
174
109
145
166
107
154
172
122
200
215
174
196
208
172
190
200
165
210
218
181
156
163
121
167
174
130
139
168
76
139
167
82
159
185
114
151
174
118
154
174
137
144
162
138
96
113
95
94
111
93
116
131
108
105
122
88
112
131
85
163
184
125
195
217
145
212
235
155
193
217
131
182
201
135
104
109
86
65
64
60
30
29
25
51
50
46
70
69
64
55
55
47
115
115
107
156
156
148
80
80
72
74
74
66
97
96
91
108
107
103
117
116
114
136
134
135
137
135
138
136
135
140
112
113
118
62
62
70
33
33
41
38
38
46
43
44
49
46
47
52
52
56
59
59
63
66
43
48
51
78
84
84
82
88
86
77
83
79
98
108
100
73
83
75
106
116
108
111
120
117
71
75
84
65
70
76
66
76
65
81
96
65
103
122
74
127
149
87
151
174
106
167
190
122
173
195
133
148
169
113
162
179
134
206
221
180
183
195
155
167
178
136
137
146
101
156
165
120
169
196
103
150
176
89
161
184
114
143
163
112
121
138
106
83
97
82
38
51
44
74
86
82
106
120
107
98
113
90
130
148
108
196
217
160
193
215
143
198
222
138
192
217
125
190
211
136
134
140
112
51
52
46
53
54
49
34
35
30
59
60
55
57
58
52
63
64
56
157
158
150
112
114
103
74
76
65
87
89
78
99
100
92
101
102
97
112
112
110
114
114
116
127
126
131
127
128
133
88
89
94
55
56
61
39
40
45
36
37
42
47
48
53
53
56
61
48
51
56
39
44
47
74
80
80
60
66
64
67
73
69
88
98
90
94
104
96
115
125
116
89
98
93
72
80
80
61
70
65
67
79
59
97
113
77
130
150
99
152
174
112
162
187
119
171
197
126
152
177
112
134
155
96
155
175
124
178
196
148
156
172
127
173
186
140
180
194
145
137
149
101
171
196
115
140
164
90
145
167
105
124
143
95
96
113
81
60
75
56
44
58
45
124
138
125
211
226
207
142
158
129
129
147
105
195
215
162
200
220
157
204
226
154
165
187
112
122
140
78
85
91
65
74
75
67
113
114
109
71
72
67
38
38
36
45
46
41
87
88
82
110
111
103
155
157
144
87
89
75
79
81
67
83
85
72
80
81
73
87
87
85
89
89
91
111
110
115
94
95
100
87
88
93
70
71
76
41
42
47
23
24
29
37
38
43
48
51
56
39
42
47
42
47
51
70
75
78
46
52
52
81
87
83
83
93
85
92
102
93
99
109
100
76
86
77
82
92
84
72
83
69
79
93
67
118
134
95
161
181
128
181
203
141
176
201
133
168
194
123
109
134
68
134
158
96
178
199
142
149
169
116
170
188
136
184
201
149
177
194
142
180
194
141
180
198
146
150
168
118
166
183
138
149
166
124
83
99
62
62
78
42
110
126
89
176
192
153
194
211
167
165
183
135
176
196
145
207
226
178
193
212
166
172
190
148
142
160
122
76
89
61
120
124
109
163
164
156
126
127
122
54
54
52
48
48
48
69
69
69
80
81
76
95
96
88
136
138
125
131
134
117
87
90
71
76
79
62
87
89
78
82
83
78
86
86
88
77
76
82
68
69
73
76
77
81
77
78
83
63
64
69
44
44
52
37
37
45
42
45
52
50
53
60
52
57
61
55
60
63
46
52
52
65
71
67
81
91
83
76
86
77
87
97
86
96
107
93
63
74
58
81
93
73
92
107
76
83
100
58
140
160
107
162
186
124
166
191
123
158
185
114
149
176
107
176
201
135
147
171
109
144
165
106
204
225
168
184
203
147
186
205
149
191
208
153
185
200
159
152
167
126
144
159
120
122
138
99
77
94
52
49
66
22
74
92
44
141
159
109
199
218
163
210
228
176
166
185
137
114
132
90
105
122
90
117
132
111
79
92
82
72
83
75
108
114
104
97
98
90
71
71
69
52
52
54
55
54
59
70
69
74
86
86
86
97
98
92
118
120
107
164
167
148
81
84
63
85
88
69
76
78
65
73
74
69
82
81
86
68
67
73
66
67
71
72
73
77
75
76
81
68
69
74
58
58
66
52
52
60
53
56
63
57
60
67
38
43
49
58
63
67
53
59
59
58
64
60
67
77
69
73
83
72
98
109
95
112
123
107
115
127
107
120
133
107
128
143
110
81
98
56
117
137
86
161
185
125
145
172
105
170
197
128
151
178
109
166
193
124
154
181
114
160
185
119
191
216
151
173
195
133
170
192
130
192
212
151
183
196
152
173
186
143
150
162
122
111
126
85
114
129
90
124
139
98
92
107
64
73
89
44
143
160
115
141
158
114
74
92
52
43
60
28
84
99
80
89
102
93
53
65
65
130
140
141
94
99
92
59
62
53
47
49
48
52
53
57
53
53
63
70
70
78
91
92
96
90
92
87
91
95
81
154
159
139
119
124
101
99
104
82
91
95
81
83
85
80
74
75
80
60
60
68
61
62
66
64
65
69
69
70
74
72
73
78
71
71
79
67
67
75
61
64
73
59
62
71
32
37
43
59
64
68
53
58
61
51
57
55
59
69
61
73
83
72
97
108
94
104
115
98
137
149
125
138
151
121
101
117
81
72
89
47
100
119
71
134
157
101
132
158
95
173
202
135
170
200
128
150
180
108
141
171
99
166
193
122
187
214
145
188
213
147
166
191
125
185
207
143
192
207
152
171
185
134
141
154
110
105
117
77
133
144
110
189
202
172
172
185
157
122
135
107
191
206
175
115
130
101
25
41
14
24
39
18
95
109
96
98
111
104
109
121
121
180
190
189
59
64
57
64
67
58
59
60
62
43
43
51
44
43
57
73
73
85
93
94
99
88
90
87
86
90
76
99
104
82
169
174
151
104
109
87
107
111
97
95
97
94
74
74
82
71
71
81
57
58
62
56
57
59
61
62
66
71
72
77
76
76
84
71
71
81
58
61
70
50
53
62
40
44
53
56
61
65
44
49
52
49
55
53
62
72
64
67
77
66
77
88
74
73
85
65
115
128
100
148
162
129
74
90
53
117
135
93
144
166
119
122
147
92
137
165
104
148
177
111
168
200
127
136
168
93
139
170
94
166
197
121
175
203
129
199
226
155
169
196
127
180
205
137
163
178
109
115
129
67
111
124
71
102
113
73
84
94
69
100
108
95
106
116
108
98
107
104
171
182
176
98
109
101
58
71
61
61
74
64
117
131
118
133
147
134
154
170
157
79
91
79
26
32
20
65
68
61
53
54
58
26
26
38
47
46
64
77
76
92
85
85
95
93
95
94
97
101
87
70
75
53
167
173
147
125
130
107
102
106
92
88
90
87
82
82
92
76
76
88
58
59
63
54
55
57
57
58
62
69
70
75
75
75
83
67
67
77
50
52
64
41
43
55
47
51
60
53
58
64
39
44
47
48
54
52
53
63
55
45
55
44
55
66
52
64
76
56
125
138
110
153
167
132
49
65
29
57
75
35
66
87
42
68
92
42
130
158
100
155
185
121
137
168
98
134
166
90
160
193
114
175
206
126
157
188
110
181
212
136
164
194
120
177
204
133
170
185
116
137
151
89
144
156
106
129
139
104
83
92
73
65
72
65
60
68
71
63
70
76
128
137
142
50
60
61
43
55
51
39
52
43
71
84
74
131
145
132
164
181
165
37
51
36
34
42
29
58
60
55
36
37
42
23
22
36
60
58
79
74
72
93
70
70
82
91
92
94
90
93
82
86
91
69
129
135
109
167
172
149
108
112
98
84
86
85
81
81
93
59
58
72
62
63
67
55
57
56
57
58
60
68
69
74
71
71
79
60
60
70
45
47
59
40
42
54
43
47
56
54
59
65
44
49
52
46
52
50
36
46
38
23
33
22
53
64
50
86
98
78
103
116
86
144
158
123
118
134
98
74
92
54
57
78
37
91
115
67
130
157
102
153
183
121
139
172
101
143
177
100
163
196
115
172
206
122
165
196
116
176
207
129
165
196
120
159
189
115
165
175
122
162
171
124
141
152
112
96
105
78
75
83
68
71
78
71
77
85
85
122
130
132
111
121
120
35
46
42
52
65
56
65
78
69
85
98
88
155
168
159
108
123
116
16
29
20
50
58
47
48
53
47
32
35
40
31
33
48
52
53
74
62
63
84
65
67
80
80
84
87
75
81
69
89
97
74
94
103
76
146
154
130
107
113
99
83
87
86
65
67
80
55
57
70
62
63
67
56
58
57
57
58
60
66
67
72
66
66
74
55
55
65
45
47
59
46
48
60
35
39
48
58
63
69
51
56
59
45
51
49
33
43
34
30
40
29
67
78
62
100
112
90
96
109
79
122
136
101
131
146
113
82
99
63
63
83
45
94
117
73
139
166
113
156
186
124
166
199
128
152
187
107
139
174
90
147
181
95
166
200
116
161
194
113
167
198
122
157
188
112
151
163
113
172
184
138
152
162
125
114
125
95
99
108
87
53
61
48
58
68
59
173
182
177
134
143
138
63
73
65
59
70
62
48
59
51
75
86
80
185
196
190
75
86
82
28
37
34
40
45
38
37
39
34
40
41
45
37
37
49
32
31
49
55
54
72
79
79
91
77
78
82
81
84
77
73
77
62
79
84
64
71
75
58
85
88
79
79
81
80
51
51
61
83
83
93
59
60
64
54
55
57
56
57
61
63
63
71
61
61
71
50
50
60
46
48
60
51
54
63
32
37
43
60
65
68
51
60
57
43
53
44
42
55
38
49
64
43
78
94
68
92
109
77
105
123
83
120
139
94
124
145
100
132
153
110
124
147
101
99
125
77
159
186
131
144
174
112
174
205
137
155
187
112
126
159
80
124
157
76
145
178
97
124
155
75
163
194
116
178
209
133
148
163
106
123
138
83
190
204
155
208
221
178
112
123
89
56
66
39
51
60
41
159
167
154
140
147
139
47
54
47
53
59
55
55
61
59
73
77
76
209
213
212
41
45
46
44
48
47
44
44
42
42
42
40
33
33
35
25
24
29
34
33
41
54
53
61
67
66
72
68
67
72
77
77
77
80
80
78
68
67
63
56
55
51
62
58
55
66
62
61
65
61
62
67
65
70
53
54
59
50
53
60
58
61
70
67
70
79
61
63
75
46
49
58
45
48
55
56
59
64
33
39
39
48
58
50
48
60
46
48
66
44
46
66
38
84
108
72
88
113
73
106
132
84
115
143
82
109
138
72
122
151
87
156
184
123
157
185
126
130
158
99
136
164
105
161
189
128
163
192
128
151
180
114
137
167
97
132
162
90
140
170
96
155
183
108
163
191
114
165
193
116
116
134
74
124
142
82
162
179
124
222
238
189
161
174
131
99
110
76
147
157
132
198
207
188
156
162
150
49
54
47
19
24
20
46
50
49
63
65
64
144
146
145
30
32
31
33
35
34
32
32
30
31
30
28
25
23
24
24
22
23
33
33
35
49
49
51
61
60
65
65
64
69
50
48
53
63
61
64
72
67
71
76
72
73
82
76
76
73
68
65
62
54
52
60
56
55
51
52
57
47
50
59
53
56
65
63
65
77
58
60
72
46
49
58
46
49
56
58
62
65
43
49
47
54
64
55
58
73
54
31
49
23
99
123
89
90
117
76
102
129
84
96
125
71
101
131
69
109
140
73
55
86
19
134
164
100
156
186
124
90
120
60
135
163
104
132
160
101
131
159
100
104
132
71
100
126
61
127
154
87
149
176
105
146
174
100
140
168
93
145
173
96
120
140
81
114
134
75
116
133
79
166
182
133
152
167
124
131
145
110
215
225
198
211
220
199
164
173
156
67
75
64
46
51
44
32
37
31
94
99
95
123
128
124
42
44
41
6
8
5
29
29
27
23
23
21
20
20
20
24
24
24
31
31
33
39
39
41
48
48
50
56
56
58
61
59
62
70
68
71
79
75
76
84
80
79
84
79
76
64
59
55
50
45
39
55
51
48
50
51
55
43
48
54
48
51
58
58
61
70
56
59
68
44
47
56
45
45
53
53
56
61
35
41
41
42
52
44
37
49
35
42
57
36
144
163
135
92
114
78
91
116
76
80
105
63
76
102
55
99
125
77
36
62
14
116
142
94
137
163
115
57
84
33
114
141
88
135
162
107
154
182
124
138
166
105
135
164
98
147
177
107
146
176
104
133
163
89
134
165
89
149
180
102
131
150
94
106
125
69
104
121
69
96
112
65
98
113
70
132
146
110
220
231
201
207
217
192
162
171
152
89
98
81
81
87
75
12
18
8
114
120
110
73
78
71
29
32
25
22
25
18
29
30
25
20
20
18
18
18
18
26
26
26
32
32
34
34
34
36
43
43
45
56
56
56
52
50
51
58
56
57
67
63
62
79
76
71
82
77
71
63
59
50
55
51
40
66
66
58
49
53
52
40
45
48
44
47
52
56
59
66
57
60
67
45
48
55
41
41
49
45
46
51
46
50
53
53
59
55
30
40
31
101
114
97
143
158
135
88
107
79
66
87
56
68
89
56
82
102
74
54
74
46
18
39
8
70
91
58
139
161
123
122
147
105
109
135
87
139
166
113
172
200
142
170
198
137
156
185
119
135
165
95
124
154
82
129
161
86
140
172
96
146
178
102
116
135
80
117
135
83
105
123
73
76
94
46
72
89
45
114
129
90
210
224
191
195
208
180
114
127
101
118
127
106
73
82
63
75
84
67
151
160
143
25
31
17
3
9
0
44
47
36
28
30
25
20
22
19
19
21
18
26
28
27
31
31
31
33
33
33
43
41
42
56
55
53
43
42
38
50
49
45
62
59
54
79
76
67
84
82
70
64
62
49
49
47
32
54
55
41
46
51
45
34
40
38
35
41
41
52
57
60
62
65
70
51
54
61
41
41
49
38
38
46
48
49
54
59
63
64
41
46
42
114
121
113
80
91
75
53
66
48
42
57
34
33
48
27
48
64
51
21
37
27
24
40
27
45
62
43
125
144
116
161
183
145
124
147
103
160
187
134
156
184
126
146
176
112
133
164
96
130
161
91
145
177
104
160
193
120
155
189
113
139
173
97
123
141
89
131
149
99
64
82
32
76
94
46
87
104
60
97
114
72
191
205
169
158
172
137
70
83
53
151
164
136
18
28
3
108
118
94
143
153
129
47
56
35
34
41
21
22
29
13
35
40
33
33
35
32
31
33
30
32
34
31
31
31
29
30
30
28
35
34
32
41
40
36
51
50
45
53
53
45
57
55
43
73
71
58
92
90
75
89
88
68
81
80
59
83
86
67
47
55
44
27
37
29
24
33
28
47
53
51
66
70
71
60
64
67
46
47
52
36
37
42
23
24
29
43
44
48
48
50
49
61
66
60
19
27
16
19
30
16
40
51
34
10
22
8
11
22
18
31
43
41
42
55
48
48
65
49
94
112
86
128
148
113
132
155
109
164
189
134
149
177
116
141
172
105
149
182
113
173
206
135
184
217
146
170
206
134
152
188
116
144
180
110
139
159
108
127
147
96
62
82
31
119
138
90
139
158
110
114
131
86
152
169
125
145
162
120
163
179
140
231
245
209
77
91
56
141
155
122
140
153
123
140
151
121
128
138
111
55
64
43
29
37
24
36
41
35
40
45
39
40
42
37
40
41
36
41
42
37
42
41
36
41
41
33
40
37
28
42
40
28
47
45
30
73
72
54
115
117
95
141
143
119
146
149
122
149
154
131
58
69
52
29
41
29
19
29
20
42
49
42
66
71
67
64
68
69
46
47
51
32
33
37
20
19
24
38
37
42
48
50
49
38
43
39
22
27
20
33
41
30
46
54
41
30
40
29
33
42
39
30
41
37
21
33
23
37
52
33
95
111
82
139
160
119
141
165
115
133
158
100
155
184
118
154
185
117
161
194
123
166
202
130
156
192
122
137
174
105
131
168
101
138
174
110
127
150
98
115
138
84
128
151
97
204
224
171
203
223
170
151
171
120
121
141
90
181
199
149
200
218
170
218
235
190
175
190
147
194
209
168
156
171
132
148
162
126
99
113
78
23
33
6
5
14
0
22
30
19
38
44
34
43
49
39
52
55
46
64
65
57
68
68
58
65
62
53
44
42
30
53
51
36
63
62
42
94
94
70
140
143
116
164
167
138
154
159
127
140
149
118
71
85
60
36
51
32
17
30
13
36
47
33
63
70
62
63
68
64
43
45
44
26
27
29
26
26
28
34
34
36
29
31
30
44
46
41
37
42
35
42
48
38
14
22
9
36
44
31
35
45
34
13
24
10
29
42
22
38
52
26
90
108
70
154
173
125
148
172
114
154
180
115
170
200
130
162
194
121
139
172
99
112
148
76
110
147
78
129
165
101
138
177
114
135
173
112
224
249
194
209
234
177
219
244
187
230
254
196
179
203
145
112
136
76
133
157
97
211
232
173
203
224
167
218
237
182
111
129
77
214
232
182
168
186
138
149
166
121
105
122
80
36
50
15
45
57
35
49
57
42
52
60
45
65
71
57
37
41
27
49
51
38
65
66
52
94
92
79
117
114
99
119
116
97
113
113
89
180
180
152
151
154
123
160
166
132
167
173
137
176
186
151
145
160
131
78
94
68
23
37
14
55
67
47
36
44
29
53
59
49
34
36
31
32
34
29
32
34
31
43
45
42
26
28
23
37
40
31
35
41
29
46
52
38
27
36
19
37
46
25
40
53
27
72
85
55
84
100
63
137
154
110
142
162
109
143
165
103
138
163
95
151
179
105
154
185
109
116
148
72
69
103
27
108
144
72
101
138
71
84
120
58
169
207
148
208
246
189
189
214
156
226
251
193
222
248
187
216
242
179
214
239
174
160
185
119
141
166
98
204
229
161
208
231
163
205
227
162
165
187
123
180
200
141
196
215
160
190
208
156
172
190
142
90
106
67
35
49
23
39
51
31
59
71
51
99
106
88
132
136
119
148
149
133
162
161
143
147
146
128
151
148
129
138
136
113
148
148
120
149
152
121
108
114
78
37
45
6
101
109
68
157
169
129
132
148
112
92
109
77
52
67
38
47
61
35
41
53
31
59
68
51
49
55
41
35
38
27
29
32
23
91
97
85
111
117
103
55
62
46
45
54
33
26
36
12
37
50
24
54
68
35
101
116
75
146
164
116
166
184
132
183
204
145
141
163
98
123
149
78
132
160
83
150
179
99
133
164
84
111
144
65
93
127
51
109
145
73
139
174
108
158
194
133
180
215
159
199
233
180
168
197
133
205
234
168
204
233
166
207
234
165
224
252
178
191
219
144
165
193
116
201
228
149
198
225
146
187
214
137
205
231
158
154
177
109
171
193
129
147
168
109
100
121
65
14
33
0
31
48
14
18
32
6
22
34
10
67
77
53
153
158
136
177
179
158
188
187
167
124
123
102
130
128
105
112
110
85
126
127
96
121
125
92
112
118
80
25
33
0
105
116
73
165
178
135
166
182
143
61
79
41
90
106
70
162
177
144
120
133
105
44
54
29
44
54
30
51
58
38
27
34
14
32
41
20
108
118
93
122
135
107
84
99
66
57
73
37
98
116
78
97
116
70
123
144
85
153
175
110
166
189
119
165
191
118
121
148
71
118
145
66
135
164
82
129
158
74
142
174
91
96
129
48
92
126
50
116
149
78
176
208
143
161
195
134
72
105
48
80
113
58
211
240
173
193
223
153
204
234
160
222
253
175
213
242
160
197
226
142
199
229
143
206
236
148
223
251
164
223
251
166
245
255
191
228
254
180
217
240
172
195
217
153
120
141
82
54
74
23
69
87
49
42
59
27
56
71
42
138
148
121
171
177
151
124
126
102
145
145
121
153
153
129
171
169
144
158
157
129
122
123
91
101
105
70
75
81
43
22
33
0
108
121
77
166
182
137
148
165
121
141
160
115
94
111
69
79
95
56
123
137
102
144
158
125
117
128
98
102
113
83
37
48
18
5
19
0
55
69
33
135
151
112
103
122
77
113
135
86
137
161
109
141
166
108
163
189
118
171
198
121
171
198
119
160
187
106
125
152
71
136
165
81
163
192
108
137
169
86
107
138
58
117
150
71
147
179
104
156
187
117
179
210
143
127
159
94
49
81
18
107
138
78
226
255
183
203
235
159
205
238
157
209
241
156
189
222
133
183
216
123
193
227
132
192
223
127
193
224
130
198
229
136
198
226
139
209
236
155
211
237
163
215
240
172
162
187
122
94
117
61
36
57
12
72
89
53
107
123
87
166
177
143
154
161
130
129
132
103
119
119
91
105
104
76
113
112
84
120
119
89
101
102
70
103
107
72
73
81
42
34
45
3
135
148
104
194
210
163
131
149
101
105
124
76
63
80
35
70
87
43
39
54
13
54
69
30
91
106
67
169
184
145
64
79
40
107
124
80
76
95
47
62
85
31
90
115
57
135
164
100
129
160
93
150
182
109
164
195
117
177
206
124
178
207
125
145
174
92
91
120
38
87
118
38
132
163
83
126
157
79
112
143
67
169
200
124
172
202
128
149
179
107
161
191
121
140
171
101
122
153
85
170
201
133
187
220
139
216
250
166
205
239
153
182
217
127
191
225
130
191
226
126
179
214
112
182
217
113
183
215
114
184
216
117
171
200
108
164
192
107
196
223
146
195
221
148
168
193
127
72
96
36
29
51
4
102
120
80
154
170
131
171
183
147
141
148
114
156
159
128
127
128
97
95
94
64
104
103
73
75
74
43
66
67
33
116
122
84
124
132
91
62
75
32
128
144
99
130
148
100
123
141
91
124
144
93
39
57
7
48
66
18
76
92
47
78
94
49
42
57
14
122
139
94
110
128
80
150
170
117
117
141
83
56
82
19
118
149
79
155
189
113
154
191
113
143
178
98
162
195
114
171
203
120
175
206
126
151
182
104
117
148
70
104
135
59
151
181
107
159
189
117
166
196
124
179
209
137
135
165
91
127
157
83
147
177
103
128
158
84
121
152
76
128
159
83
179
213
129
213
247
161
216
251
161
203
238
144
208
244
144
204
241
136
186
222
114
181
217
109
178
211
106
175
208
104
178
209
113
163
193
105
183
210
129
163
189
115
144
169
101
75
99
39
64
88
36
72
93
48
152
169
127
184
199
158
142
150
113
95
99
66
85
86
54
147
146
115
139
136
105
98
97
66
62
63
29
142
148
110
132
140
99
112
125
82
163
179
134
139
157
107
151
169
117
138
156
104
120
138
86
134
152
102
121
139
89
138
156
108
143
161
111
162
180
130
152
173
117
136
160
100
131
160
94
128
160
87
179
214
134
189
229
143
184
227
138
156
196
108
151
186
104
143
176
97
143
175
99
149
181
106
162
194
121
143
174
104
169
198
131
172
201
134
165
194
127
161
191
121
149
176
105
157
185
110
144
172
95
113
142
62
125
154
72
142
171
87
195
229
143
180
214
127
209
244
152
227
255
167
194
231
128
177
215
106
173
209
99
147
183
73
168
201
94
154
187
83
165
196
100
161
191
101
132
160
76
103
129
55
84
109
41
84
108
46
110
134
82
74
96
49
134
153
108
142
157
116
163
171
134
149
153
118
106
107
75
107
106
75
126
123
92
168
167
136
146
147
113
235
241
203
118
126
85
131
144
101
180
196
151
178
196
146
156
174
122
161
180
125
182
200
148
185
203
151
176
194
144
179
197
147
184
202
150
166
185
130
171
192
135
183
209
146
150
180
110
172
206
130
205
243
160
209
249
160
167
210
118
185
228
138
160
195
113
145
177
102
142
174
101
157
188
118
183
214
146
143
174
107
148
177
113
149
178
114
170
199
133
166
196
126
169
196
125
156
184
109
142
171
91
158
187
103
174
204
118
162
192
104
