89
99
74
89
99
74
126
139
111
126
139
109
112
127
96
113
128
99
95
110
87
102
116
99
123
135
125
119
129
121
93
99
95
94
99
93
82
85
74
68
73
53
107
111
86
131
136
104
99
107
68
85
96
54
83
93
58
90
99
70
102
112
88
86
95
78
55
65
54
62
72
64
61
70
65
42
51
48
67
78
72
91
102
94
66
78
68
57
69
55
83
96
79
97
110
92
89
100
84
115
126
110
110
121
107
105
115
104
77
87
78
79
89
80
79
89
81
104
114
106
99
109
101
113
123
115
127
137
128
115
125
116
80
90
79
92
103
89
69
80
64
85
96
82
71
78
70
110
117
110
99
106
98
98
106
95
62
70
57
61
69
54
86
95
78
97
106
87
95
104
83
103
112
91
104
113
92
110
119
98
104
113
94
72
81
62
104
113
94
68
77
58
96
106
81
93
103
78
96
109
81
108
121
91
100
115
84
93
108
79
107
122
99
115
130
111
110
122
110
115
125
117
94
101
94
95
100
93
89
93
79
67
72
52
90
94
67
114
120
86
76
84
45
93
104
64
89
99
64
90
99
70
86
96
72
50
59
40
34
45
31
61
71
62
58
67
62
69
78
73
94
105
99
90
101
93
64
76
64
78
90
76
99
112
95
87
100
82
115
126
110
122
133
117
111
122
108
87
97
86
89
99
90
96
106
97
106
116
108
114
124
116
108
118
110
120
130
122
148
158
149
105
115
106
99
109
98
90
101
87
78
89
73
64
75
61
64
71
63
94
101
93
85
92
84
91
99
88
59
67
52
58
67
50
81
90
71
98
107
88
113
122
101
114
123
102
86
95
74
88
97
78
102
111
92
99
108
89
113
122
103
67
76
59
79
89
65
84
94
69
68
81
53
93
106
78
94
109
80
76
90
64
100
115
92
100
115
96
100
112
100
103
113
104
80
87
79
88
94
82
106
110
93
91
96
73
110
115
85
153
159
123
81
89
50
90
100
63
134
144
110
153
162
133
67
77
53
19
28
9
59
67
54
51
58
50
58
68
60
84
94
86
113
123
115
106
116
107
86
98
86
107
119
105
126
139
122
109
122
104
109
120
104
106
114
99
98
106
93
72
80
69
106
113
105
115
122
114
129
136
129
121
128
121
121
128
121
118
125
118
119
126
118
73
80
72
87
95
84
102
110
97
99
107
92
71
79
66
68
76
65
94
102
91
91
99
88
100
108
95
71
79
64
67
76
59
78
87
68
91
100
81
116
125
104
136
145
124
107
116
97
122
131
112
146
155
138
154
163
146
130
139
122
72
80
65
99
108
87
112
122
98
103
116
90
115
128
100
115
130
101
94
108
82
86
101
78
73
88
69
98
110
96
89
99
88
64
72
61
82
88
74
114
119
99
90
96
68
89
95
61
141
147
109
119
127
90
103
113
78
130
139
108
165
174
147
82
92
68
39
48
29
90
98
85
55
63
52
74
84
75
81
91
82
105
115
106
114
124
113
94
106
92
85
98
81
93
106
88
97
108
91
99
107
92
97
103
91
97
103
91
95
101
91
125
130
123
125
130
124
124
129
123
117
122
116
134
139
133
152
157
151
144
149
143
134
139
132
106
112
102
114
120
108
81
87
75
61
69
56
71
79
66
101
109
96
107
115
102
112
120
105
89
98
81
93
102
85
88
97
78
88
97
78
120
129
108
140
149
130
99
108
89
107
116
99
121
130
113
138
146
131
113
121
106
86
94
81
78
87
68
88
97
76
93
106
80
80
93
67
90
105
76
97
111
85
69
85
59
66
81
60
79
92
75
66
77
63
60
68
53
97
104
86
141
146
123
110
117
84
85
91
53
128
135
94
132
140
103
118
128
94
64
73
44
92
101
74
118
126
103
88
95
77
91
99
84
85
93
82
101
109
98
99
107
96
117
127
116
136
147
133
125
136
120
104
115
98
105
118
100
119
130
113
111
117
103
119
122
111
118
121
112
137
140
131
133
136
129
122
124
119
102
104
101
113
115
112
110
112
109
132
134
131
134
136
131
141
144
137
92
95
86
68
71
62
55
58
47
68
74
62
75
83
70
106
114
99
113
121
106
106
115
98
90
99
82
113
122
103
101
110
91
92
101
80
125
134
115
129
138
119
87
96
79
92
101
84
97
105
90
101
109
96
71
79
66
59
67
56
91
100
83
90
99
80
89
101
77
60
73
47
75
89
63
96
110
84
70
86
60
85
100
79
70
83
66
61
72
56
66
75
58
96
103
83
142
148
120
139
146
112
121
128
86
153
160
118
116
123
89
95
104
73
54
63
34
83
91
67
117
125
102
100
107
89
99
108
91
104
112
99
85
93
80
96
104
91
106
117
103
112
123
107
110
121
104
103
114
97
98
111
91
99
110
93
114
120
108
130
133
124
124
127
118
138
141
134
113
115
110
102
104
101
84
86
83
108
110
107
123
125
122
100
102
99
98
100
97
106
108
103
112
115
108
69
72
63
87
90
81
101
104
93
102
108
94
117
126
109
115
124
107
97
106
89
82
91
72
113
122
103
99
108
87
92
101
80
138
147
128
122
131
112
95
104
87
99
107
92
108
116
103
100
108
97
57
65
54
29
36
28
88
96
81
92
101
84
78
90
68
69
81
57
78
92
66
61
75
49
32
48
22
44
59
38
75
88
70
78
89
73
85
94
75
75
83
60
104
111
80
140
148
109
140
147
103
153
160
116
131
138
104
87
93
65
86
92
66
106
111
88
83
91
68
71
78
58
89
96
78
90
97
81
106
114
99
119
127
112
119
127
112
111
120
103
108
119
102
104
115
98
91
102
85
84
92
77
117
120
109
135
136
128
129
130
124
111
112
106
93
94
89
85
85
83
83
83
83
95
95
95
102
102
102
69
69
69
64
64
62
101
102
97
131
132
126
79
80
74
71
72
64
55
58
47
117
124
108
111
120
101
107
116
97
99
108
89
85
94
75
107
116
95
86
95
74
92
101
80
135
144
125
105
114
95
86
95
78
70
78
63
84
92
81
93
100
92
77
84
76
43
50
43
39
47
34
68
76
61
66
78
58
110
122
100
131
145
120
80
94
69
55
70
47
57
72
51
55
68
50
84
95
78
108
117
98
81
89
65
104
111
78
169
177
136
179
187
140
172
179
135
176
183
149
119
125
97
80
86
60
65
71
45
58
66
42
47
55
32
42
49
29
68
75
57
82
91
72
89
98
79
91
100
83
100
109
92
112
123
106
111
122
105
103
114
98
106
114
99
134
137
128
153
154
148
149
150
144
98
99
94
92
92
90
82
82
82
89
89
89
79
79
79
76
76
76
69
69
69
56
56
56
117
117
115
115
116
111
95
96
90
88
89
83
97
100
89
101
108
92
84
93
74
89
98
79
101
110
91
94
103
82
106
115
94
80
89
68
96
105
84
89
98
79
78
87
70
96
104
89
78
86
73
93
101
90
105
112
104
98
105
98
51
58
51
96
104
93
73
81
68
99
110
93
87
99
77
94
108
85
70
84
61
46
61
38
49
64
43
58
71
53
82
93
76
78
87
68
89
97
73
116
123
90
99
107
66
143
151
102
135
143
96
162
167
135
143
147
122
92
98
72
55
61
35
54
60
34
81
86
63
52
60
36
85
93
70
95
102
82
103
110
90
87
96
77
115
124
107
127
136
119
98
106
91
119
127
114
153
159
149
181
184
177
165
166
161
119
120
115
109
109
107
104
104
102
91
91
91
96
96
98
78
78
80
78
78
80
54
54
56
67
67
67
94
94
92
91
91
89
94
95
90
120
121
116
138
141
132
96
103
87
95
104
85
110
119
100
76
85
66
58
67
46
91
100
79
103
112
91
106
115
94
86
95
76
98
107
90
103
111
96
97
105
92
93
101
90
92
99
91
80
87
80
63
70
63
100
108
97
82
90
77
89
100
83
72
84
64
76
89
69
61
74
54
61
76
55
67
82
63
61
74
57
66
77
61
72
81
62
99
107
84
101
108
77
88
96
57
111
119
72
65
72
28
127
132
100
112
116
91
60
66
40
59
65
37
62
68
40
86
92
64
61
67
41
91
100
73
122
130
106
97
105
82
74
83
62
94
103
86
104
112
97
93
101
88
124
132
121
171
176
169
160
162
157
158
158
156
126
126
124
116
116
116
107
107
107
94
94
96
96
96
98
77
76
81
67
66
71
50
50
52
65
65
67
89
89
89
87
87
87
88
88
86
104
104
102
112
115
108
137
143
129
97
106
87
125
134
115
127
136
117
90
99
80
94
103
82
106
115
94
109
118
97
120
129
110
89
98
79
66
75
58
76
84
69
98
106
95
105
112
104
93
100
92
80
87
80
61
68
60
58
66
55
48
59
43
42
53
36
55
68
48
61
74
54
94
109
90
103
117
100
43
55
41
49
60
46
72
80
65
113
120
100
86
92
64
89
97
60
112
119
75
61
68
26
36
41
9
60
64
37
48
52
25
84
89
59
81
86
56
80
85
55
73
80
49
108
114
86
92
101
74
83
91
67
87
94
74
83
90
74
97
105
92
143
150
142
181
188
181
205
210
206
155
157
154
160
162
159
138
140
139
120
122
121
106
107
109
98
99
101
97
98
102
79
80
85
71
72
77
59
60
64
64
65
67
74
75
77
70
72
71
73
75
74
87
89
86
94
97
90
84
90
78
79
88
71
137
146
129
134
143
126
75
84
65
94
103
84
132
141
120
122
131
110
128
137
118
90
99
80
68
77
60
79
87
72
89
97
84
86
94
83
94
102
91
113
120
112
79
86
78
82
90
79
55
66
52
54
65
49
61
74
56
66
79
61
98
112
95
93
107
92
53
65
53
51
61
50
57
65
52
97
104
88
78
84
58
93
100
66
99
106
65
59
66
25
41
46
14
62
67
37
52
57
27
66
71
39
79
84
52
75
81
47
116
123
89
144
151
118
136
145
116
85
93
69
88
95
75
115
121
107
174
182
171
235
241
237
208
214
212
164
168
169
157
161
160
162
164
163
141
143
142
113
114
116
102
103
105
106
107
111
105
106
111
89
90
95
83
84
89
77
78
83
69
70
74
57
58
60
47
48
50
54
56
55
73
75
74
84
89
83
66
74
63
56
64
49
74
82
67
74
83
66
74
83
66
124
133
114
137
146
127
86
95
74
86
95
76
68
77
58
64
73
56
72
81
64
67
75
60
57
65
52
77
85
72
112
120
109
95
102
94
99
107
96
70
81
67
77
88
72
78
91
73
75
88
70
82
96
81
62
76
63
62
73
65
48
58
50
30
37
29
81
87
73
114
119
97
136
143
112
107
113
77
72
78
40
112
116
83
111
114
83
99
104
72
86
92
58
132
138
102
122
128
92
157
165
128
135
142
108
155
162
131
93
98
75
125
132
112
196
202
188
235
240
234
224
228
227
175
179
182
160
164
167
149
153
154
144
148
147
127
131
132
100
104
105
96
100
103
107
111
114
97
100
105
79
82
87
72
75
80
78
81
86
72
76
79
53
57
60
38
42
43
35
39
40
47
51
50
62
68
64
104
111
103
79
87
74
48
56
43
55
63
48
88
97
80
110
119
102
103
112
93
79
88
69
76
85
64
60
69
50
52
61
42
63
72
55
75
84
67
80
88
73
86
94
79
94
102
89
78
85
77
80
88
77
66
77
63
89
100
84
93
106
88
95
108
91
80
94
81
62
75
65
39
50
44
34
43
38
38
45
38
87
93
83
129
133
116
133
139
113
109
115
81
104
110
74
135
139
106
141
145
112
162
168
134
144
150
114
183
189
151
161
167
129
170
178
139
127
134
100
116
123
92
132
138
112
189
196
178
219
225
213
189
194
190
143
147
150
132
135
142
159
162
169
136
142
142
124
130
128
116
122
122
95
101
101
93
98
101
95
100
104
65
70
74
43
48
52
56
61
65
73
78
82
75
80
84
63
68
71
49
55
55
33
39
39
30
36
34
44
50
46
111
118
110
115
123
112
77
85
74
66
74
61
87
95
80
94
103
86
101
110
91
106
115
96
95
104
83
80
89
68
67
76
57
70
79
60
85
94
77
94
103
86
88
97
80
78
86
71
78
85
77
70
78
67
69
80
66
92
103
87
91
104
87
98
110
96
66
80
67
64
77
68
48
59
53
37
46
41
70
76
72
89
94
87
80
84
69
58
63
40
78
83
51
105
111
77
132
136
103
133
137
102
154
158
123
136
140
103
135
142
101
137
144
103
146
153
112
144
150
114
159
166
133
194
200
174
186
193
175
159
165
155
140
144
143
128
131
136
115
118
127
90
93
102
116
121
124
100
109
106
103
111
111
92
100
100
92
100
102
89
97
100
50
57
63
32
39
45
75
82
88
84
91
97
77
85
88
69
77
79
65
73
73
48
56
56
44
53
50
64
73
68
125
132
125
103
110
102
62
69
61
72
80
69
100
108
93
110
119
102
118
127
108
101
110
91
94
103
82
86
95
74
79
88
67
79
88
69
80
89
70
77
86
67
69
78
59
63
72
55
44
52
41
30
38
27
39
50
36
63
74
58
61
72
56
76
88
74
44
56
44
60
72
62
87
98
92
43
52
47
84
90
86
89
96
88
54
60
46
38
42
25
99
104
81
137
143
115
110
115
83
95
101
67
106
112
78
112
118
84
92
99
65
111
118
85
90
97
66
101
107
79
192
197
174
210
214
197
157
163
151
126
131
125
135
139
138
138
141
146
134
137
144
100
103
110
91
96
99
75
83
83
89
97
97
88
96
98
96
104
107
99
107
110
66
73
79
59
66
72
114
121
127
107
114
120
81
89
92
68
76
79
73
81
83
67
75
75
74
82
82
104
113
110
137
146
141
77
84
77
59
66
58
113
121
110
106
114
99
69
78
61
95
104
85
112
121
100
99
108
87
86
96
72
83
92
71
97
106
85
105
114
95
95
104
87
79
88
71
71
80
63
45
53
38
29
37
22
41
49
34
54
62
47
48
56
43
97
108
94
49
59
48
71
81
72
91
101
92
78
85
78
84
91
84
72
79
72
49
56
48
51
56
49
109
115
105
76
83
67
53
63
38
104
115
85
89
99
74
102
112
88
95
102
84
116
122
108
49
55
45
153
158
151
238
243
239
198
202
201
156
157
159
138
139
141
135
136
138
130
131
133
117
118
120
105
109
110
75
80
83
73
78
81
59
64
67
83
88
92
83
88
92
90
95
99
81
86
90
104
109
113
134
139
143
102
107
111
85
90
94
77
82
86
53
58
62
37
42
45
47
52
55
62
70
70
74
83
80
94
104
96
78
88
79
102
113
99
89
100
83
85
97
77
100
112
88
127
139
115
116
126
101
86
96
71
99
107
84
93
100
82
102
109
93
75
81
67
102
108
96
65
71
61
58
67
48
37
46
27
33
42
25
34
43
26
19
27
12
55
63
48
51
59
46
98
106
93
74
82
71
106
114
103
64
71
63
53
60
52
77
84
77
75
82
75
69
76
69
77
85
74
78
90
68
121
134
108
111
123
101
77
88
71
70
78
67
86
93
86
131
137
137
228
233
237
204
207
214
190
193
200
164
164
172
138
139
144
131
132
136
133
134
136
119
121
120
99
101
100
87
91
94
73
78
82
48
53
57
62
67
71
66
71
75
88
93
97
99
104
108
128
133
137
130
135
139
102
107
111
80
85
89
58
63
67
22
27
31
0
4
8
3
8
12
13
18
21
76
85
82
135
146
140
64
76
66
77
89
75
120
131
114
96
108
86
90
102
78
82
95
69
106
116
89
107
117
92
87
95
72
65
72
54
102
109
93
90
96
82
81
87
77
42
47
40
45
55
31
38
48
24
46
55
34
75
84
63
77
86
65
71
80
61
66
75
58
84
93
76
87
95
80
95
103
88
60
68
55
81
89
76
86
94
83
87
95
84
78
86
75
100
108
93
97
109
87
114
126
102
112
124
102
62
73
56
83
91
80
118
125
118
218
224
224
240
245
249
179
182
189
178
181
188
165
165
173
140
141
146
127
128
132
127
128
130
121
123
122
109
110
112
100
104
107
75
80
84
42
47
51
41
46
50
47
52
56
79
84
88
106
111
115
135
140
144
103
108
112
86
91
95
70
75
79
46
51
55
14
19
23
5
10
14
18
23
27
27
32
35
111
119
119
137
148
142
111
122
114
110
122
110
142
153
137
138
150
130
130
142
118
77
90
64
111
121
94
111
121
96
88
96
73
71
78
58
87
94
78
97
103
89
99
105
93
59
65
55
48
58
31
46
56
31
44
54
29
85
95
70
115
125
100
108
118
94
112
121
100
98
107
88
88
97
78
58
67
50
52
61
44
90
98
83
76
84
69
70
78
63
91
99
84
127
136
119
82
94
72
83
95
71
91
103
83
54
65
49
88
96
85
176
183
176
243
249
249
191
196
200
174
177
184
173
176
183
164
164
172
142
143
148
126
127
131
122
123
125
127
129
128
130
131
133
104
108
111
77
82
86
47
52
56
34
39
43
36
41
45
68
73
77
99
104
108
116
121
125
80
85
89
72
77
81
63
68
72
43
48
52
26
31
35
39
44
48
68
73
77
81
86
89
108
116
116
89
100
96
142
153
145
111
123
111
118
129
113
139
151
131
119
131
107
109
122
96
89
99
74
93
103
78
136
144
120
156
164
141
106
113
95
108
115
99
121
127
113
54
60
48
43
54
24
71
82
52
75
85
58
100
110
83
112
122
95
104
114
89
122
132
107
105
115
91
50
59
38
32
41
20
32
41
22
35
44
25
61
70
53
53
62
45
68
77
60
101
110
91
58
70
48
67
79
57
79
90
73
50
61
47
64
71
63
203
209
205
216
222
222
166
171
175
165
168
175
179
182
189
172
173
178
139
140
145
124
125
129
134
135
137
139
141
140
129
130
132
96
100
103
72
77
81
52
57
61
31
36
40
31
36
40
61
66
70
98
103
107
104
109
113
87
92
96
76
81
85
63
68
72
44
49
53
33
38
42
53
58
62
84
89
93
96
101
104
100
108
108
93
104
100
124
135
129
75
87
77
96
107
93
95
106
89
74
86
64
139
151
127
91
101
76
113
123
98
158
166
142
159
167
144
98
105
85
109
116
98
129
136
120
59
65
51
60
71
41
125
136
106
148
159
129
150
160
133
102
112
85
72
82
57
81
91
66
79
89
65
49
59
35
22
31
10
35
44
23
14
23
4
38
47
28
66
75
58
79
88
71
43
52
35
60
72
52
68
80
60
71
82
66
63
74
60
98
105
97
222
228
224
184
190
190
152
157
160
144
147
152
178
181
188
175
176
181
131
132
137
124
125
129
153
154
158
144
145
147
101
102
104
81
85
88
60
65
69
51
56
60
23
28
32
23
28
32
58
63
67
108
113
117
108
113
117
94
99
103
77
82
86
63
68
72
51
56
60
47
52
56
65
70
74
88
93
97
93
98
102
132
140
142
123
134
130
107
118
112
87
99
89
80
91
77
70
81
64
98
110
88
126
138
114
99
109
85
137
147
122
125
133
109
78
86
62
80
88
65
111
118
98
127
134
116
81
88
72
114
124
97
150
160
133
143
153
126
125
135
110
53
63
38
36
46
22
44
54
30
70
79
58
87
96
75
48
57
38
55
64
45
38
47
30
39
48
31
89
97
82
91
99
84
41
49
34
73
84
68
68
79
63
60
71
57
77
87
76
185
192
185
221
227
223
164
170
170
137
142
145
136
139
144
155
158
163
150
151
156
126
127
132
129
130
134
149
150
154
128
129
131
83
84
86
63
67
70
47
52
56
50
55
59
17
22
26
16
21
25
51
56
60
109
114
118
104
109
113
88
93
97
68
73
77
58
63
67
60
65
69
62
67
71
71
76
80
77
82
86
72
77
81
107
115
117
104
115
111
97
108
102
94
105
97
58
68
57
83
94
78
118
130
110
81
93
71
82
92
68
106
116
92
101
109
85
78
86
62
120
128
105
119
126
106
110
117
97
60
67
49
114
124
100
107
117
93
71
81
57
67
76
55
18
27
6
26
35
16
19
28
9
48
57
40
104
113
96
100
108
93
59
67
52
43
51
38
70
78
65
96
104
93
57
65
54
91
99
88
74
85
71
64
75
61
53
63
52
76
86
77
235
242
235
186
192
190
150
156
156
139
145
145
144
148
151
127
130
135
118
119
124
125
126
131
136
137
141
131
132
136
107
108
110
84
85
89
52
55
60
40
45
49
51
56
60
17
22
26
12
17
21
43
48
52
99
104
108
88
93
97
86
91
95
62
67
71
53
58
62
60
65
69
59
64
68
54
59
63
44
49
53
28
33
36
35
43
43
84
95
91
100
111
105
69
80
72
66
76
65
124
135
119
91
102
85
70
82
62
108
117
96
72
82
58
95
103
80
115
123
99
141
149
126
103
111
88
104
111
91
49
56
36
89
98
81
82
91
74
38
47
30
14
23
6
46
54
39
68
76
61
59
67
54
56
64
51
80
88
77
110
117
109
60
67
59
35
42
35
35
42
35
30
36
32
49
55
51
35
42
35
42
52
41
57
67
56
42
52
43
156
166
158
226
232
228
167
173
171
150
156
156
128
134
134
113
117
120
117
121
124
114
115
119
123
124
128
117
118
122
95
96
100
90
91
95
80
81
85
53
56
61
56
61
65
52
57
61
26
31
35
6
11
15
30
35
39
76
81
85
100
105
109
80
85
89
71
76
80
63
68
72
59
64
68
51
56
60
38
43
47
31
36
40
33
38
41
59
68
65
93
104
98
109
120
112
76
88
78
78
88
77
88
99
83
61
72
55
69
81
61
79
88
67
81
90
69
96
104
81
114
122
99
96
104
81
77
85
62
87
94
74
71
78
58
117
125
112
93
101
88
57
65
52
29
37
24
28
36
25
51
59
48
59
66
58
46
53
45
14
21
14
39
45
41
36
42
38
17
23
21
28
34
32
38
44
44
44
50
50
73
79
77
68
78
70
40
50
41
61
71
63
205
214
209
205
211
207
150
156
154
143
149
149
126
132
132
121
125
128
125
129
132
118
119
123
120
121
125
106
107
111
84
85
89
86
87
91
82
83
87
69
72
77
59
64
68
51
56
60
31
36
40
7
12
16
14
19
23
50
55
59
75
80
84
79
84
88
71
76
80
63
68
72
58
63
67
53
58
62
48
53
57
45
50
54
45
50
53
71
80
75
95
106
98
95
107
97
80
92
80
96
107
93
69
80
64
29
40
23
73
84
67
77
86
67
84
93
72
101
108
88
105
112
92
87
94
74
68
75
55
92
99
79
86
93
73
85
93
82
59
67
56
50
58
47
38
45
37
25
32
24
49
56
49
66
73
66
41
47
43
35
41
37
62
68
66
31
37
35
22
28
28
39
45
45
38
43
46
56
61
64
73
79
79
76
85
80
113
123
115
172
181
176
246
255
250
178
184
182
153
159
157
139
145
145
114
120
120
125
129
130
129
133
134
116
117
121
109
110
114
90
91
95
70
71
75
78
79
83
79
80
84
81
84
89
60
65
69
49
54
58
36
41
45
10
15
19
3
8
12
26
31
35
48
53
57
70
75
79
67
72
76
60
65
69
54
59
63
53
58
62
55
60
64
52
57
61
48
54
54
51
61
53
107
119
107
98
110
96
66
78
64
97
108
92
83
94
78
38
49
32
71
82
65
72
81
64
80
89
70
97
104
86
89
96
78
84
91
73
66
73
55
98
105
87
91
98
80
93
101
88
67
75
64
47
55
44
37
44
36
42
49
41
76
83
76
99
106
99
89
95
91
83
89
85
81
87
85
41
47
45
21
27
27
38
44
44
40
45
48
36
41
44
47
52
55
135
144
141
219
228
225
249
255
255
230
239
236
171
177
175
161
167
165
129
135
135
112
118
118
119
123
124
120
124
125
104
105
109
95
96
100
78
79
83
63
64
68
73
74
78
72
73
77
75
78
83
57
62
66
47
52
56
35
40
44
12
17
21
6
11
15
20
25
29
30
35
39
50
55
59
53
58
62
52
57
61
48
53
57
48
53
57
51
56
60
45
50
54
36
42
42
34
44
33
102
115
98
100
113
95
63
76
58
86
97
80
93
104
87
63
74
57
65
76
59
61
70
53
76
85
68
93
100
84
84
91
75
93
100
84
76
83
67
98
105
89
81
88
72
85
93
78
76
84
69
45
53
40
35
43
30
63
71
60
82
90
79
78
85
77
77
84
76
90
97
90
52
59
52
49
55
51
36
42
38
41
47
45
54
60
58
60
66
66
121
127
127
227
235
235
235
243
243
243
251
251
194
202
202
177
183
183
144
150
150
119
125
125
115
121
121
106
110
111
107
111
112
91
92
96
85
86
90
76
77
81
66
67
71
73
74
79
67
68
73
60
63
68
52
57
61
44
49
53
27
32
36
9
14
18
13
18
22
22
27
31
17
22
26
25
30
34
32
37
41
39
44
48
42
47
51
44
49
53
43
48
52
36
41
45
29
35
33
52
63
49
85
98
78
96
109
89
89
102
82
83
95
75
77
88
71
71
82
65
65
76
59
52
60
45
91
99
84
113
119
105
102
108
94
101
107
93
81
87
73
92
98
84
76
82
68
101
110
91
103
112
93
73
82
65
62
71
54
95
103
88
106
114
99
96
104
91
107
115
102
101
109
98
80
88
77
27
34
26
64
71
63
54
61
54
47
54
47
173
179
175
234
240
238
220
228
228
198
206
206
229
237
237
193
201
201
170
176
176
121
127
127
120
126
126
96
102
102
93
97
98
97
101
102
85
86
90
82
83
87
77
78
82
70
71
75
76
77
82
66
67
72
50
53
58
47
52
56
40
45
49
21
26
30
5
10
14
12
17
21
18
23
27
7
12
16
8
13
17
15
20
24
26
31
35
37
42
46
38
43
47
34
39
43
34
39
43
38
44
42
67
78
61
97
111
86
113
127
102
108
122
99
86
98
76
81
93
73
92
103
86
73
84
67
49
57
42
115
123
110
134
140
128
119
125
113
91
97
85
77
83
71
85
91
79
86
92
80
119
129
105
109
119
95
82
91
70
61
70
49
64
73
54
85
94
75
112
121
104
135
144
127
114
122
107
92
100
85
11
19
6
46
54
41
54
62
51
94
102
91
242
249
241
230
237
230
150
158
158
199
207
209
237
245
247
194
202
204
158
164
164
110
116
116
101
107
105
71
77
75
83
87
88
93
97
98
84
85
87
80
81
83
73
74
78
66
67
71
73
74
79
64
65
70
52
55
60
42
47
51
35
40
44
23
28
32
7
12
16
7
12
16
13
18
22
9
14
18
9
14
18
8
13
17
17
22
26
29
34
38
28
33
37
22
27
31
33
38
42
52
58
54
84
96
76
124
138
112
128
142
116
119
133
108
100
112
90
81
93
73
89
100
83
85
96
79
53
61
46
123
131
118
118
124
114
104
110
100
66
72
62
76
82
72
82
88
78
94
100
90
116
125
104
116
125
104
133
142
121
126
133
113
88
95
77
83
90
72
101
108
92
98
105
89
121
127
113
43
49
35
51
59
46
12
20
9
62
69
61
225
232
224
232
239
232
169
175
171
133
139
139
227
232
235
216
221
224
172
177
180
160
166
166
104
110
110
61
67
65
68
74
72
76
80
81
90
94
95
84
85
87
78
79
81
66
67
71
58
59
63
68
69
73
60
63
68
54
61
67
36
43
49
30
37
43
29
34
38
14
18
21
5
9
12
12
16
19
18
22
25
17
22
26
9
14
18
12
17
21
22
27
31
17
22
25
11
15
18
30
34
35
61
66
60
117
129
109
133
147
121
118
132
106
136
150
125
124
136
114
48
60
38
43
55
35
94
105
88
56
67
51
113
124
108
82
90
75
73
81
68
44
52
39
81
89
76
81
89
76
93
101
88
122
128
114
129
135
121
141
147
133
147
151
137
133
137
123
110
114
100
97
99
86
96
98
87
119
122
113
73
76
69
60
65
59
96
102
98
183
189
187
248
255
255
209
217
219
142
150
152
159
164
167
210
214
215
210
214
215
179
183
184
120
124
125
73
77
78
68
72
73
41
45
46
74
78
79
83
87
88
85
89
90
76
80
81
68
72
73
65
69
70
60
64
65
52
57
61
45
55
65
43
56
65
45
54
61
32
37
41
16
17
19
18
18
18
23
25
24
15
16
18
1
6
9
28
36
38
12
20
23
16
24
26
14
20
20
17
19
18
35
36
31
86
88
77
100
109
90
111
123
99
139
151
127
112
124
102
108
122
99
44
58
35
70
84
61
116
129
109
49
62
42
84
97
77
75
88
68
53
66
46
44
57
37
57
70
50
90
103
83
102
115
95
161
167
155
163
169
157
172
175
164
178
181
170
177
179
168
169
171
160
168
168
158
170
170
162
158
159
153
163
164
159
190
192
189
212
216
217
237
242
245
228
235
241
163
172
179
117
124
130
183
188
191
201
205
206
193
197
198
154
158
159
97
101
102
68
72
73
62
66
67
38
42
43
65
69
70
81
85
86
87
91
92
75
79
80
63
67
68
61
65
66
60
64
65
53
61
64
51
63
75
48
62
73
50
59
66
37
42
46
20
20
20
18
17
15
22
22
20
14
16
15
12
18
18
19
27
29
16
26
28
14
22
24
22
28
28
20
22
19
55
55
47
98
98
86
95
102
86
96
105
86
107
116
97
83
92
73
107
119
99
78
90
70
90
102
82
98
110
90
65
78
58
85
99
76
76
90
67
58
72
49
42
56
33
56
70
47
104
118
95
123
137
114
224
230
218
219
225
213
218
221
210
220
223
212
223
225
212
224
226
213
227
227
217
231
231
223
219
220
214
226
227
222
236
238
235
231
235
236
227
232
235
193
200
206
144
153
160
145
152
158
208
213
216
185
189
190
179
183
184
139
143
144
85
89
90
74
78
79
63
67
68
40
44
45
42
46
47
73
77
78
92
96
97
80
84
85
63
67
68
59
63
64
58
62
63
50
58
61
54
67
76
49
63
74
52
61
68
41
46
50
22
22
22
17
16
14
20
20
18
15
17
16
25
31
31
14
22
24
24
34
36
11
19
21
19
23
22
24
25
20
68
65
58
91
89
77
70
74
60
105
112
96
151
158
142
127
134
118
110
117
101
60
67
51
83
92
75
115
124
107
73
82
65
80
89
70
75
84
65
62
71
52
37
46
27
51
60
41
105
114
95
119
128
109
222
228
216
221
224
213
219
222
211
217
219
208
214
216
203
213
215
202
215
215
205
218
218
208
218
219
211
225
226
221
228
230
227
218
219
221
208
212
215
167
172
176
128
135
141
156
163
169
204
209
212
158
162
163
163
167
168
133
137
138
83
87
88
78
82
83
60
64
65
37
41
42
19
23
24
61
65
66
93
97
98
87
91
92
69
73
74
60
64
65
56
60
61
47
55
58
52
65
74
46
60
71
50
59
66
43
48
52
24
24
24
15
14
12
19
19
17
18
20
19
27
32
35
16
24
26
27
37
39
14
22
24
10
14
13
59
60
54
100
97
88
105
101
90
66
66
54
38
40
27
52
54
41
79
81
68
111
113
100
74
76
63
64
66
53
65
67
53
51
53
39
66
68
54
81
83
69
83
85
71
60
63
46
75
78
61
111
114
97
94
97
80
207
210
199
216
219
208
225
227
214
225
227
214
221
221
209
219
219
207
220
220
210
222
222
212
224
224
216
232
233
227
231
233
230
210
212
211
186
190
193
143
148
152
115
122
128
156
164
167
176
181
184
126
130
131
137
141
142
119
123
124
73
77
78
63
67
68
43
47
48
25
29
30
11
15
16
50
54
55
83
87
88
84
88
89
70
74
75
62
66
67
60
64
65
56
64
67
58
71
80
50
62
74
54
63
70
49
54
58
27
28
30
13
13
13
17
17
17
19
23
24
33
38
41
31
39
42
24
32
34
11
17
17
0
1
0
98
97
92
129
125
114
126
120
108
83
79
68
59
55
46
65
61
52
73
69
60
75
71
62
49
45
36
61
57
46
80
76
65
67
63
51
74
70
58
73
69
57
66
62
50
58
55
40
98
95
80
144
141
126
120
117
102
182
185
174
196
199
188
208
210
197
209
211
198
204
204
192
202
202
190
203
203
193
204
204
194
239
239
231
227
226
221
208
209
204
178
180
179
164
168
169
146
151
155
124
131
137
148
153
157
152
156
159
109
113
114
112
116
117
109
113
114
73
77
78
48
52
53
32
36
37
21
25
26
19
23
24
40
44
45
64
68
69
73
77
78
69
73
74
65
69
70
68
72
73
73
78
82
72
82
92
59
71
83
62
71
78
59
64
68
33
34
36
13
13
13
15
17
16
20
24
25
15
20
23
24
32
35
21
29
31
28
34
34
32
34
31
193
190
183
232
226
214
240
230
218
208
199
190
191
182
173
181
172
163
167
158
149
162
153
144
160
151
142
154
146
135
130
120
110
121
111
99
128
118
106
121
111
99
116
107
92
120
111
96
153
144
129
183
174
159
157
148
133
194
198
184
202
206
192
206
208
195
200
202
189
197
198
184
198
198
186
202
200
188
202
199
190
201
201
193
195
194
189
195
196
191
179
181
180
169
173
174
156
161
165
112
119
125
91
96
100
131
135
138
106
110
111
98
102
103
116
120
121
95
99
100
53
57
58
37
41
42
26
30
31
23
27
28
29
33
34
49
53
54
71
75
76
78
82
83
73
77
78
73
77
78
80
85
89
76
86
95
62
75
84
65
74
81
64
69
73
37
38
40
14
14
14
15
17
16
23
27
28
30
35
38
28
36
39
24
32
34
19
25
25
28
29
24
158
154
145
174
164
152
178
166
152
172
158
147
172
158
149
177
163
152
174
160
149
167
153
140
175
161
148
161
147
134
123
107
92
155
139
124
179
163
147
197
181
165
223
208
189
233
218
199
223
208
189
210
195
176
181
166
147
187
191
177
188
190
177
181
183
170
173
173
161
172
173
159
182
180
167
187
185
173
186
184
172
182
179
170
196
195
190
218
219
214
191
191
191
153
154
156
131
135
138
91
96
100
62
67
71
112
116
119
102
106
107
92
96
97
127
131
132
120
124
125
65
69
70
45
49
50
29
33
34
20
24
25
20
24
25
42
46
47
77
81
82
92
96
97
81
85
86
73
77
78
76
81
85
73
83
92
58
71
80
63
72
79
64
69
73
38
39
41
14
14
14
16
18
17
26
30
31
28
33
36
19
27
30
31
39
41
26
30
29
49
48
43
144
137
127
144
132
118
145
129
114
147
131
116
144
126
112
157
139
125
163
146
130
142
125
109
138
121
103
135
116
99
117
99
79
180
162
142
184
166
144
180
159
138
205
185
161
222
202
178
213
193
169
221
201
176
230
210
185
182
184
171
179
181
168
193
194
180
172
173
159
157
155
142
125
123
110
157
153
141
188
184
173
181
178
169
202
202
194
207
208
203
199
199
197
191
192
194
161
165
168
108
113
117
69
74
78
63
67
70
97
101
102
101
105
106
104
108
109
119
123
124
88
92
93
42
46
47
38
42
43
26
30
31
14
18
19
24
28
29
96
100
101
96
100
101
84
88
89
78
82
83
78
83
87
68
78
87
73
83
92
57
64
72
57
62
66
48
49
51
19
21
20
21
22
24
27
31
32
22
30
32
22
30
33
23
31
33
14
18
17
54
51
44
163
155
144
164
151
134
167
150
132
174
155
138
157
139
119
175
157
137
187
169
147
192
174
152
179
159
135
162
142
118
200
180
155
210
188
164
208
187
160
204
180
152
200
176
148
205
182
151
214
191
160
219
194
164
217
192
162
205
207
194
197
199
186
187
188
174
173
174
160
152
150
137
149
147
134
149
145
133
144
140
129
148
145
136
194
191
184
214
213
208
203
203
201
196
198
197
182
186
187
144
149
152
108
113
116
58
62
63
57
61
62
79
83
84
105
109
110
105
109
110
82
86
87
53
57
58
30
34
35
18
22
23
16
20
21
24
28
29
79
83
84
121
125
126
91
95
96
77
81
82
79
84
88
62
72
81
67
77
86
53
60
68
57
60
65
50
51
53
22
23
25
17
21
22
20
25
28
18
26
29
23
31
34
25
31
31
15
17
14
62
58
49
170
160
148
171
156
137
167
149
127
167
146
125
164
143
122
181
161
137
185
165
141
195
175
150
194
173
146
173
152
125
189
165
137
197
173
145
198
173
143
210
185
154
230
204
171
227
201
168
199
173
138
173
147
112
165
136
102
161
163
149
163
165
151
157
158
144
166
167
153
152
150
135
189
186
171
177
173
161
147
143
132
142
138
129
202
199
192
227
226
221
205
205
203
192
194
193
185
189
190
158
163
166
128
133
136
71
75
76
25
29
30
50
54
55
96
100
101
82
86
87
70
74
75
63
67
68
28
32
33
14
18
19
18
22
23
22
26
27
62
66
67
137
141
142
96
100
101
76
80
81
79
84
88
61
69
79
65
73
83
47
54
60
50
53
58
46
47
49
23
24
26
19
23
26
22
27
30
21
29
32
26
34
37
25
31
31
20
21
16
75
68
58
172
160
146
174
156
136
169
149
125
166
146
122
184
164
140
204
184
160
202
182
157
214
192
168
215
194
167
181
157
129
163
140
109
167
142
111
198
173
140
209
183
148
184
155
121
161
133
96
168
140
103
184
156
117
191
161
123
158
160
146
156
157
143
151
152
138
150
148
135
136
133
118
171
168
153
178
174
162
154
150
138
176
172
161
223
218
212
237
234
229
208
207
205
190
190
190
182
183
185
156
160
163
130
135
138
98
102
103
26
30
31
28
32
33
71
75
76
64
68
69
56
60
61
58
62
63
36
40
41
20
24
25
20
24
25
18
22
23
59
63
64
118
122
123
93
97
98
78
82
83
76
81
84
60
69
76
65
73
83
46
53
59
43
46
51
38
39
43
19
20
22
23
27
30
30
35
39
29
36
42
28
36
39
25
31
31
29
30
25
90
83
73
160
147
131
169
148
127
177
155
131
195
175
151
218
197
176
228
208
184
218
198
174
222
200
176
218
196
172
189
165
139
166
142
114
161
136
106
169
144
113
162
136
103
154
125
91
176
148
111
213
185
148
216
186
148
191
161
123
238
239
225
216
217
203
209
207
192
186
184
169
185
182
167
195
192
177
221
215
201
213
207
195
213
209
198
235
231
222
231
228
223
208
207
203
198
198
198
187
188
190
161
165
168
142
146
149
112
116
117
45
49
50
17
21
22
42
46
47
57
61
62
48
52
53
41
45
46
40
44
45
34
38
39
22
26
27
16
20
21
66
70
71
81
85
86
84
88
89
81
85
86
72
77
80
55
64
71
66
75
82
51
58
64
47
50
55
38
39
43
19
20
22
24
28
31
31
36
40
33
40
46
25
33
36
21
27
27
40
41
36
110
102
91
152
136
120
167
145
122
195
171
147
221
200
181
234
215
198
226
208
188
214
193
174
210
189
168
204
182
161
199
177
154
198
174
150
181
155
130
156
130
103
158
131
102
197
170
140
233
204
172
232
203
169
217
187
153
208
178
142
196
197
183
180
181
167
183
181
166
174
172
157
201
198
183
189
186
171
198
192
178
192
186
174
221
217
206
233
229
220
223
220
213
204
203
199
199
199
197
189
190
192
162
166
169
145
149
152
108
112
113
58
62
63
14
18
19
22
26
27
50
54
55
45
49
50
30
34
35
37
41
42
43
47
48
28
32
33
19
23
24
68
72
73
63
67
68
78
82
83
83
87
88
73
78
81
50
59
66
65
74
81
55
62
68
52
57
61
43
47
50
21
25
26
20
25
28
19
27
30
27
36
41
22
30
33
19
25
25
48
49
44
131
123
112
157
142
123
175
153
129
205
181
157
198
179
162
219
201
187
215
196
182
212
193
178
208
186
172
196
175
158
203
180
162
207
185
164
184
159
137
187
161
138
201
173
149
219
192
165
223
193
165
213
184
154
216
185
156
227
196
165
193
194
178
203
204
188
197
195
180
194
192
177
215
212
197
199
196
181
180
174
160
183
177
165
200
196
185
226
222
213
225
222
215
203
202
198
197
197
195
191
192
194
165
169
172
142
146
149
111
115
116
65
69
70
17
21
22
10
14
15
29
33
34
39
43
44
35
39
40
32
36
37
41
45
46
37
41
42
26
30
31
58
62
63
80
84
85
81
85
86
83
87
88
78
83
86
58
67
74
67
76
83
49
56
62
45
50
54
42
46
49
25
29
30
21
26
29
13
21
24
20
29
34
27
35
38
24
30
30
52
53
48
150
142
131
177
160
142
189
165
139
199
175
151
177
158
144
208
189
182
205
187
177
206
186
177
202
182
171
193
171
158
202
180
166
200
177
161
188
162
145
204
177
158
209
181
160
202
174
152
210
180
156
222
192
168
210
178
153
182
150
125
142
140
125
169
167
152
135
133
118
119
117
102
118
115
100
123
119
107
105
101
89
136
132
121
172
168
159
219
216
209
231
230
225
207
208
203
200
200
200
202
203
205
181
182
184
151
155
156
124
128
129
69
73
72
22
26
25
3
7
6
7
11
10
33
37
36
46
50
49
31
35
36
35
39
40
44
48
49
33
37
38
45
49
50
105
109
112
86
90
93
82
86
89
83
88
92
72
81
86
71
80
87
42
47
53
33
36
41
36
37
41
27
28
32
25
29
32
17
22
26
20
28
31
35
43
45
30
36
34
53
54
48
161
153
142
192
176
160
195
173
150
186
161
139
190
171
156
219
201
189
199
181
169
184
164
153
181
161
150
185
166
152
207
188
174
205
183
169
208
187
170
213
190
172
209
184
164
192
165
144
175
148
127
174
146
124
188
158
134
199
169
145
161
158
143
161
159
144
151
149
136
167
165
152
150
148
135
86
84
72
129
126
117
151
148
141
198
195
190
227
226
221
222
221
217
208
208
206
207
207
207
209
209
211
190
190
192
138
139
141
128
130
127
84
86
83
36
38
35
3
5
2
21
26
22
12
17
13
27
32
28
48
52
51
51
57
55
56
62
62
30
36
36
83
88
91
93
98
102
100
105
109
119
124
130
119
126
132
92
102
104
53
61
64
37
40
45
49
50
55
53
52
57
46
44
49
33
32
37
19
23
24
24
30
30
42
48
44
34
39
32
56
58
47
167
163
151
196
184
170
202
185
169
204
183
164
188
167
146
186
165
144
190
169
148
176
158
138
185
167
147
205
188
170
194
177
159
186
169
151
202
185
165
201
183
163
212
194
172
168
147
126
183
161
138
192
168
144
177
153
127
170
146
120
176
173
158
159
156
141
139
137
124
126
124
111
143
141
129
132
129
120
134
134
126
119
118
113
161
160
156
212
211
207
220
220
218
211
211
211
208
208
210
202
202
204
186
186
188
149
149
149
120
122
119
85
87
82
53
55
50
15
17
12
13
18
12
13
18
12
35
40
36
37
42
38
38
44
42
46
52
52
52
60
62
104
112
115
104
111
117
112
119
125
120
127
135
119
126
132
73
83
85
52
60
63
43
46
51
44
43
49
38
35
42
36
31
37
32
30
35
20
21
23
52
56
55
39
46
39
24
30
20
66
68
57
136
132
120
220
210
198
233
217
204
199
180
165
194
173
154
191
170
149
190
169
148
159
141
121
138
121
101
138
123
104
131
116
97
137
122
103
142
127
106
157
142
121
176
161
138
165
149
124
179
162
136
202
182
155
226
207
177
251
230
201
108
105
90
124
121
106
135
133
120
93
91
78
108
106
94
125
122
113
118
118
110
103
102
97
160
159
155
216
215
211
221
221
219
212
212
212
214
214
216
203
203
205
184
184
186
156
156
156
124
126
123
84
86
83
67
69
66
42
44
41
29
34
30
10
15
11
25
30
26
24
29
25
12
18
16
18
24
24
69
74
77
108
113
117
90
97
103
101
108
114
98
105
113
95
102
108
79
89
91
73
81
84
69
72
79
53
52
60
30
27
36
25
20
27
26
24
29
19
20
22
18
22
21
17
23
19
35
40
33
76
78
67
133
129
118
188
178
166
203
187
174
187
167
156
202
182
171
172
152
141
155
137
125
143
127
114
154
138
125
165
151
138
148
135
119
142
129
112
134
121
102
142
130
108
146
134
108
186
172
145
205
192
160
215
200
167
220
204
170
223
205
169
140
137
122
148
145
130
138
136
123
112
110
97
151
149
137
167
164
155
156
156
148
130
129
124
188
187
183
228
227
223
217
217
215
206
206
206
215
215
217
203
203
205
178
178
180
149
149
151
130
132
131
85
87
84
68
70
67
73
75
72
84
89
85
32
37
33
15
20
16
30
35
31
23
29
27
22
28
28
97
102
105
112
117
121
79
86
92
96
103
111
90
97
105
91
98
106
90
99
104
83
90
96
82
85
92
68
67
75
36
33
42
19
16
25
23
22
28
25
26
30
45
49
50
19
25
23
28
35
28
53
56
47
175
173
161
152
144
133
124
110
99
126
108
96
145
127
115
136
118
106
144
128
115
142
128
117
146
134
122
158
146
134
160
151
136
179
170
153
168
159
141
142
134
113
102
92
67
142
133
104
145
134
104
145
132
100
148
133
100
141
127
92
165
162
147
155
152
137
108
106
93
112
110
97
157
155
143
136
133
124
141
141
133
126
125
120
183
182
178
217
216
212
210
210
208
203
203
203
204
204
206
190
190
192
170
170
172
144
144
146
124
124
124
99
99
99
71
73
72
84
86
85
136
138
135
80
82
79
27
32
26
36
41
37
44
48
47
37
41
42
110
115
118
98
103
107
65
70
76
88
92
101
89
96
106
94
101
111
80
89
96
62
69
77
65
68
77
70
68
79
46
43
54
20
17
26
22
21
29
34
35
40
15
20
23
9
17
17
39
48
43
52
57
50
132
132
122
106
99
89
103
90
81
154
140
127
125
112
95
105
92
73
107
96
76
112
103
85
130
123
105
143
136
118
129
124
105
129
124
105
160
155
136
149
144
124
126
120
98
158
152
128
132
125
99
128
118
93
160
148
122
180
168
142
117
114
99
117
114
99
80
78
65
112
110
97
150
148
136
90
87
78
95
95
87
99
98
93
156
155
151
192
191
187
208
208
206
209
209
209
191
191
193
174
174
176
170
170
172
149
149
151
113
113
113
112
112
112
83
85
84
75
77
76
139
141
138
113
115
112
51
56
50
23
28
22
44
49
45
41
45
44
98
104
104
71
76
80
50
55
61
72
76
87
79
85
97
83
89
101
69
77
87
45
52
60
51
54
63
68
68
78
52
50
61
23
21
32
19
19
29
30
33
40
36
44
47
17
25
25
39
48
43
95
102
95
130
131
123
185
181
172
165
155
146
177
165
149
108
101
72
132
126
92
166
161
129
157
152
122
134
130
101
133
131
106
147
147
123
180
179
158
167
166
146
160
159
139
157
154
135
156
151
132
101
94
76
74
67
49
93
84
67
105
96
79
121
118
103
118
115
100
103
101
88
138
136
123
194
192
180
145
142
133
122
122
114
126
125
120
157
156
152
179
178
174
202
202
200
208
208
208
175
175
177
161
161
163
169
169
171
140
140
142
107
107
109
100
100
100
89
89
89
79
79
77
122
124
121
128
130
125
97
99
94
43
45
40
47
52
46
56
61
57
98
102
103
67
71
74
61
66
72
73
77
88
80
84
96
73
79
91
55
63
73
39
46
56
48
52
63
68
68
80
58
56
69
36
34
47
28
28
38
28
33
39
16
26
28
22
32
33
56
67
63
113
120
113
104
107
100
155
152
143
120
111
102
145
137
116
155
152
109
160
160
106
175
178
125
169
171
122
173
176
133
190
195
155
192
198
164
201
205
178
147
151
128
118
121
102
126
127
111
106
104
91
81
77
66
86
82
73
112
105
97
116
109
101
86
83
68
112
109
94
134
132
119
126
124
111
146
144
132
115
112
103
114
114
106
169
168
163
180
179
175
177
176
172
189
189
187
195
195
195
159
159
161
150
150
152
159
159
161
118
118
120
103
103
105
70
70
70
84
84
82
96
97
92
121
122
117
141
144
137
148
151
144
95
98
91
39
44
37
59
64
58
92
96
95
62
66
69
67
72
78
68
72
81
69
73
84
53
57
69
33
40
50
29
36
46
45
49
60
63
63
75
60
58
71
50
48
61
45
45
55
35
39
48
31
40
45
32
44
44
48
60
56
93
103
95
147
152
145
161
161
153
106
99
91
160
154
132
168
170
121
163
169
107
162
170
110
144
152
95
148
156
105
169
178
133
163
171
132
158
168
134
129
138
109
108
113
90
145
150
130
121
124
107
110
111
97
118
118
106
128
126
114
115
112
103
86
83
68
74
71
56
94
92
79
119
117
104
142
140
128
129
126
117
107
107
99
150
149
144
187
186
182
177
176
172
192
192
190
181
181
181
149
149
151
138
138
140
130
130
132
123
123
125
111
109
110
83
81
82
107
106
104
107
106
102
196
197
189
162
163
155
162
165
154
148
151
140
67
70
61
70
73
66
78
83
79
49
53
54
52
55
60
56
59
66
78
80
92
63
67
78
39
46
56
35
42
52
40
44
55
59
59
71
74
72
85
69
67
80
39
42
51
11
18
26
21
32
36
27
41
41
75
90
85
175
186
178
182
189
181
201
202
194
165
161
152
180
175
155
160
163
118
144
153
96
137
148
92
150
160
107
143
155
105
128
140
94
131
144
101
123
135
97
126
138
102
140
151
117
87
96
65
80
89
60
152
158
130
117
123
95
128
132
105
181
183
159
71
68
53
71
68
53
90
88
75
91
89
76
93
91
79
95
92
83
93
93
85
128
127
122
154
153
149
166
165
161
174
174
172
167
167
167
147
147
149
140
140
142
149
149
151
147
147
149
140
138
139
118
117
115
91
90
86
109
108
103
151
153
142
119
121
108
139
141
127
146
150
135
98
102
88
60
63
52
76
81
74
81
86
82
69
73
74
51
54
59
68
71
80
52
56
67
36
43
53
34
41
51
41
45
56
58
60
72
74
74
86
72
72
84
49
52
61
25
32
38
23
34
36
31
45
45
109
124
119
177
190
181
175
185
176
156
159
148
149
147
135
171
170
150
151
157
121
144
153
110
132
143
100
128
141
98
102
115
72
118
133
92
141
156
115
175
190
149
189
204
163
163
178
137
158
173
130
131
144
101
118
131
87
125
137
91
166
175
130
161
169
122
100
97
82
103
100
85
115
113
100
97
95
82
84
82
70
101
98
89
111
111
103
121
120
115
126
125
121
166
165
161
162
162
160
160
160
160
151
151
153
140
140
142
159
159
161
155
155
155
135
134
132
125
124
120
75
74
69
129
129
121
125
125
113
88
89
73
98
101
82
117
120
101
126
130
113
80
84
69
72
75
64
77
80
73
76
80
79
57
61
64
59
62
69
52
56
65
41
50
57
42
51
58
51
55
64
64
67
76
75
75
85
75
75
85
61
65
74
47
56
61
15
29
30
42
58
55
119
136
128
104
120
110
106
118
106
106
112
100
134
136
123
127
128
114
141
145
128
108
115
97
95
102
82
82
92
68
134
146
122
207
222
193
208
223
190
194
210
173
190
207
165
176
194
146
188
207
152
169
187
129
160
176
113
163
178
111
167
182
113
146
159
89
131
128
113
127
124
109
134
132
119
123
121
108
109
107
95
126
123
114
131
131
123
114
113
108
119
118
114
173
172
168
156
156
154
158
158
158
160
160
162
143
143
145
161
161
163
147
147
147
123
122
118
107
106
101
83
83
75
154
154
142
150
151
135
126
127
109
113
116
95
136
140
117
138
143
121
132
137
117
98
102
87
66
69
60
70
75
71
66
70
71
56
59
64
54
58
67
43
52
59
48
57
64
57
61
70
60
63
72
60
60
70
58
61
68
61
66
72
61
71
73
20
34
34
63
79
76
129
149
140
81
99
87
71
85
70
83
91
76
118
122
107
106
108
95
100
103
96
87
92
88
100
107
100
34
44
35
106
118
104
188
201
183
198
214
188
171
188
156
176
194
156
170
189
143
156
175
120
161
181
120
166
185
117
152
169
98
161
177
102
165
182
104
134
131
116
138
135
120
154
152
139
162
160
147
149
147
135
148
145
136
153
153
145
136
135
130
138
137
133
180
179
175
151
151
149
150
150
150
158
158
160
146
146
148
160
160
162
140
140
140
122
121
117
82
79
72
86
84
72
117
115
102
121
122
104
116
118
96
87
91
66
106
110
83
126
130
105
142
146
123
156
160
143
128
132
118
70
73
66
60
62
61
63
64
68
44
47
54
30
39
44
38
47
52
43
50
56
40
43
50
32
32
40
32
35
42
46
51
55
59
69
70
45
61
58
86
105
99
151
171
160
152
173
158
124
141
123
95
106
89
92
96
79
111
113
100
98
103
99
88
94
94
90
96
94
51
60
55
106
117
109
179
191
179
162
177
158
148
166
142
178
197
167
173
191
153
156
173
129
186
204
152
167
185
127
143
159
97
160
176
111
132
149
81
115
112
97
145
142
127
172
170
157
189
187
174
173
171
159
160
157
148
176
176
168
180
179
174
181
180
176
190
189
185
153
153
151
141
141
141
141
141
143
134
134
136
140
140
142
121
119
120
102
99
94
70
67
58
103
101
88
96
95
77
94
96
74
108
110
86
78
83
53
86
91
61
99
104
74
96
100
75
182
187
165
209
213
198
81
84
75
47
49
46
71
72
74
37
40
45
22
32
34
28
38
40
30
37
43
26
29
36
20
20
28
21
24
29
37
42
45
51
61
60
63
80
74
107
127
118
141
163
150
161
182
165
155
172
154
130
143
123
71
78
58
77
81
66
73
79
69
115
122
115
146
156
148
192
202
193
179
191
181
195
209
196
144
161
145
182
199
181
149
167
145
149
167
141
95
112
80
120
136
100
153
168
129
135
150
107
82
95
51
30
43
0
96
93
78
143
140
125
161
159
146
171
169
156
163
161
149
154
151
142
180
180
172
196
195
190
207
206
202
187
186
182
160
160
158
141
141
141
125
125
127
119
119
121
112
112
114
94
92
93
77
74
69
104
102
90
153
151
136
141
140
120
120
122
98
153
156
127
156
159
128
156
159
128
120
125
93
98
102
75
161
165
142
206
209
192
99
102
93
57
59
54
63
65
64
44
48
51
32
42
43
30
40
42
28
36
39
27
30
35
27
28
33
29
33
36
34
42
44
38
50
48
58
75
69
121
143
131
136
159
143
130
153
135
148
165
146
136
149
129
66
73
53
66
71
49
101
109
86
115
125
101
126
138
116
200
212
192
239
252
234
230
244
227
162
179
163
159
175
162
190
206
193
138
154
141
50
64
51
44
56
44
117
128
114
138
149
135
46
54
41
38
46
31
106
103
88
155
152
137
153
151
138
153
151
138
160
158
146
164
161
152
191
191
183
203
202
197
200
199
195
169
168
164
161
161
159
145
145
145
122
122
124
116
116
118
100
100
102
82
80
81
76
73
68
145
143
131
176
174
159
152
151
131
90
93
66
128
131
102
159
162
131
157
161
128
181
186
154
159
164
134
134
138
115
149
152
135
114
117
106
80
82
77
44
46
45
53
57
58
44
54
55
36
46
47
28
36
39
30
33
38
36
37
41
36
40
43
30
38
38
24
36
34
47
66
60
130
152
140
167
191
175
159
182
162
163
180
161
109
122
102
63
70
50
119
124
101
93
102
71
92
103
71
94
107
77
104
117
91
200
214
191
201
216
197
225
242
226
225
241
230
187
203
193
60
75
70
37
49
47
37
47
46
47
55
57
86
94
96
16
21
24
31
36
39
