111
109
120
112
109
118
113
103
111
122
110
114
137
118
122
137
116
121
143
124
130
160
145
152
133
123
134
131
125
137
107
105
118
95
95
105
116
115
120
129
127
128
132
129
124
145
138
128
153
146
127
195
181
154
195
172
140
212
180
142
225
184
140
208
164
115
216
175
121
219
180
123
210
178
119
207
178
118
204
178
117
207
177
115
212
174
112
216
170
108
222
166
105
225
165
103
111
111
121
119
116
125
115
108
115
116
105
109
139
123
124
148
129
131
123
107
110
97
85
89
67
60
68
48
45
54
41
41
51
56
59
66
76
77
79
76
76
74
76
75
70
90
86
74
104
98
76
143
129
102
177
154
122
211
179
141
224
183
139
213
169
120
213
170
117
212
173
116
209
177
116
208
178
116
206
178
115
207
175
114
211
173
111
216
170
110
221
167
105
224
165
105
110
113
120
118
119
124
117
112
116
120
111
112
136
125
123
126
112
111
78
67
65
38
29
30
34
32
35
41
42
46
59
64
68
64
72
74
61
67
65
77
82
76
94
97
86
91
89
74
80
74
52
103
89
62
161
138
107
194
162
124
205
164
120
220
176
127
219
174
119
206
164
106
211
175
113
210
176
113
208
177
113
209
175
112
211
173
111
215
171
110
219
167
109
222
166
107
111
116
120
110
114
117
114
114
114
128
123
119
125
116
111
84
75
68
43
34
29
30
25
21
50
50
48
45
49
48
63
72
69
73
84
80
85
96
88
141
152
138
176
183
167
147
150
129
80
76
51
94
80
53
177
154
123
210
177
142
204
162
120
225
179
130
226
179
125
218
173
114
214
174
112
210
175
111
209
175
111
209
173
111
211
173
111
212
170
110
217
168
110
219
167
110
109
117
119
108
114
114
109
111
106
118
115
108
113
106
96
80
74
62
58
52
40
62
60
48
66
69
60
72
79
71
96
108
98
81
94
84
58
72
57
118
131
111
193
203
179
197
201
176
74
70
43
51
37
10
142
119
88
221
188
153
220
178
138
209
162
116
205
155
102
217
168
110
216
172
109
212
173
108
211
173
108
211
173
110
212
172
111
212
170
112
214
169
114
215
168
114
105
113
113
108
114
110
99
100
94
94
92
80
106
100
86
111
103
88
106
100
84
105
102
85
106
108
94
156
164
149
175
188
171
96
109
92
35
48
28
114
126
102
214
223
196
221
224
195
153
146
118
47
32
3
80
57
26
208
178
142
255
219
180
235
188
144
219
169
118
230
181
123
216
170
108
215
171
106
212
173
108
211
171
109
211
171
110
211
170
114
212
169
116
212
169
118
98
104
102
98
100
95
88
85
76
86
80
66
104
95
78
122
111
91
131
123
102
142
136
114
158
157
137
191
194
175
186
193
173
107
116
95
62
70
46
139
145
117
223
226
195
227
224
191
211
200
170
87
68
38
57
32
2
167
137
103
232
194
157
216
171
129
210
162
114
207
157
104
217
168
109
215
170
105
214
170
105
212
171
107
211
171
112
211
170
116
211
169
119
211
169
121
94
94
92
82
81
76
79
72
62
93
81
67
106
91
72
107
91
68
128
114
88
167
155
129
175
167
144
182
177
155
194
194
170
147
149
125
51
51
23
32
29
0
127
123
88
228
218
183
247
231
198
185
165
132
153
128
97
207
176
145
225
189
155
209
167
129
224
179
137
217
171
121
215
169
110
215
169
107
214
170
107
212
170
109
211
171
112
211
169
118
210
169
121
210
169
125
86
81
78
60
52
49
71
58
49
89
71
57
97
75
54
111
87
63
112
88
62
124
103
76
185
168
142
206
192
166
225
215
188
225
215
188
189
178
148
137
124
90
126
110
74
155
135
98
222
198
162
214
188
153
222
196
163
239
208
179
189
156
125
191
155
123
203
163
127
213
172
128
206
163
112
213
168
111
206
164
103
203
161
101
209
168
112
208
168
116
203
165
118
209
170
127
77
67
66
61
50
46
84
67
59
87
65
51
96
69
48
110
80
56
129
99
71
148
118
90
205
179
152
208
187
158
212
192
165
217
198
168
209
189
156
183
159
123
170
142
103
181
152
112
200
168
127
186
156
118
202
171
140
219
189
161
149
119
95
121
89
64
141
107
79
183
147
111
201
163
118
211
171
119
208
168
109
204
164
105
209
168
112
207
167
115
201
163
116
205
168
124
67
55
55
65
50
47
105
85
76
91
65
50
101
70
49
106
72
45
136
101
73
151
116
86
166
135
106
177
148
118
181
152
122
180
151
119
179
146
113
169
135
98
172
132
96
189
147
107
180
142
97
191
156
114
201
168
135
178
148
122
103
78
58
91
68
52
118
93
73
143
116
89
184
152
114
200
166
120
204
167
114
203
162
106
207
166
112
205
165
113
200
162
115
204
166
121
67
55
55
70
55
52
118
98
89
93
67
52
109
77
54
104
69
41
128
92
60
127
91
59
134
99
67
155
120
88
161
126
94
157
121
89
158
118
83
160
116
81
169
121
83
184
135
94
187
141
92
199
158
112
187
153
118
136
108
84
80
61
47
90
73
65
117
100
90
124
105
88
156
132
104
185
155
117
197
163
115
198
158
106
203
162
108
206
164
113
203
162
114
205
164
118
76
67
68
70
59
57
111
93
83
85
62
46
109
79
55
108
73
43
124
88
54
114
75
42
129
93
59
141
105
71
144
105
72
147
106
74
162
118
83
172
122
87
169
115
77
169
114
71
194
143
90
178
132
82
154
118
82
113
87
64
73
56
48
59
49
47
88
80
78
118
108
99
133
118
97
174
151
119
196
165
121
195
159
109
200
160
108
206
164
113
205
163
113
205
163
115
90
86
85
75
67
64
97
83
74
78
57
40
98
70
46
110
77
46
127
91
57
122
84
48
114
76
40
131
93
57
141
101
66
146
103
69
156
108
72
159
105
69
158
100
63
163
104
60
174
117
62
178
127
74
161
123
86
103
78
56
62
49
43
42
37
41
69
68
73
92
91
89
117
109
96
166
150
124
194
169
129
194
160
112
199
159
107
205
164
110
203
161
110
201
157
108
103
103
103
87
83
80
98
90
79
85
70
51
89
65
39
104
75
43
119
87
49
127
92
54
117
82
44
138
100
63
150
110
74
153
110
75
153
105
69
146
92
56
151
91
54
168
107
62
153
92
35
183
128
72
180
141
102
112
87
67
74
64
62
51
51
59
59
66
76
59
64
68
99
96
87
155
143
121
190
168
131
190
158
111
193
156
104
202
161
107
201
158
107
199
153
103
112
113
118
101
99
102
111
103
100
101
89
75
84
66
42
95
70
40
103
75
38
121
89
50
136
103
62
136
98
59
131
92
53
140
96
59
153
105
69
149
95
59
140
81
47
146
84
43
153
90
37
164
104
54
170
124
90
137
106
86
112
97
92
55
50
54
41
44
51
47
50
55
83
82
77
142
133
116
178
161
131
178
153
112
184
152
105
196
158
109
199
157
107
194
152
102
115
113
134
113
110
127
116
109
117
112
102
100
100
84
71
88
68
44
97
72
39
115
87
47
119
86
43
130
93
48
132
90
48
162
118
79
164
116
80
137
84
53
137
81
54
130
71
41
138
73
35
161
95
60
143
88
58
155
113
91
107
77
66
80
61
55
65
55
53
42
37
34
63
60
53
127
121
107
166
155
133
166
149
119
171
147
109
182
153
111
186
152
106
184
148
100
116
117
135
117
116
130
120
117
124
123
118
115
118
108
98
107
92
71
97
78
48
94
70
32
121
92
50
119
86
41
125
88
44
168
126
84
163
119
80
115
69
35
113
64
32
125
72
40
127
63
28
151
87
52
165
108
79
163
115
92
116
81
61
101
78
62
67
53
42
49
40
31
70
66
57
124
120
109
155
147
132
157
146
124
167
150
122
170
147
113
166
138
99
171
142
102
117
128
124
118
127
122
121
126
119
128
130
117
134
131
114
130
122
101
109
98
70
90
74
41
96
74
37
106
78
38
122
93
49
162
129
84
162
128
82
129
93
45
121
85
37
125
83
35
122
68
22
120
63
20
154
104
67
161
118
86
126
95
67
106
84
63
51
38
22
47
39
28
73
66
56
118
114
103
136
130
118
136
127
110
154
139
120
152
134
110
147
123
97
163
137
110
115
132
114
120
134
117
120
133
116
122
131
114
133
136
119
141
138
121
133
126
107
119
107
85
91
75
49
90
69
38
109
87
50
149
126
84
159
135
87
133
107
54
115
90
34
117
86
31
127
84
31
121
73
24
138
95
52
144
109
69
142
113
81
136
115
88
81
66
47
40
31
16
79
72
62
126
122
113
132
128
117
119
112
102
133
123
113
136
122
111
133
115
103
150
131
117
109
131
108
119
138
118
122
139
121
120
132
118
124
131
123
138
139
133
144
141
136
144
137
129
129
119
109
97
84
68
99
83
60
131
115
82
144
129
86
124
108
59
105
90
35
118
97
40
118
86
29
131
94
41
116
83
32
116
87
43
148
124
86
171
152
120
140
126
100
45
34
16
84
76
65
134
130
121
144
139
133
121
116
112
124
119
116
131
123
121
126
116
115
131
119
119
106
129
111
117
138
123
125
142
132
124
136
132
122
130
132
128
131
136
139
136
143
146
141
147
147
138
141
139
129
127
127
114
105
99
88
68
112
101
71
149
139
101
149
141
95
144
130
81
130
107
53
127
100
45
113
87
36
143
119
73
190
168
129
192
176
142
190
176
149
122
111
91
79
71
58
116
112
103
136
133
128
126
125
123
124
122
125
131
129
134
129
126
133
122
119
126
115
133
135
114
132
134
118
133
138
122
132
141
122
128
142
122
124
139
128
125
142
137
130
146
136
128
141
150
140
149
137
127
128
69
58
54
62
52
40
121
112
94
137
129
106
133
122
90
137
118
75
137
115
66
166
145
98
192
173
130
223
205
167
219
203
170
234
220
193
221
210
190
108
100
85
107
103
94
122
121
116
132
132
132
121
125
128
123
128
134
129
133
142
119
126
134
127
140
156
115
126
143
110
119
134
115
122
138
122
125
142
122
121
137
125
121
135
132
126
138
138
130
141
116
106
114
104
93
97
58
46
46
21
10
6
20
9
3
33
23
14
80
69
51
85
69
35
140
123
80
214
196
156
178
162
126
187
171
138
227
212
183
248
233
210
235
224
206
167
159
146
126
122
113
125
124
119
139
141
140
119
124
127
110
120
122
121
132
136
116
129
135
159
165
191
144
150
174
156
161
181
153
155
170
152
152
162
156
154
159
140
136
135
154
146
143
144
135
128
135
125
116
137
124
116
84
71
65
12
0
0
56
42
41
10
0
0
40
25
18
69
53
30
119
102
72
105
88
60
94
78
52
127
111
86
159
144
123
184
171
154
219
207
193
207
199
188
171
167
158
126
127
121
113
118
112
126
135
132
125
137
135
111
127
124
109
125
124
159
161
186
141
143
164
139
141
156
125
125
133
135
134
132
156
154
142
144
139
120
143
135
112
134
124
97
157
145
119
190
175
154
77
61
45
54
37
27
76
59
52
68
52
52
81
63
59
98
81
65
110
92
70
47
30
10
85
68
50
118
102
86
97
81
68
137
123
112
143
130
121
192
183
176
162
159
152
139
140
134
134
139
133
120
130
122
92
105
96
91
108
100
120
137
129
132
134
147
128
131
140
124
125
127
101
102
94
106
105
85
130
129
98
130
127
86
128
121
75
137
127
78
142
129
84
166
153
111
84
70
35
100
85
56
72
55
35
66
48
34
108
89
75
157
135
121
95
73
59
15
0
0
63
45
33
100
83
75
70
55
48
119
105
102
133
122
120
147
139
136
132
131
127
108
110
105
90
95
89
94
104
95
103
115
105
92
106
93
72
88
75
85
90
93
102
106
105
110
113
104
89
92
73
75
75
47
85
83
45
101
97
50
117
110
56
129
120
65
189
178
124
186
173
121
121
107
62
95
80
41
91
75
42
70
53
27
124
103
82
225
199
182
115
89
74
60
36
24
53
33
24
68
49
43
66
50
50
97
85
87
135
124
128
107
100
105
118
116
119
106
108
107
67
72
68
54
61
54
78
88
79
85
95
84
62
73
59
52
62
54
69
79
70
78
84
70
72
77
57
53
56
29
50
50
16
80
77
36
110
103
57
119
108
62
112
100
52
67
53
6
105
91
44
141
124
81
162
144
104
134
116
78
187
167
134
215
187
163
165
134
116
170
142
128
150
126
116
156
137
133
173
157
158
211
198
207
230
220
231
165
159
171
134
132
143
107
107
115
81
82
86
57
61
60
62
67
61
76
81
74
77
80
71
49
62
52
52
64
52
43
54
40
49
55
41
46
49
32
45
44
23
78
74
49
100
93
65
106
95
65
59
46
12
42
28
0
99
84
45
102
87
46
52
34
0
93
76
33
199
177
138
138
107
78
177
143
118
207
176
158
201
174
163
204
183
178
193
177
180
238
226
238
200
192
207
209
204
222
163
162
178
125
124
138
94
94
104
72
71
77
80
80
80
90
89
85
74
73
68
52
69
59
57
72
65
39
52
45
42
51
48
46
50
49
51
51
51
79
73
73
82
72
71
70
56
53
60
46
37
52
36
20
49
33
10
54
39
10
69
53
19
135
120
79
135
113
72
47
15
0
100
64
32
144
112
87
143
116
99
179
156
150
188
172
175
238
227
241
203
196
214
175
172
193
181
179
201
190
188
209
152
149
166
86
83
94
73
68
75
93
87
89
91
82
83
49
69
60
71
88
82
55
70
67
52
62
64
50
55
61
55
55
65
77
71
83
65
55
66
57
44
53
65
49
52
54
37
30
50
34
19
45
29
4
104
89
56
162
147
108
102
80
39
58
24
0
59
21
0
106
72
45
67
38
20
124
101
95
178
162
165
212
201
215
220
215
235
184
182
206
172
172
198
206
204
228
214
211
232
144
140
155
84
76
87
79
70
75
85
74
78
