91
104
60
88
101
57
89
102
59
96
108
68
104
116
78
106
118
82
98
109
75
90
101
67
62
74
38
62
74
38
68
80
42
88
101
58
114
127
83
129
142
96
125
139
90
114
127
81
93
106
62
85
98
55
79
92
48
80
93
49
80
96
51
86
102
57
100
116
69
116
132
85
105
123
75
108
126
78
104
124
73
109
129
78
115
138
86
105
128
76
91
114
62
95
111
64
144
145
105
147
142
104
117
114
73
106
107
65
104
107
62
93
99
53
106
114
67
117
126
79
115
127
79
78
92
43
82
96
47
112
126
77
114
127
81
113
126
80
131
143
97
145
157
109
152
162
109
152
161
108
98
104
58
42
44
5
51
50
19
82
76
52
85
76
59
76
67
52
81
72
57
77
68
51
69
63
41
72
66
40
93
90
57
119
120
80
127
130
85
118
124
76
120
133
89
109
122
78
101
114
71
103
115
75
108
120
82
102
114
76
81
93
57
61
72
38
58
70
34
64
76
40
72
84
46
81
94
51
92
105
61
104
117
71
114
127
81
120
133
87
90
103
60
82
95
52
74
87
44
75
88
45
79
94
51
84
100
55
89
105
60
93
109
62
107
123
76
106
124
76
105
123
75
114
132
82
125
145
94
111
131
80
84
104
53
77
90
44
143
144
104
155
150
112
123
120
79
104
102
61
95
98
55
77
83
37
85
93
46
100
109
62
82
94
46
72
86
37
83
97
48
105
119
70
118
132
83
127
140
94
140
152
106
145
157
107
115
125
72
118
127
74
85
91
45
48
50
11
46
45
14
57
53
28
64
57
38
76
67
52
65
56
41
69
60
43
75
69
47
85
81
52
98
98
62
107
109
69
104
110
64
96
102
54
103
116
72
116
129
85
129
142
99
130
142
102
117
129
91
97
109
71
81
93
57
73
85
49
64
76
40
71
83
47
80
92
54
87
100
57
92
105
61
97
110
66
105
118
72
112
125
81
109
124
81
106
121
80
99
114
73
93
108
67
93
108
67
97
112
69
100
115
72
99
115
70
80
96
51
86
102
57
92
108
63
106
122
75
119
135
88
108
124
77
87
103
56
86
95
50
146
144
105
160
155
117
125
121
83
107
105
66
100
101
59
67
72
29
65
73
26
85
94
47
117
129
79
123
137
86
113
130
78
101
118
66
104
121
69
109
123
74
107
121
72
107
119
69
111
121
68
104
113
60
79
85
37
55
57
17
45
44
13
43
39
12
55
49
27
80
73
55
96
89
71
89
82
63
83
77
53
82
78
49
83
83
47
87
89
49
93
99
53
101
107
59
56
69
25
84
97
54
116
129
86
125
137
97
109
121
83
87
99
61
74
86
50
71
83
47
66
78
42
58
70
34
52
64
26
57
69
29
67
80
37
74
87
43
78
91
47
80
93
49
106
121
80
108
123
84
103
118
79
90
105
66
81
96
57
83
98
57
86
101
60
88
100
60
80
93
50
93
104
62
99
110
68
103
114
71
105
116
73
95
104
61
87
96
53
96
101
60
155
151
113
167
159
122
145
140
102
156
152
114
161
162
122
111
114
71
82
90
43
97
106
59
101
113
63
120
134
83
116
133
81
109
126
72
122
139
85
123
140
86
118
132
79
123
137
84
145
155
102
126
135
82
92
98
50
61
66
25
49
50
16
51
50
20
71
67
42
94
87
68
84
77
58
80
75
53
86
82
55
97
96
65
101
103
66
96
98
58
95
101
55
101
107
59
75
88
45
84
97
54
98
110
70
109
121
81
109
121
83
97
109
71
78
90
54
64
76
40
83
95
59
65
77
41
48
60
22
45
57
17
50
62
22
58
71
28
68
81
38
76
89
46
90
105
66
87
103
66
82
98
61
78
92
56
77
91
55
77
89
51
68
80
42
58
68
31
63
71
34
74
80
42
81
87
49
94
99
59
108
113
73
108
110
71
105
107
68
117
115
77
125
117
81
120
110
75
109
101
65
150
144
108
169
167
128
113
116
73
78
84
38
85
94
47
98
110
60
121
135
84
138
155
101
166
183
128
195
213
155
196
214
156
191
209
151
208
223
166
182
193
137
169
178
125
136
142
94
87
92
49
57
59
22
65
64
33
89
88
60
103
99
74
85
80
58
77
75
50
79
78
48
90
91
57
97
99
60
92
97
56
91
97
51
95
103
56
108
121
78
110
123
80
111
123
83
107
119
79
101
113
75
97
109
71
96
108
72
98
110
74
95
107
71
91
103
67
90
102
64
90
102
64
83
95
57
74
86
46
76
88
48
82
97
58
85
101
65
73
88
55
69
84
51
82
96
61
97
108
74
93
103
69
73
83
49
58
65
31
73
79
45
77
78
44
81
81
47
100
97
64
122
119
86
119
114
82
101
95
63
95
86
53
157
144
112
129
116
82
103
93
58
131
123
87
142
138
101
113
114
74
107
112
69
117
125
78
110
122
72
108
122
69
117
132
77
141
159
101
161
179
119
159
177
115
164
182
120
186
201
142
199
210
154
201
210
157
179
185
137
119
124
81
70
72
33
71
72
38
91
92
60
92
91
61
84
83
55
76
77
46
73
74
42
78
82
47
91
96
56
104
109
68
117
124
80
127
135
88
96
109
66
104
117
74
105
117
77
91
103
63
74
86
46
74
86
48
95
107
69
117
129
91
97
109
73
96
108
72
102
114
78
110
122
86
103
115
77
84
96
58
72
84
46
69
83
47
66
81
48
58
73
42
61
76
45
77
91
58
85
96
64
79
88
57
81
86
56
89
92
61
77
78
47
94
91
60
116
111
81
150
143
114
188
177
149
198
184
157
191
177
150
192
177
148
204
187
157
182
165
135
158
143
112
151
140
108
129
123
87
117
115
76
131
133
93
123
128
85
123
132
85
101
114
61
99
114
59
114
129
72
117
135
73
121
140
76
133
152
88
146
162
100
174
183
128
170
177
125
155
161
113
115
121
75
77
82
41
82
87
47
94
98
61
82
83
49
54
55
23
70
74
41
93
97
62
111
117
79
128
135
94
142
149
107
148
155
111
148
157
110
98
111
68
97
110
67
91
103
63
81
93
53
75
87
47
80
92
52
96
108
70
110
122
84
125
137
101
104
116
80
90
102
66
95
107
71
100
112
76
91
103
67
79
91
55
71
85
50
55
70
37
57
72
41
70
83
53
78
89
59
66
75
46
61
66
36
91
94
65
138
137
109
194
190
163
217
210
182
236
226
199
251
237
211
255
238
214
246
226
201
239
219
194
250
228
204
248
227
200
255
237
208
255
242
212
240
225
194
186
175
143
163
157
121
162
160
122
119
121
81
112
120
73
95
105
55
104
117
63
118
133
76
113
129
67
111
130
66
112
131
65
102
116
54
123
132
77
101
108
56
88
95
44
80
86
38
78
83
40
100
105
64
109
114
74
84
91
50
112
118
80
126
132
94
134
141
100
127
134
93
121
128
86
125
134
89
131
140
93
131
140
93
101
113
73
87
99
59
74
86
46
70
82
42
69
81
41
79
91
51
106
118
78
135
147
109
138
150
112
112
124
86
104
116
80
100
112
76
84
96
60
80
91
57
76
87
53
55
66
34
59
72
42
45
58
30
58
68
41
57
66
39
60
64
39
134
137
110
224
222
197
245
241
216
245
237
214
231
219
195
220
204
181
222
201
180
225
203
182
224
199
177
220
193
172
220
192
170
223
195
171
232
205
178
236
212
186
239
218
191
254
239
210
255
255
223
219
215
180
140
140
102
86
91
50
87
95
48
75
85
33
94
107
53
97
112
53
125
141
78
120
136
71
116
130
68
103
110
56
98
102
51
86
93
42
82
88
40
89
97
48
111
119
72
137
144
100
154
163
118
166
175
132
166
175
132
147
156
113
111
120
77
101
110
65
133
145
99
156
168
120
143
155
107
72
84
44
74
86
46
85
97
57
100
112
72
107
119
79
110
122
82
124
136
96
142
154
114
123
135
97
115
127
89
122
134
98
116
127
93
87
98
64
72
83
51
71
82
50
62
73
43
47
57
30
52
62
35
57
66
39
58
62
37
100
102
78
199
197
174
243
239
214
205
197
174
220
208
186
201
184
164
186
165
144
190
165
145
200
173
154
203
174
156
198
167
147
193
161
140
202
167
145
192
158
133
194
164
140
208
182
157
224
203
176
241
226
197
243
232
202
226
222
187
94
94
56
89
94
53
115
123
76
125
135
83
142
155
99
169
183
122
167
181
119
140
151
91
113
120
66
97
101
50
84
88
38
96
103
52
129
137
86
155
165
115
161
171
121
154
166
116
137
149
101
117
129
81
104
116
68
101
113
65
107
119
73
128
140
94
144
156
108
140
152
104
76
88
50
86
98
60
106
118
78
125
137
97
129
141
101
120
132
92
117
129
89
122
134
94
109
121
83
107
119
81
116
128
92
114
125
91
89
100
68
71
82
52
69
79
52
66
76
49
61
70
43
71
77
51
61
65
40
65
67
43
139
137
114
227
222
200
220
212
189
150
138
116
177
160
140
186
165
146
198
173
153
203
174
156
199
168
150
189
156
139
188
153
134
191
154
135
185
144
122
177
136
114
186
150
128
203
171
148
210
184
161
220
198
174
236
220
194
242
231
203
157
152
120
109
109
71
149
154
113
153
161
114
169
177
126
178
189
133
174
185
127
139
148
91
107
111
60
109
111
62
114
118
67
126
133
81
141
150
97
151
161
108
150
163
109
147
162
107
160
174
121
142
156
103
135
149
98
135
149
98
133
147
98
132
146
97
123
136
90
105
118
72
91
103
65
96
108
70
107
119
79
116
128
88
113
125
85
102
114
74
97
109
69
99
111
71
98
110
72
87
99
63
84
95
61
88
99
67
84
95
65
72
82
55
63
73
48
58
66
42
85
91
65
84
88
63
68
70
46
87
85
62
162
157
135
219
211
190
213
201
179
187
170
150
174
153
134
199
173
156
227
198
180
239
208
190
236
200
184
228
191
175
229
192
174
238
197
179
209
164
143
202
155
135
196
153
134
189
151
132
190
157
138
216
189
168
247
226
205
255
239
214
197
188
159
99
94
62
112
112
76
130
135
94
139
145
99
147
155
104
146
155
102
138
147
94
140
144
94
159
161
112
178
182
131
183
190
138
175
184
131
164
177
121
162
177
120
164
182
124
156
174
116
159
176
121
162
179
124
157
174
120
157
174
122
166
182
133
151
164
118
114
127
81
94
106
68
94
106
68
95
107
67
96
108
68
93
106
63
89
102
59
91
104
61
96
108
68
85
97
59
74
86
50
68
79
45
73
84
52
76
86
59
61
71
46
46
56
32
45
53
30
72
74
52
124
124
100
170
168
143
212
208
183
248
240
217
233
222
200
191
176
155
174
156
134
218
196
175
223
196
177
231
200
182
242
209
190
254
219
200
255
218
200
246
207
190
238
195
178
222
174
154
221
170
151
221
172
155
210
167
150
194
157
139
202
171
153
226
200
183
239
218
199
239
224
201
140
133
105
100
97
66
110
110
74
108
110
70
135
141
95
128
134
86
129
136
85
150
152
103
157
159
110
170
174
123
186
193
141
198
209
153
197
211
152
185
201
139
173
191
129
159
179
118
140
160
99
124
144
85
122
141
85
138
156
104
162
178
129
154
170
123
121
137
90
116
128
90
113
125
87
108
120
80
100
112
72
93
106
63
87
100
57
86
99
56
87
99
59
74
86
48
79
91
55
79
90
56
80
91
61
74
84
57
50
60
36
39
48
27
57
62
40
161
160
139
219
214
192
246
242
217
238
232
208
234
223
201
222
210
188
212
196
173
217
196
175
242
217
197
240
213
194
237
206
186
230
195
176
219
182
164
200
161
144
173
131
115
153
107
91
146
93
75
147
92
72
169
116
98
185
138
122
166
124
108
146
110
96
160
131
117
184
161
145
246
229
211
210
198
176
127
120
94
98
95
64
100
100
64
141
143
103
126
129
86
106
109
62
117
119
70
126
125
77
142
144
94
167
174
120
191
202
144
202
218
156
197
216
152
189
210
145
197
219
154
130
152
88
82
104
42
83
104
47
101
120
65
113
131
81
111
127
80
97
113
66
121
133
95
119
131
93
113
125
85
103
115
75
94
107
64
86
99
56
81
94
51
78
90
50
78
90
52
88
100
64
88
99
65
86
97
67
82
92
65
63
73
49
67
76
55
103
108
88
198
196
173
241
235
211
255
248
225
239
228
206
232
220
196
238
223
200
239
221
199
237
215
194
225
198
177
225
197
176
218
185
166
197
162
143
172
135
116
152
114
95
135
94
76
124
79
60
110
55
35
96
37
19
102
46
29
123
71
57
130
84
71
139
99
87
167
135
124
191
165
152
198
179
164
229
213
197
136
125
103
81
76
47
114
111
78
137
137
101
130
131
91
103
104
60
111
110
64
132
131
83
156
158
108
169
176
122
171
182
122
173
189
126
182
201
137
191
212
145
171
194
126
116
141
75
83
107
45
88
109
50
95
114
59
95
113
63
97
113
66
94
110
63
88
100
64
89
101
63
89
101
63
87
97
60
87
97
60
89
99
62
89
101
63
88
100
62
88
102
66
91
105
70
83
94
62
82
93
61
92
101
72
91
97
71
109
113
90
154
153
132
236
230
208
247
236
214
247
235
213
240
225
202
239
223
200
240
222
198
231
211
187
216
194
171
208
182
159
188
160
138
160
129
108
144
112
91
154
119
99
175
138
119
186
149
131
189
146
127
194
139
118
179
121
101
170
113
94
175
124
107
196
150
135
222
184
171
223
191
180
199
172
161
210
191
177
255
248
231
167
156
136
98
92
66
150
145
115
130
127
94
130
128
90
110
108
69
94
95
53
113
114
70
130
133
86
129
136
84
114
123
66
102
116
55
106
122
60
114
132
70
116
136
73
116
136
75
121
140
84
116
135
80
100
118
68
96
112
63
95
111
64
88
101
55
59
73
38
70
81
47
82
92
58
87
94
61
85
92
59
85
92
61
90
99
68
95
109
76
91
106
73
76
91
58
90
104
71
89
98
67
93
98
66
112
111
81
148
141
113
229
217
191
222
206
183
206
189
169
207
189
167
227
209
187
234
214
189
210
190
163
184
163
136
173
152
123
177
153
125
172
146
119
133
105
81
122
94
72
151
123
101
150
119
99
141
110
92
177
139
120
218
163
140
193
133
109
185
130
109
214
166
146
233
190
173
216
180
164
191
163
149
183
161
147
223
207
192
220
209
191
244
236
215
194
188
164
133
128
99
135
130
100
126
122
87
112
109
74
103
102
71
115
116
84
127
132
92
132
137
94
131
138
87
131
140
87
137
148
92
141
154
100
109
121
71
73
85
37
64
75
32
66
79
36
61
74
31
83
96
52
100
113
67
83
95
49
67
81
46
73
84
50
83
92
61
91
98
67
86
90
63
75
81
53
74
83
56
80
93
65
78
93
62
63
78
47
60
74
41
61
71
37
71
75
42
97
92
60
147
134
102
213
196
168
210
189
168
198
177
158
198
177
158
212
191
170
209
187
163
180
159
132
152
131
102
142
119
88
137
114
83
146
121
91
135
109
82
133
105
81
145
117
95
135
107
86
133
104
86
168
130
111
197
142
119
183
126
99
183
128
105
208
160
138
228
187
169
218
185
168
193
167
152
174
155
140
212
196
181
233
222
204
246
238
217
221
215
191
167
160
134
135
128
99
129
123
91
109
104
74
106
106
78
91
94
65
88
92
57
108
113
72
134
140
92
143
151
100
136
145
92
126
134
83
96
105
60
64
72
31
63
71
32
78
86
49
79
90
50
99
110
68
116
127
84
102
114
68
75
89
53
76
87
53
79
89
55
80
87
56
70
74
47
55
61
33
54
63
34
60
73
43
52
67
36
54
69
38
51
65
32
61
71
37
66
67
35
84
78
46
153
140
108
213
196
168
197
179
159
190
171
154
193
172
153
197
176
155
187
165
142
160
139
112
140
116
88
133
109
81
135
110
80
135
108
79
134
107
80
138
108
84
137
106
85
135
104
84
143
112
92
165
127
106
187
135
111
187
131
106
187
135
111
201
155
132
222
181
161
227
194
175
208
181
164
182
160
146
194
178
162
234
223
205
237
229
208
240
232
209
200
193
167
136
129
100
126
117
86
108
103
73
92
92
64
80
85
55
85
91
55
106
113
71
121
129
80
121
131
79
123
133
81
129
139
89
93
102
57
58
69
27
56
67
27
73
83
46
77
88
48
87
100
57
99
112
68
93
106
60
73
87
51
76
88
52
70
80
46
55
62
29
43
48
18
40
46
18
42
51
22
43
54
24
45
60
29
47
62
29
45
59
24
80
90
55
89
90
56
95
89
55
165
150
117
207
190
162
198
180
160
197
178
163
202
181
164
202
181
162
191
169
146
171
149
125
160
136
110
159
133
106
163
136
109
133
103
75
117
87
61
118
86
61
123
88
66
141
106
86
160
125
105
165
124
102
176
124
100
182
126
101
177
125
101
177
131
108
197
159
138
219
186
167
210
183
166
182
161
144
191
175
159
226
213
196
231
220
200
240
232
209
222
215
189
152
145
117
115
106
77
108
103
73
78
81
52
80
85
53
96
102
64
112
121
78
107
117
67
96
106
54
108
118
66
131
143
93
115
127
81
80
91
49
70
80
43
82
94
56
82
94
56
81
94
51
87
100
56
88
101
55
92
107
68
107
119
83
102
112
77
77
84
51
67
72
40
78
85
54
80
89
58
68
79
47
66
80
47
46
62
26
40
54
19
88
95
61
105
105
71
110
101
68
162
147
114
184
164
137
200
182
162
207
188
173
217
195
181
217
196
179
207
185
164
190
168
145
178
154
128
173
147
122
154
124
98
114
82
57
98
64
37
102
66
40
108
70
47
136
98
75
160
122
101
157
115
91
168
118
91
178
124
98
174
124
99
173
128
105
193
155
134
220
187
168
215
188
169
190
169
152
205
188
172
219
206
189
235
224
204
238
227
205
239
229
204
183
173
146
104
95
66
99
94
64
87
90
61
76
83
50
82
90
51
102
113
70
111
123
73
104
117
64
106
118
68
118
132
83
137
150
106
108
120
80
97
109
73
105
119
83
107
122
83
99
114
73
97
113
68
100
116
69
102
117
78
123
135
97
124
134
99
105
112
78
101
106
74
116
121
89
117
124
93
99
110
78
81
95
60
67
81
46
73
85
49
94
102
65
92
92
56
108
100
64
160
144
110
181
161
134
194
175
158
205
186
172
217
195
182
218
196
182
210
187
169
195
170
150
176
150
127
162
134
110
120
88
63
103
69
44
103
67
41
108
71
45
109
69
44
131
89
65
153
111
87
154
110
85
156
106
79
162
112
85
166
120
96
176
134
110
197
161
139
216
183
164
210
183
164
190
169
150
206
189
171
211
196
177
229
216
197
226
215
193
239
229
204
205
195
168
112
102
75
93
88
59
97
102
70
83
93
59
84
95
55
101
112
69
114
126
76
114
126
76
115
129
78
121
134
88
131
144
101
109
124
85
95
109
74
99
113
78
101
115
79
91
108
66
85
102
57
87
105
57
75
91
52
82
97
58
85
95
60
79
86
52
81
86
54
92
97
65
99
106
73
96
107
73
88
102
67
83
97
62
101
113
77
94
100
64
92
89
54
142
132
97
184
165
132
184
163
136
188
169
152
194
174
163
196
177
163
196
174
160
194
171
155
189
164
144
174
147
126
160
129
108
129
97
74
124
90
65
124
87
61
123
83
58
119
77
52
133
89
64
152
108
83
158
112
86
141
94
68
138
91
65
143
99
74
160
119
97
179
143
121
186
153
134
179
152
133
171
148
130
191
173
153
202
187
166
203
188
167
206
194
172
230
218
194
219
207
183
161
149
123
120
115
86
109
114
82
103
115
79
102
114
74
100
113
67
96
110
61
96
110
59
107
121
72
118
134
89
112
127
86
93
109
72
68
84
48
58
74
38
63
79
42
65
83
43
67
86
41
75
94
48
66
82
43
56
71
32
51
63
27
57
64
30
62
67
35
68
73
41
85
92
59
103
113
79
103
114
80
81
92
58
91
101
66
77
83
47
113
110
75
207
194
160
215
195
162
166
145
118
186
167
150
183
165
153
176
157
143
172
150
136
176
153
137
185
159
142
181
154
135
172
141
121
167
135
112
156
120
96
136
99
73
124
82
58
124
80
55
136
92
65
152
106
80
159
113
87
158
112
86
145
99
75
142
100
76
161
120
98
175
139
117
176
144
123
172
145
124
173
151
130
179
161
141
200
183
163
179
162
142
192
177
156
226
211
188
231
219
195
218
206
180
165
160
131
125
130
98
115
127
89
102
115
72
87
100
54
77
91
42
78
92
43
84
100
53
91
106
63
107
123
84
87
103
67
50
65
32
29
44
11
40
57
21
60
78
38
79
98
53
97
116
70
56
72
33
50
65
26
48
60
24
58
65
31
70
75
43
77
82
50
78
85
54
75
84
53
105
116
82
125
136
102
116
126
91
94
98
63
127
123
88
227
212
179
210
187
155
168
144
118
177
158
141
168
150
136
176
157
143
187
165
151
186
163
147
187
161
144
186
159
140
181
150
130
171
139
118
159
123
101
148
110
87
146
104
80
141
97
72
136
92
65
142
97
68
154
108
82
159
115
88
152
110
85
152
112
87
160
122
99
168
133
111
174
143
122
183
155
134
193
168
148
182
161
140
183
165
143
167
150
130
172
155
135
177
162
139
206
191
168
243
228
205
210
203
175
128
134
100
88
100
60
107
120
76
99
112
66
93
107
58
93
107
58
54
70
23
55
70
27
74
90
53
66
81
48
43
58
27
56
71
40
69
86
50
66
84
46
86
105
60
105
124
78
56
72
35
57
71
35
64
76
40
76
83
50
85
90
58
86
91
61
79
86
55
73
80
49
104
113
82
114
124
90
95
102
69
102
103
71
183
177
145
238
223
192
198
175
144
193
167
142
195
174
155
176
157
142
175
156
141
187
166
149
189
166
150
192
166
149
194
167
150
192
161
143
184
151
132
174
139
119
162
124
101
152
112
87
144
102
77
143
99
72
150
106
77
160
116
89
158
116
91
151
111
85
150
113
87
161
125
101
172
140
117
180
150
126
185
157
135
189
164
142
196
174
153
197
176
155
188
170
150
188
171
151
186
170
147
194
179
156
217
202
179
210
203
175
126
132
98
87
99
59
109
122
78
114
127
81
116
130
81
113
127
78
68
81
37
56
71
30
55
69
34
64
79
48
63
78
49
87
102
73
108
123
90
105
123
85
118
136
94
128
147
101
66
82
46
67
81
46
72
83
49
79
86
55
85
90
60
88
92
65
87
93
65
85
91
63
90
99
70
74
83
52
86
91
59
136
135
104
224
215
184
228
211
181
187
161
134
179
153
128
175
154
133
156
137
120
161
140
123
179
158
139
187
164
146
192
166
149
196
169
152
195
166
148
192
159
140
191
156
136
182
146
124
167
130
104
157
117
91
155
114
86
156
115
85
156
116
88
150
113
86
147
111
85
155
119
93
171
137
112
185
153
130
189
159
135
185
157
135
181
156
134
201
179
156
201
180
159
209
188
167
203
185
163
200
182
162
194
177
157
196
179
159
220
210
185
130
134
99
84
95
53
95
106
63
104
116
70
113
125
77
113
125
79
71
84
41
58
70
32
72
83
51
89
102
74
86
99
71
99
112
84
112
125
95
110
126
90
122
139
97
127
144
100
50
65
32
57
71
38
65
76
44
73
79
51
78
82
55
82
86
61
81
87
61
78
84
58
92
101
74
71
80
51
145
150
120
212
211
181
243
234
205
222
205
177
206
180
155
160
132
108
147
125
102
136
118
96
154
133
112
178
157
138
184
161
143
181
158
140
183
157
140
183
156
139
186
155
137
196
163
144
197
162
140
186
150
126
176
139
113
171
134
107
163
126
97
153
116
87
145
109
83
151
117
90
166
132
105
183
151
126
197
167
141
198
168
144
189
161
139
180
154
131
188
163
141
189
167
144
206
184
163
199
178
157
209
188
169
208
190
170
194
176
156
225
215
190
156
160
125
102
110
69
91
100
57
90
102
56
97
109
61
101
113
67
79
90
48
73
85
49
75
86
56
87
97
72
63
73
48
47
60
34
51
64
34
61
75
40
89
104
63
102
117
74
47
64
32
65
80
49
86
97
67
100
106
80
105
109
84
100
104
81
85
90
67
71
76
53
84
92
68
123
129
103
212
216
189
247
246
218
239
227
201
212
192
167
207
179
157
152
124
102
145
123
99
145
127
103
168
148
124
183
162
141
177
155
134
171
149
128
176
150
133
177
150
133
179
150
132
192
161
141
196
165
144
192
160
137
191
157
132
191
157
130
184
150
122
173
139
111
159
128
100
166
134
109
179
147
122
190
160
134
201
171
145
204
174
150
199
171
147
193
167
144
178
154
130
181
156
134
193
171
150
188
166
145
208
187
168
222
201
182
202
183
166
220
208
184
186
187
153
133
140
99
113
120
76
111
120
73
110
119
72
107
116
71
97
105
66
95
105
70
72
81
52
78
86
62
43
51
28
19
29
4
22
33
3
43
54
20
85
97
57
106
119
76
68
84
55
80
95
66
93
103
76
98
103
80
102
106
83
102
105
84
90
95
73
76
81
59
81
89
66
189
194
171
239
243
218
231
227
202
228
216
192
201
181
157
181
153
132
160
129
108
143
121
97
149
132
106
168
148
123
171
151
127
162
140
119
168
146
125
184
158
141
188
162
145
182
155
136
184
155
137
185
157
136
190
159
138
198
168
144
206
176
150
206
176
148
202
172
144
188
158
132
188
158
132
187
157
131
190
160
134
198
168
142
207
177
151
206
178
154
202
174
150
186
160
137
184
159
137
189
164
144
187
165
144
203
182
163
216
195
176
210
191
174
215
203
179
192
192
158
147
154
112
128
135
91
133
141
94
125
133
86
106
115
70
94
102
63
89
96
63
90
96
70
92
100
77
57
64
44
35
43
20
34
43
14
46
57
23
80
92
52
98
111
68
67
83
56
66
80
54
60
70
45
53
58
35
58
61
40
70
73
54
71
76
56
64
69
49
117
124
104
228
233
211
243
245
223
230
225
203
228
213
192
208
186
165
177
146
126
157
126
105
127
103
77
139
120
90
152
132
105
146
126
101
142
120
97
164
142
121
187
164
146
189
163
146
186
160
143
179
152
133
176
149
128
188
160
138
202
174
150
209
182
155
211
184
155
210
183
154
204
177
150
197
170
143
188
161
134
188
161
134
199
172
145
206
179
152
198
170
146
183
155
131
180
154
131
174
147
126
172
147
127
186
164
143
184
163
144
183
162
143
204
185
168
211
199
175
199
199
163
152
157
116
123
128
85
125
131
85
113
119
73
88
95
51
78
84
46
70
75
43
98
104
78
96
101
79
58
63
43
37
42
20
31
40
13
33
43
9
60
71
31
77
88
46
63
76
48
60
73
45
52
62
37
44
52
29
52
57
37
67
72
52
69
74
54
60
65
45
146
149
128
216
215
194
228
223
201
239
228
206
212
194
172
203
178
156
173
142
122
124
93
72
119
95
69
132
113
83
143
123
96
133
113
88
130
109
88
159
136
118
179
156
138
171
148
130
187
164
146
176
150
133
174
149
129
191
164
143
206
180
157
208
180
156
203
176
149
201
174
147
205
178
151
196
168
144
187
160
133
191
164
137
205
178
151
207
180
153
184
157
130
155
129
104
158
132
107
147
123
99
146
121
99
175
153
130
159
138
117
143
122
101
188
170
150
206
191
168
225
220
188
166
168
129
118
120
80
111
113
73
95
100
59
72
79
38
68
76
39
64
71
38
99
108
79
90
98
74
50
58
34
32
40
16
34
43
14
41
51
17
75
85
48
100
108
69
59
66
35
62
68
40
63
72
45
65
75
51
68
77
58
68
77
58
69
76
56
73
75
54
151
146
124
239
229
204
235
219
193
229
208
181
219
195
169
195
169
144
137
109
87
121
95
72
120
96
72
127
105
81
115
95
70
103
83
59
119
98
77
144
123
104
158
137
120
166
145
128
162
141
122
176
153
135
181
156
136
181
154
133
190
162
140
195
165
141
193
163
137
197
167
141
198
170
148
191
165
142
192
166
141
195
169
144
196
170
143
197
171
144
176
150
123
141
117
89
108
84
56
116
95
66
134
113
86
137
116
89
141
121
96
138
118
93
145
125
101
193
177
152
223
214
185
189
184
154
90
87
54
83
83
49
62
66
31
52
59
25
74
84
49
90
101
67
94
108
75
83
97
64
50
61
29
28
39
7
33
42
11
42
49
16
70
77
43
118
124
90
66
69
38
68
73
43
68
77
50
69
81
57
71
84
64
73
84
67
76
83
65
79
81
59
153
146
120
231
215
189
231
210
181
233
206
177
210
183
154
184
157
128
141
113
89
103
77
52
106
82
58
116
94
70
113
93
69
109
88
67
121
103
83
138
120
100
149
130
113
159
140
123
151
130
111
167
144
126
168
143
123
165
138
119
182
154
133
199
168
147
203
171
148
202
172
148
196
168
147
186
159
138
189
163
140
200
174
151
204
180
154
206
182
156
189
165
137
161
137
109
98
77
48
98
77
48
121
100
73
141
120
93
155
135
110
156
136
111
152
132
108
179
161
139
203
191
165
184
177
149
90
85
56
73
72
42
60
63
32
52
59
26
67
78
44
83
97
62
85
101
65
73
89
53
42
56
21
25
36
2
34
44
10
42
49
16
65
70
38
105
110
78
68
73
43
69
75
47
67
77
52
66
78
56
64
77
59
62
75
57
64
71
53
66
68
46
136
129
103
212
197
168
214
191
160
221
194
164
197
168
138
167
138
108
142
115
86
92
66
39
89
65
39
104
82
58
114
94
70
120
99
78
126
108
88
128
110
90
130
112
92
141
123
103
133
112
93
147
124
106
149
124
104
152
125
106
177
149
128
200
169
148
203
171
148
199
168
147
200
171
153
188
161
144
194
167
148
210
183
164
216
191
169
214
190
166
203
179
155
184
160
134
122
101
74
96
74
50
111
89
65
138
116
93
156
135
114
165
144
123
155
134
115
157
139
119
186
174
150
190
183
155
106
101
72
73
72
42
71
74
43
67
74
41
74
84
50
89
103
68
87
103
67
76
92
56
44
58
23
26
37
3
33
43
9
39
46
13
55
60
28
90
93
62
69
75
47
66
75
48
61
73
49
56
69
49
49
63
46
44
57
39
43
50
32
44
46
24
102
95
69
193
178
147
193
170
138
196
167
133
182
153
119
144
115
83
132
103
73
95
68
39
84
60
34
101
79
55
116
94
71
123
103
79
124
103
82
111
93
73
109
91
71
123
105
85
124
103
84
129
106
88
133
108
88
150
123
104
179
151
130
190
162
140
190
160
136
192
161
140
203
174
158
191
163
149
201
173
159
217
190
173
216
191
171
208
183
161
201
176
154
193
168
146
162
140
117
109
87
64
105
83
60
124
102
81
141
120
101
162
141
124
162
141
124
157
138
121
179
167
143
204
197
169
133
128
99
82
81
51
89
92
61
87
94
61
87
97
63
102
113
79
100
114
79
92
106
71
57
71
36
31
42
8
31
41
7
35
40
8
53
56
25
89
92
61
62
71
44
59
69
44
52
66
43
46
61
42
41
55
38
37
50
33
38
45
27
40
42
20
76
69
41
184
167
137
186
162
126
168
140
103
167
137
101
121
91
55
107
77
43
99
70
38
94
68
41
107
83
59
111
89
66
110
88
65
105
84
63
97
76
55
102
84
64
123
105
85
139
118
99
130
107
89
131
106
86
155
128
109
180
152
131
178
150
128
178
148
124
194
163
143
197
168
154
191
163
151
203
175
161
217
190
173
209
183
166
198
173
153
194
169
149
191
166
146
181
159
138
118
96
75
101
79
58
110
87
69
126
105
86
156
135
118
169
147
133
174
155
140
175
163
141
208
201
175
155
149
123
90
86
59
94
97
68
93
100
69
91
100
69
102
113
81
101
115
82
98
112
79
67
78
46
33
44
12
27
36
5
34
39
9
61
64
35
105
108
79
46
54
30
43
53
29
37
50
30
34
48
31
33
47
32
35
48
31
40
47
29
48
47
26
67
57
30
165
149
116
192
168
130
159
130
90
153
121
82
111
79
40
92
60
22
93
64
30
100
75
45
109
85
59
105
81
57
91
69
46
87
66
45
91
70
49
107
89
69
132
114
94
160
139
120
147
126
107
142
119
101
159
134
114
176
149
128
171
143
122
177
146
125
198
170
149
190
162
148
188
160
148
202
174
160
213
186
169
207
181
164
200
175
155
196
171
151
187
162
140
180
158
135
126
104
83
103
81
60
103
80
62
119
98
79
143
122
105
155
133
119
172
153
138
175
163
141
207
197
172
170
163
137
94
90
63
89
92
63
87
92
62
87
96
65
93
104
72
88
102
69
91
105
72
66
77
45
33
42
11
28
35
4
37
42
12
69
72
43
116
119
90
40
48
25
35
44
23
29
40
23
25
38
21
24
38
23
28
41
24
37
44
24
46
46
22
62
53
24
129
110
77
199
174
134
167
138
96
143
110
67
120
87
44
107
74
33
92
62
26
91
64
34
108
82
57
106
82
58
90
68
45
88
67
46
96
75
54
108
90
70
125
107
87
159
138
121
164
143
126
164
141
123
167
142
122
174
147
126
174
146
125
177
149
127
192
164
143
180
153
136
178
151
134
188
161
142
199
172
153
201
176
154
202
177
155
192
168
144
171
147
123
165
143
119
123
101
77
98
76
53
93
71
48
114
93
72
131
110
89
137
116
97
165
146
129
178
163
142
198
187
165
175
167
144
93
89
64
77
77
51
72
76
49
78
84
56
78
89
59
82
95
65
89
102
72
66
77
47
36
45
16
31
37
9
37
41
14
63
66
39
104
104
78
50
55
33
43
50
30
34
43
26
25
36
20
22
34
20
24
35
19
34
39
19
42
40
17
56
45
15
92
72
37
202
174
134
180
149
105
139
105
60
137
103
58
133
98
56
99
67
28
79
50
20
104
78
51
114
88
63
103
79
55
100
78
55
103
82
61
105
84
65
107
89
69
144
123
106
171
150
133
181
158
140
172
149
131
176
151
131
180
153
132
178
150
129
177
149
128
166
139
118
162
135
114
167
141
118
178
152
129
187
163
137
195
171
145
179
155
127
146
122
94
142
121
92
110
89
60
84
63
36
80
59
32
110
90
65
129
109
84
135
115
91
171
153
131
174
159
138
185
174
152
171
163
140
86
82
57
62
62
36
54
58
31
65
71
43
63
72
43
89
100
70
96
107
77
71
82
52
41
50
21
36
42
14
37
40
13
52
52
26
82
82
56
59
61
40
52
55
36
45
52
34
41
49
34
34
42
29
27
33
19
31
34
15
44
40
15
49
35
6
121
99
62
201
172
130
171
138
93
146
112
66
164
127
82
126
92
46
111
78
37
104
75
43
98
71
44
102
76
51
109
85
61
102
80
57
92
70
49
100
79
60
119
98
79
129
110
93
164
143
126
183
162
143
189
166
148
191
166
146
173
146
127
158
131
110
169
143
120
155
129
106
171
145
120
154
128
101
164
138
111
182
159
128
188
165
133
181
158
126
132
109
75
118
98
63
112
92
59
91
71
38
78
57
26
105
86
56
130
111
81
134
114
87
152
135
109
168
153
132
173
162
142
192
184
163
84
78
56
64
62
39
57
59
35
60
66
40
66
75
48
76
86
59
76
86
59
56
65
38
32
41
14
28
34
8
35
37
13
48
48
24
65
65
41
103
98
79
88
85
66
74
75
59
72
76
61
72
76
62
63
67
52
56
55
35
54
48
24
49
34
3
124
100
64
212
180
139
192
158
112
165
129
81
167
131
83
129
92
47
115
82
39
116
86
52
104
77
48
97
70
43
97
71
46
100
76
52
99
77
54
98
77
56
98
77
58
123
104
87
151
132
115
177
156
137
191
170
151
198
175
157
189
164
144
169
142
123
159
133
110
151
125
100
166
140
113
163
138
108
166
141
110
175
152
118
174
151
117
153
131
94
110
88
51
121
101
64
114
94
57
93
73
38
81
61
26
102
83
50
123
104
72
134
115
85
155
138
110
153
138
117
172
159
140
193
182
162
82
76
54
56
54
31
54
56
32
65
71
45
73
82
55
77
87
60
72
82
55
49
58
31
29
35
9
30
34
9
37
39
15
47
47
23
59
59
35
251
240
222
227
218
200
204
198
182
194
192
179
190
191
177
177
175
160
153
148
129
137
127
102
133
114
84
172
146
109
220
187
144
192
155
110
164
126
79
161
123
76
130
93
48
122
87
45
123
93
59
112
82
54
93
66
39
84
58
33
97
73
49
111
89
66
102
81
60
82
61
42
112
93
76
128
109
92
158
137
120
179
158
141
191
168
150
195
169
152
170
145
125
132
107
85
145
119
92
157
132
102
173
148
118
166
141
110
164
141
107
165
143
106
136
114
77
112
90
51
112
93
53
110
90
53
96
76
39
91
71
36
102
83
50
113
94
62
129
110
78
147
130
102
169
152
132
176
163
146
175
164
146
68
61
42
48
46
25
56
58
36
71
75
52
75
83
59
85
95
70
76
86
61
49
57
33
29
34
11
31
35
12
36
38
16
39
38
17
46
44
23
232
215
195
222
207
188
215
203
187
223
215
202
239
233
219
246
240
224
240
231
213
234
219
196
231
208
177
220
192
155
213
178
136
175
137
92
155
114
68
152
111
65
125
87
42
113
78
36
111
81
47
111
82
52
96
69
40
84
57
30
99
73
48
124
99
77
117
95
74
90
69
50
106
87
70
110
91
74
135
114
97
157
136
119
174
151
133
191
168
150
172
146
129
120
95
73
149
123
98
154
128
101
176
150
123
155
130
100
140
117
85
141
118
84
112
89
55
107
85
48
94
74
37
100
80
45
95
75
40
100
80
47
104
85
53
107
88
58
126
107
77
136
119
93
168
151
133
172
159
142
167
156
138
81
74
55
55
53
32
48
50
28
56
60
37
67
72
49
76
84
60
72
80
56
51
56
33
32
36
13
33
35
13
37
36
15
38
36
15
44
42
21
236
214
193
232
211
192
225
208
192
219
206
190
215
206
191
217
205
189
215
202
183
215
197
173
245
220
190
226
194
156
203
166
124
171
130
86
151
110
64
140
99
53
113
75
30
98
63
23
92
59
26
102
73
43
99
72
43
89
62
35
99
73
48
124
99
77
126
104
83
110
89
70
105
86
69
103
84
67
118
99
82
140
119
102
162
141
124
194
171
155
190
167
149
151
126
106
146
119
98
142
115
94
157
131
108
133
107
82
115
91
63
113
89
61
87
64
33
89
66
35
90
69
38
99
78
47
92
71
42
101
80
51
103
83
56
111
91
66
142
122
98
142
124
102
137
120
104
149
136
120
155
143
127
105
96
79
73
68
49
41
40
20
37
40
19
51
56
34
48
56
33
54
62
39
44
49
27
29
32
11
28
30
9
34
33
13
43
40
21
56
53
34
245
218
197
247
222
202
243
222
205
232
215
199
226
210
195
228
212
197
233
216
198
240
218
195
232
203
173
226
192
155
208
169
128
178
137
93
147
106
62
126
85
41
111
72
29
103
68
28
80
47
14
91
60
31
94
64
36
86
59
32
89
63
38
104
79
57
113
91
70
113
92
73
98
79
62
100
81
64
109
90
73
124
105
88
152
131
114
188
167
150
203
180
162
193
167
150
126
99
82
114
87
70
113
86
69
110
83
64
118
93
71
128
104
80
118
94
70
115
91
67
114
92
68
119
97
73
97
75
51
98
76
53
99
78
57
121
100
81
168
147
128
158
139
122
144
126
112
135
119
104
113
100
84
86
77
60
79
74
55
61
60
40
45
48
27
42
47
25
39
47
24
49
57
34
43
48
26
26
29
8
23
25
4
30
29
9
46
43
24
67
64
45
232
201
180
232
204
183
226
200
183
216
194
180
211
193
179
215
198
182
220
199
180
221
197
173
227
196
167
232
196
160
216
177
136
190
147
105
156
113
70
129
88
44
118
79
36
107
72
32
86
53
20
81
50
21
76
46
18
72
45
18
70
44
19
72
47
25
81
59
38
91
70
51
95
76
59
106
87
70
109
90
75
114
95
80
137
116
99
163
142
125
188
165
149
209
183
168
149
121
110
116
88
77
79
51
40
95
67
55
135
109
94
163
137
120
173
147
130
158
132
115
152
129
111
153
130
112
114
91
73
102
79
63
99
77
63
129
107
94
182
160
147
156
136
125
164
146
134
152
136
123
107
93
80
77
68
53
81
75
59
84
83
65
65
68
49
41
46
26
49
56
36
57
64
44
48
53
33
30
33
14
29
30
12
43
42
24
67
64
47
94
91
74
236
208
187
234
205
187
225
199
182
219
196
180
220
201
186
227
208
193
226
205
186
219
194
172
211
181
155
221
188
157
212
176
142
199
161
125
176
138
101
147
109
73
121
85
49
92
59
26
95
66
36
72
45
18
57
31
6
57
31
8
53
28
6
45
23
2
51
30
11
66
45
28
101
82
65
119
100
85
117
98
83
112
93
76
128
107
90
141
120
101
166
143
125
204
181
165
210
183
172
152
125
116
74
47
36
87
60
49
139
113
100
171
145
130
190
164
149
162
139
123
179
156
140
178
155
139
131
108
92
112
88
75
103
81
68
131
109
96
179
156
146
140
117
107
149
129
118
179
163
150
157
143
130
115
103
89
88
80
65
84
78
62
70
69
51
46
47
29
57
58
40
63
64
46
51
52
34
39
38
20
47
44
27
69
66
49
104
98
82
135
129
113
221
198
180
219
196
178
218
197
180
222
201
184
222
201
184
222
201
184
227
204
188
234
211
193
219
194
174
204
177
156
195
167
145
198
167
146
186
155
134
153
122
101
114
86
64
93
66
45
70
50
26
62
44
22
53
32
13
44
23
6
40
21
6
46
27
13
57
38
24
66
47
33
81
62
48
122
103
89
137
115
101
122
101
84
114
93
72
111
91
67
128
108
84
162
142
118
189
166
148
195
172
156
159
136
120
102
79
63
91
68
52
129
106
88
165
142
124
179
158
139
164
143
124
149
128
109
114
93
74
107
86
69
140
119
102
152
131
114
133
112
95
125
103
89
149
130
116
190
172
158
239
223
208
248
235
219
231
218
202
228
216
200
207
198
181
162
153
136
73
64
47
62
55
37
67
60
42
61
54
36
59
50
33
106
97
80
149
140
123
140
131
114
237
218
201
231
212
195
228
209
192
234
215
198
238
217
200
232
211
194
224
201
185
218
195
179
216
193
177
209
186
170
201
175
160
193
167
152
182
156
141
158
132
117
120
94
79
87
64
48
60
43
25
50
35
16
40
23
7
32
15
0
36
18
4
51
33
21
73
53
42
88
68
57
84
64
53
102
80
67
101
80
63
96
75
56
104
83
62
105
85
60
105
85
58
120
100
75
164
143
122
189
168
149
194
173
154
142
121
102
82
61
42
84
63
44
117
96
77
130
109
90
125
104
85
139
118
99
129
108
89
111
90
71
106
85
66
95
74
55
85
64
45
93
72
55
152
133
118
153
135
121
150
132
118
140
124
109
148
132
117
176
160
145
187
171
156
170
157
141
163
150
134
144
131
115
124
111
95
95
83
67
92
80
64
137
125
109
151
139
123
107
95
79
215
197
177
216
198
178
222
204
184
234
216
196
241
220
201
237
216
197
229
208
189
226
205
186
217
194
176
218
195
177
207
184
166
191
168
150
184
158
141
173
147
130
145
119
102
112
89
71
106
88
68
95
78
60
79
62
44
63
46
30
53
34
20
51
32
18
55
36
22
60
41
27
82
60
47
81
59
45
74
51
35
80
57
39
103
81
58
115
93
69
123
102
75
137
115
91
162
140
119
182
159
141
211
188
170
201
178
160
161
138
120
158
135
117
173
150
132
167
144
126
169
146
128
169
146
128
151
128
110
131
108
90
129
106
88
129
106
88
131
108
90
139
118
99
146
127
110
162
143
128
167
148
133
163
146
130
171
154
138
180
163
147
187
170
154
194
178
162
232
216
200
230
214
198
230
217
200
214
201
184
195
182
165
199
186
169
181
168
151
132
119
102
182
164
144
186
168
148
192
174
154
194
176
156
190
169
150
182
161
142
182
161
142
187
166
147
209
186
168
209
186
168
202
179
161
189
166
148
182
156
139
177
151
134
168
142
125
155
132
114
128
110
90
127
110
90
125
108
88
118
99
82
107
88
73
96
77
62
87
68
53
85
63
49
91
69
55
76
53
37
55
32
14
48
26
5
66
44
21
106
84
60
163
142
115
212
190
166
177
155
134
170
147
129
158
135
117
152
129
111
160
137
119
175
152
134
188
165
147
197
174
156
217
194
176
202
179
161
179
156
138
168
145
127
181
158
140
199
176
158
208
185
167
210
187
169
200
179
162
218
199
182
220
201
184
216
197
180
221
202
185
214
197
179
216
199
181
240
223
205
225
208
190
213
198
179
225
210
191
240
225
206
235
220
201
229
216
197
233
220
201
231
218
199
185
167
145
178
160
138
174
156
134
174
156
134
175
157
135
175
157
135
182
161
140
187
166
145
184
163
142
185
164
143
189
167
146
188
166
145
176
154
133
165
143
122
169
144
124
177
155
134
196
175
154
193
175
153
190
172
150
183
162
143
171
150
131
157
136
119
147
126
109
143
120
104
137
114
98
128
105
87
120
94
77
106
81
61
94
69
47
104
80
56
136
112
86
162
138
112
180
155
135
196
170
153
178
152
135
169
143
126
190
164
147
187
161
144
186
160
143
218
192
175
189
163
146
198
172
155
208
182
165
207
181
164
201
175
158
205
179
162
215
189
172
217
194
176
231
210
191
230
209
190
217
196
177
217
196
177
232
211
192
224
206
186
215
197
177
228
210
190
255
243
223
235
218
198
227
210
190
238
221
201
239
222
202
229
214
193
222
207
186
220
205
184
161
143
121
142
124
102
129
111
89
137
119
97
156
138
116
168
150
128
170
149
128
167
146
125
167
146
125
171
150
129
183
161
140
189
167
146
175
153
132
157
135
114
162
137
117
176
154
133
180
159
138
177
159
137
177
156
135
177
156
135
182
161
140
192
171
152
205
182
164
214
191
173
197
174
156
197
175
154
207
182
162
205
180
158
186
162
138
170
146
122
153
129
103
130
106
80
130
105
85
160
134
117
157
131
114
156
130
113
177
151
134
162
136
119
144
118
101
167
141
124
178
152
135
192
166
149
216
190
173
222
196
179
209
183
166
210
184
167
219
193
176
217
191
174
216
193
175
219
198
179
222
201
182
227
206
187
229
208
189
217
196
177
208
187
168
212
194
174
197
179
159
208
190
170
214
196
176
212
195
175
216
199
179
222
205
185
218
201
181
209
192
172
174
158
133
159
143
118
149
133
108
154
138
113
165
147
123
166
148
124
158
140
116
151
133
109
163
143
119
169
149
125
176
156
132
173
153
129
163
141
118
155
133
110
158
136
113
166
144
121
166
146
122
163
143
119
157
137
113
151
131
107
150
128
105
152
130
109
159
137
116
164
142
121
200
175
155
193
168
146
195
170
148
197
173
149
202
176
153
223
197
174
226
200
175
200
174
151
198
171
152
192
165
148
185
158
141
181
154
137
183
156
139
191
164
147
196
169
152
196
169
152
206
179
162
202
175
158
214
187
170
223
196
179
223
196
179
235
208
191
243
216
199
228
202
185
228
203
183
228
206
185
235
213
192
231
209
188
214
192
171
213
191
170
227
206
185
239
218
197
236
215
194
249
228
207
240
222
200
218
200
178
213
195
173
222
204
182
231
213
191
236
218
196
153
137
112
157
141
116
167
151
126
175
159
134
175
157
133
168
150
126
165
147
123
168
150
126
162
142
118
168
148
124
164
144
120
149
129
105
143
121
98
151
129
106
159
137
114
159
137
114
158
138
113
163
143
118
169
149
125
170
150
126
168
146
123
161
139
116
155
133
110
152
130
107
147
122
100
148
123
101
159
135
111
162
138
114
167
141
118
193
167
144
196
170
147
162
135
114
162
135
116
156
129
112
195
168
151
217
190
173
196
169
152
211
184
167
230
203
186
204
177
160
207
180
163
201
174
157
215
188
171
224
197
180
220
193
176
231
204
187
237
210
193
220
193
176
228
203
183
218
193
173
225
203
182
231
209
188
222
200
179
227
205
184
231
210
189
217
196
175
242
221
200
236
215
194
226
208
186
234
216
194
249
231
209
240
222
200
222
204
182
219
201
179
146
132
106
140
126
100
134
118
93
133
117
92
145
129
104
160
144
119
167
149
125
165
147
123
175
157
133
159
141
117
156
136
112
142
122
98
170
150
126
171
151
127
172
152
128
150
130
106
157
137
113
152
134
110
158
138
113
166
146
121
168
148
123
163
143
118
162
140
116
164
142
118
161
139
115
163
141
117
162
137
115
157
132
110
157
132
110
165
140
118
170
145
123
171
146
126
163
137
120
168
142
125
160
134
117
145
119
102
150
124
107
174
148
131
190
164
147
190
164
147
188
162
145
199
173
156
211
185
168
225
199
182
232
206
189
221
195
178
220
194
177
236
210
193
220
195
175
232
207
187
238
216
195
228
206
185
218
196
175
227
205
184
222
201
180
196
175
154
221
200
179
223
202
181
227
209
187
233
215
193
231
213
191
227
209
187
229
211
189
234
216
194
176
162
136
173
159
133
168
152
127
165
149
124
168
152
127
170
154
129
162
144
120
151
133
109
143
125
101
139
121
97
153
133
109
179
159
135
176
156
132
162
142
118
165
145
121
188
168
144
170
152
128
161
143
119
156
138
114
162
142
117
165
145
120
163
143
118
159
139
114
160
138
114
165
143
119
155
133
109
146
124
101
148
123
101
157
132
112
164
139
119
167
141
124
166
140
123
147
121
104
163
137
120
170
144
127
161
135
118
154
128
111
160
134
117
172
146
129
178
152
135
172
146
129
171
145
128
164
138
121
162
136
119
163
137
120
158
132
115
168
142
125
192
166
149
220
195
175
196
174
153
191
169
148
203
181
160
207
185
164
205
183
162
205
184
163
206
185
164
220
199
178
219
198
177
222
204
182
234
216
194
243
225
203
245
227
205
245
227
205
246
228
206
164
149
126
166
151
128
166
151
128
164
149
126
163
148
125
162
146
123
153
137
114
143
127
104
137
119
97
148
130
108
160
142
120
195
177
155
172
151
130
163
142
121
161
140
119
197
176
155
179
161
139
169
153
130
165
149
124
172
154
130
180
163
137
179
162
136
174
157
131
171
151
126
158
138
113
149
129
104
146
126
102
153
131
110
156
133
115
155
132
116
159
136
120
166
143
127
193
170
152
180
157
139
164
141
123
157
134
116
161
138
120
173
150
132
183
160
142
189
166
148
161
138
120
168
145
127
170
147
129
172
149
131
172
149
131
160
137
119
159
136
118
174
151
133
190
167
149
173
152
133
168
147
128
175
154
135
177
156
137
182
161
142
208
187
168
237
219
199
233
215
195
225
207
187
223
205
185
234
217
197
247
230
210
251
234
214
247
230
210
243
226
206
115
100
77
123
108
85
128
113
90
126
111
88
125
110
87
129
114
91
135
119
96
138
122
99
143
125
103
161
143
121
161
143
121
161
143
121
153
132
111
170
149
128
169
148
127
166
148
126
158
142
119
158
142
119
162
146
123
171
155
130
177
161
136
174
158
132
165
149
123
159
142
116
147
130
104
150
132
108
159
141
119
166
145
126
153
132
115
138
116
102
147
125
111
168
146
132
166
145
128
150
129
110
145
124
105
159
138
119
175
154
135
177
156
137
170
149
130
164
143
124
163
142
123
165
144
125
158
137
118
154
133
114
157
136
117
159
138
119
171
150
131
195
174
155
141
120
101
165
144
125
176
155
136
175
154
135
185
164
145
199
181
161
203
185
165
200
182
162
196
178
158
187
170
150
187
170
150
202
185
165
223
206
186
235
220
199
240
225
204
241
226
205
77
65
43
91
79
57
102
87
66
97
82
61
91
76
55
95
80
59
109
92
72
120
103
83
117
100
80
131
114
94
136
118
98
112
94
74
128
110
90
150
132
112
160
142
122
136
118
98
146
131
110
152
137
116
160
145
122
163
148
125
163
149
123
161
147
121
157
143
116
155
139
113
159
143
118
159
143
118
163
146
126
163
144
127
146
127
112
130
111
97
138
118
107
160
141
127
129
110
93
130
112
92
143
125
105
158
140
120
161
143
123
155
137
117
157
139
119
166
148
128
136
118
98
154
136
116
168
150
130
176
158
138
180
162
142
169
151
131
161
143
123
168
150
130
159
140
123
169
150
133
153
134
117
146
127
110
183
164
147
211
194
176
193
176
158
162
145
127
167
150
132
158
143
124
153
138
119
159
144
125
170
155
136
176
163
144
184
171
152
190
177
158
59
47
25
75
63
41
90
75
54
88
73
52
80
65
44
82
67
46
92
75
55
99
82
62
84
67
47
88
71
51
105
87
67
89
71
51
105
87
67
101
83
63
117
99
79
110
93
75
127
114
95
134
121
102
139
127
105
138
126
102
140
128
104
147
135
109
156
144
118
163
149
123
176
162
136
163
148
125
154
137
119
152
135
119
148
130
116
142
124
112
143
125
115
149
131
119
160
143
125
155
138
118
154
137
117
157
140
120
156
139
119
153
136
116
159
142
122
169
152
132
148
131
111
153
136
116
144
127
107
134
117
97
134
117
97
136
119
99
146
129
109
165
148
128
174
155
138
166
147
132
143
124
109
147
130
114
186
169
153
197
180
164
182
165
149
177
161
145
182
166
150
171
155
139
157
144
127
149
136
119
142
129
112
137
124
107
138
125
108
142
129
112
59
46
27
69
56
37
77
64
45
78
65
46
78
63
44
81
66
47
84
69
50
84
69
50
79
62
44
80
63
45
88
69
52
88
69
52
83
64
47
72
53
36
80
61
44
92
75
57
90
77
60
93
82
62
94
83
61
92
81
59
97
87
62
110
100
75
122
112
85
127
115
89
142
130
106
139
124
103
136
121
102
140
124
108
147
131
118
148
131
121
142
125
117
136
119
109
141
125
109
143
128
107
149
134
113
156
141
120
158
143
122
152
137
116
142
127
106
135
120
99
141
126
105
156
141
120
161
146
125
159
144
123
161
146
125
158
143
122
157
142
121
167
150
132
143
126
110
156
138
124
165
147
133
190
174
159
213
197
182
187
171
156
160
144
129
172
159
143
173
160
144
166
153
137
161
148
132
159
147
131
157
145
129
154
142
126
154
142
126
157
145
129
77
64
45
77
64
45
74
61
42
71
58
39
76
61
42
80
65
46
79
64
45
74
59
40
89
72
54
92
75
57
81
62
45
87
68
51
69
50
33
79
60
43
77
58
41
88
71
53
81
70
52
80
71
53
77
69
48
73
65
42
78
68
43
86
76
51
88
78
51
83
73
46
82
70
46
99
87
65
120
105
86
133
117
102
139
123
110
139
122
114
132
115
108
122
105
95
110
94
78
126
111
90
137
122
101
132
117
96
124
109
88
130
115
94
151
136
115
169
154
133
118
103
82
134
119
98
140
125
104
141
126
105
149
134
113
153
138
117
159
144
123
172
157
138
172
155
139
175
157
143
160
144
129
169
153
138
194
178
163
176
160
145
153
140
124
170
157
141
171
158
142
165
152
136
161
149
133
165
153
137
167
155
139
164
152
136
160
148
132
159
147
131
