216
204
208
224
212
216
231
221
222
229
219
220
214
204
205
202
192
193
209
200
201
223
217
217
240
236
237
242
237
241
236
234
239
225
222
229
216
213
222
219
216
227
231
229
242
239
242
251
241
251
252
237
247
246
235
238
243
233
231
242
239
230
247
248
236
255
255
247
255
255
251
255
255
253
255
251
251
249
246
249
240
245
247
236
249
249
241
250
245
241
242
230
230
230
216
216
221
210
216
226
215
219
230
221
224
225
216
217
211
202
203
202
193
194
209
203
203
223
219
218
229
225
224
232
230
231
234
232
235
229
227
232
225
222
229
226
225
233
230
228
239
230
233
240
231
241
240
234
245
241
237
241
244
239
236
245
244
236
251
252
241
255
255
244
255
250
242
253
251
249
252
246
246
244
238
241
234
235
236
228
237
237
229
240
235
231
235
225
224
227
213
213
206
201
207
216
211
215
226
221
225
225
221
222
213
209
208
206
202
201
213
212
208
227
226
222
237
236
232
238
238
236
234
234
232
226
226
226
224
224
226
230
231
235
237
238
243
238
242
245
238
244
240
244
251
244
251
251
251
250
245
251
248
238
247
249
237
249
254
242
254
255
248
255
250
248
251
245
245
243
235
238
231
228
231
224
230
229
224
233
229
226
231
223
221
226
214
216
182
181
187
202
201
206
223
222
227
225
225
227
213
213
213
204
204
202
211
212
207
223
224
219
225
226
220
234
235
229
233
234
229
217
218
213
198
198
196
187
187
187
179
179
179
171
173
170
212
215
206
219
220
212
240
237
232
255
252
253
255
249
255
252
237
244
252
239
248
255
251
255
253
251
254
249
251
250
240
245
241
232
237
231
234
234
232
236
235
233
236
230
230
232
223
226
171
171
179
197
198
203
221
222
226
223
224
226
209
211
210
202
204
201
211
213
208
223
226
219
245
246
238
245
246
238
224
226
215
180
181
173
142
143
135
131
130
125
136
135
130
140
140
132
158
156
143
156
152
140
187
178
169
244
230
227
255
250
250
255
247
248
248
233
236
246
237
240
253
251
254
252
253
255
247
253
251
242
248
246
241
245
244
244
244
244
244
240
241
240
233
238
170
173
182
193
196
203
214
217
222
218
222
225
211
215
216
214
216
213
225
227
222
237
238
230
221
221
211
224
224
212
205
203
190
160
158
145
129
125
113
132
128
117
154
150
139
172
166
154
152
144
129
135
123
107
147
131
118
198
180
170
247
228
221
255
241
237
245
231
230
232
223
224
247
245
246
248
252
253
250
255
255
245
253
255
244
249
252
247
248
252
247
245
248
246
241
245
174
176
188
191
193
205
210
210
220
216
217
222
216
217
219
215
215
213
212
211
206
209
206
197
142
138
127
169
163
149
180
172
157
163
154
139
142
133
118
138
129
114
142
130
116
141
128
112
161
146
127
162
144
124
162
141
124
175
154
137
208
186
172
240
220
209
243
228
221
229
219
217
240
238
239
243
247
250
244
252
255
242
249
255
242
247
251
245
248
253
249
248
253
249
247
252
183
182
198
195
194
208
207
207
219
212
211
219
209
207
212
197
193
192
170
165
161
147
140
132
161
151
141
174
162
148
168
155
139
138
122
106
114
97
81
114
95
78
119
100
83
121
100
81
135
113
92
180
155
133
203
177
154
191
164
143
197
172
152
229
208
191
241
225
212
224
215
208
236
235
233
240
244
247
241
248
255
238
247
254
237
244
252
244
247
254
250
251
255
252
251
255
193
190
209
184
181
200
196
194
208
187
184
195
211
206
213
174
165
168
68
58
56
84
71
65
135
118
108
199
181
169
130
108
94
96
70
55
106
79
62
114
85
69
103
74
56
122
91
71
135
104
83
157
127
101
195
165
137
232
202
174
197
170
143
206
182
158
209
192
174
209
199
189
232
231
227
238
241
246
239
247
255
236
244
255
235
242
252
240
245
251
245
246
250
244
244
246
178
176
198
178
175
196
190
187
204
187
180
195
207
199
210
193
182
188
111
97
97
85
67
63
94
74
65
155
131
119
112
84
72
89
57
42
71
38
21
98
61
45
136
99
81
139
102
83
116
82
57
137
103
76
162
127
97
214
181
148
211
181
147
182
157
127
162
144
122
204
192
178
233
229
226
235
238
243
236
242
254
232
240
253
233
239
251
239
243
252
243
244
248
243
241
242
165
165
189
172
173
194
186
183
202
186
182
197
197
189
200
209
198
204
161
147
147
85
66
62
96
73
65
138
111
100
112
80
69
104
68
54
62
23
8
83
41
25
154
111
95
129
86
67
79
39
14
112
75
46
127
91
57
185
150
112
220
188
149
177
151
116
148
128
101
215
203
187
238
235
230
237
238
243
234
240
252
232
239
255
234
240
252
241
244
251
245
245
247
246
242
241
167
173
195
174
179
199
184
185
203
195
194
208
188
185
196
207
200
207
197
185
187
99
81
79
123
100
94
141
114
105
116
84
73
133
95
84
102
60
46
96
53
37
161
115
100
130
85
66
76
34
10
117
76
46
132
92
56
172
135
93
215
182
139
192
164
125
175
156
124
234
221
202
241
236
232
236
237
242
231
237
251
230
236
252
234
238
250
241
241
249
244
243
241
248
243
239
174
186
208
178
189
209
187
196
213
205
211
225
188
191
200
203
201
206
219
210
211
136
122
119
122
103
97
125
100
93
101
71
61
138
102
90
136
96
84
105
63
49
159
113
100
168
122
106
138
93
70
147
103
74
160
118
80
182
145
101
206
174
127
193
166
121
202
184
148
243
231
209
242
237
231
235
236
241
230
233
248
227
233
249
230
232
244
235
234
240
242
238
235
248
241
235
172
190
210
177
196
213
189
205
220
209
221
233
195
203
213
204
207
212
225
223
224
180
172
169
121
108
102
104
84
75
88
61
50
116
84
73
127
91
79
85
45
33
134
90
79
186
143
126
193
148
125
162
119
87
167
125
87
186
148
103
203
171
120
194
167
120
222
204
166
255
243
219
248
243
237
241
242
247
236
239
254
234
237
254
233
233
245
234
232
237
243
238
234
255
246
239
156
181
199
172
198
213
188
210
224
198
216
228
197
212
219
207
217
219
218
222
221
202
201
197
131
122
115
81
64
56
77
54
44
96
68
56
110
76
64
85
47
36
125
85
73
182
140
124
193
151
127
165
122
90
154
112
72
158
120
73
202
169
116
214
188
139
243
225
185
255
249
223
251
247
238
245
244
250
241
243
255
237
238
255
232
230
243
231
226
232
243
236
230
255
249
240
146
169
183
173
195
209
189
208
222
187
205
215
198
212
221
210
221
227
207
215
217
206
208
207
128
123
119
49
36
30
63
43
34
88
60
49
115
81
69
118
80
67
154
112
98
191
146
127
176
132
103
172
130
92
147
105
63
123
86
41
195
163
116
236
212
168
255
238
205
253
241
219
247
240
232
241
239
244
239
237
250
234
232
246
224
221
230
222
216
218
236
227
220
253
243
233
140
152
164
149
161
173
174
186
198
196
208
220
204
217
226
211
221
231
205
212
220
189
192
197
103
98
102
83
71
71
60
39
34
134
105
97
106
68
57
96
52
39
127
78
63
183
133
108
184
139
98
137
96
48
94
56
9
129
96
53
201
173
134
236
213
182
247
231
208
254
242
228
243
234
229
238
229
230
239
232
237
232
225
230
215
206
207
213
203
201
227
216
210
235
222
214
132
138
150
143
151
162
170
178
189
193
202
215
202
211
224
207
216
229
202
210
221
187
191
200
129
127
132
84
74
75
63
44
40
136
107
99
120
82
71
127
81
66
146
93
75
183
132
103
195
151
104
124
84
32
92
56
8
170
138
97
175
148
118
226
204
181
241
223
209
248
235
227
236
225
223
223
213
212
220
211
212
217
209
207
208
198
196
208
197
193
217
204
198
217
204
196
125
133
146
138
146
159
166
175
188
189
201
215
199
211
225
207
216
229
204
212
223
190
194
203
146
145
150
80
72
70
77
60
53
138
111
102
121
85
71
143
100
83
157
109
89
189
140
110
208
165
120
107
70
18
113
79
33
206
174
135
170
143
113
205
183
160
237
219
205
232
219
211
223
212
210
204
194
193
198
189
190
205
197
195
208
198
196
212
201
197
214
201
195
206
193
187
132
141
158
144
153
170
170
181
198
194
205
222
203
215
229
211
223
235
209
219
229
194
201
207
134
135
137
68
63
60
88
73
66
129
105
93
98
65
48
126
85
65
150
104
81
186
141
110
201
160
116
95
59
11
139
106
63
195
165
127
182
157
127
187
166
145
238
222
207
228
215
207
205
194
190
186
176
175
186
177
178
202
193
194
212
202
201
215
205
203
212
201
197
204
190
187
143
154
172
151
164
181
176
189
206
199
212
229
208
221
237
213
227
240
207
220
229
190
199
204
124
125
127
67
62
58
92
79
70
117
95
81
80
52
31
105
69
45
137
95
70
172
131
99
181
144
102
102
68
23
133
101
62
152
126
91
172
148
120
183
165
145
225
209
196
234
221
213
194
185
180
179
171
169
187
178
179
206
197
198
210
202
200
208
198
196
202
192
190
194
183
181
146
158
180
151
166
187
175
190
211
199
214
233
208
224
240
209
225
238
195
209
218
170
181
185
132
136
137
86
83
78
95
85
75
115
98
82
97
70
49
113
81
56
148
111
84
173
134
103
186
151
113
130
98
59
113
85
48
123
98
67
145
123
99
184
167
147
188
174
161
221
211
202
207
198
193
193
185
183
201
192
193
216
207
208
210
201
202
197
189
187
189
181
179
184
174
173
138
152
178
144
160
185
171
187
210
198
215
235
209
226
242
206
222
237
179
193
202
145
156
160
126
132
132
101
100
95
100
92
79
122
107
88
118
96
73
126
99
72
175
141
113
195
160
128
199
166
131
135
106
72
114
87
57
118
94
66
156
136
112
190
173
155
176
162
149
205
195
186
227
218
213
209
201
199
209
203
203
217
211
211
204
198
198
185
179
179
176
170
170
173
164
165
130
146
172
138
155
181
167
185
209
198
216
236
212
229
247
203
221
235
168
185
193
129
140
144
101
107
107
100
101
95
98
92
78
121
108
89
122
104
80
124
100
72
187
158
128
215
184
153
194
165
135
111
86
56
125
101
73
119
99
74
194
177
157
200
184
168
195
183
171
205
195
186
235
226
221
212
204
202
205
199
199
209
203
205
194
188
190
174
168
170
165
159
161
161
155
157
127
144
172
136
156
181
154
174
198
188
206
228
210
229
246
191
209
223
149
166
174
129
140
144
101
107
105
104
105
97
113
110
95
117
106
86
116
100
75
138
117
90
174
149
119
193
166
137
157
131
104
113
91
67
110
90
66
141
123
103
186
171
152
210
197
181
202
189
180
207
196
190
227
220
214
210
205
202
202
196
196
203
199
200
192
187
191
163
158
162
138
133
137
128
123
127
109
129
156
122
142
169
154
174
199
186
204
226
186
205
222
162
180
194
138
152
161
128
139
141
104
110
108
103
104
96
110
107
92
113
104
86
107
92
69
120
100
75
150
126
98
167
143
115
150
128
105
120
99
80
126
107
90
154
137
121
186
173
157
200
188
176
190
180
170
199
190
183
216
209
203
199
194
191
197
193
192
204
200
201
185
180
184
140
138
143
116
114
119
117
114
121
103
123
150
108
128
155
150
167
193
184
202
224
170
187
205
144
160
175
135
148
157
128
138
140
111
117
115
105
106
98
112
108
96
118
109
92
108
93
72
104
86
62
125
103
79
141
119
96
136
117
100
122
104
90
142
126
113
166
152
139
187
173
162
191
178
169
181
171
162
193
184
177
210
203
197
198
193
190
203
199
198
212
210
213
189
187
192
142
141
147
122
121
129
133
132
140
101
121
148
93
110
136
131
149
173
169
185
208
153
168
187
135
149
162
132
142
151
120
128
131
117
121
120
109
109
101
123
117
105
134
125
110
122
106
90
109
91
71
119
99
75
134
113
94
124
108
95
118
104
95
147
133
124
170
157
148
185
172
163
186
176
167
178
169
160
192
185
177
199
194
188
198
193
190
206
202
201
210
208
211
191
190
195
161
160
168
150
148
159
157
155
166
96
113
139
89
106
132
124
140
165
152
169
189
129
145
161
114
126
138
119
127
137
115
120
124
117
119
118
111
110
105
130
123
113
147
137
125
138
122
107
124
105
88
130
109
90
138
119
104
128
114
105
123
109
106
148
135
129
166
155
149
180
169
163
184
175
168
178
169
162
190
183
175
185
180
174
196
191
187
200
196
195
190
188
191
178
177
183
170
170
178
163
163
173
156
156
168
98
115
141
111
127
152
143
159
182
150
165
186
118
131
147
99
111
123
114
123
130
127
132
135
113
115
112
113
110
105
131
124
114
146
136
124
141
125
110
133
114
99
141
120
103
145
126
112
144
129
124
133
122
120
150
139
137
161
150
146
171
162
157
176
167
160
167
160
152
179
172
164
180
175
169
197
194
189
198
197
195
182
182
184
173
174
179
176
176
186
165
167
179
147
149
161
98
114
139
122
138
163
144
159
182
136
151
170
111
124
140
100
110
120
113
120
128
132
136
139
114
114
112
115
112
107
129
120
113
138
125
116
132
116
103
133
114
100
145
123
110
147
127
118
151
137
134
138
128
127
150
140
139
153
143
141
156
147
142
159
150
145
151
144
136
162
155
147
165
160
154
185
182
177
195
194
192
188
188
190
180
180
188
178
178
188
164
166
178
145
149
161
85
101
126
108
124
149
116
131
154
107
120
139
99
111
125
98
108
118
103
110
116
116
120
123
118
118
116
118
115
110
127
118
111
129
116
107
122
105
95
130
110
99
145
123
110
145
127
117
149
135
134
137
127
128
147
137
136
145
135
134
144
134
132
145
136
131
137
130
122
149
142
134
137
132
126
158
155
150
180
179
177
187
187
189
181
181
189
170
170
182
155
157
170
144
148
160
