116
183
54
85
150
34
86
145
53
128
181
113
138
185
141
139
180
150
160
199
172
161
201
167
110
153
100
101
146
77
149
199
110
175
232
127
150
210
97
121
184
67
117
182
66
141
198
101
173
219
155
179
218
163
163
203
132
164
201
121
116
147
67
75
101
28
155
174
118
239
252
209
170
180
145
48
58
21
191
203
155
145
158
104
100
115
58
141
156
101
194
210
163
178
206
147
137
188
95
144
203
97
153
201
101
147
184
91
140
165
81
132
149
71
115
129
54
95
111
36
108
130
55
113
141
64
102
140
57
91
135
46
84
133
41
116
167
72
159
213
115
162
198
108
182
181
114
157
138
80
115
94
39
88
65
13
76
50
1
71
43
0
79
48
4
91
56
14
84
45
6
77
33
0
83
37
3
102
52
19
103
50
19
89
36
5
91
36
6
108
53
23
103
168
42
106
169
54
100
160
64
143
197
122
146
193
139
139
182
139
190
231
189
190
232
182
130
175
108
126
174
90
164
216
116
174
230
119
144
204
88
119
182
65
116
179
65
139
196
99
161
206
139
163
201
142
141
179
104
140
175
93
105
134
52
87
111
37
173
190
135
246
255
215
107
117
80
29
40
0
196
210
159
177
195
135
134
154
91
154
176
114
197
220
166
192
227
161
155
209
115
155
214
108
154
202
102
145
182
89
143
169
82
140
159
77
121
138
58
97
116
37
111
134
56
120
149
67
107
145
60
93
136
47
75
121
30
81
131
36
116
166
69
132
164
78
123
118
54
116
93
39
96
70
19
81
55
4
76
48
0
80
49
3
91
58
15
102
67
25
87
48
9
78
36
0
79
35
0
92
46
12
98
49
17
91
42
10
91
40
9
98
47
16
107
168
47
142
202
88
130
188
88
159
213
129
147
197
124
134
181
113
201
247
175
198
245
165
149
199
102
148
200
90
166
221
101
159
217
94
141
201
79
128
188
72
117
176
68
131
185
91
138
179
109
139
174
108
113
148
68
108
140
54
87
112
28
93
111
37
172
185
129
219
228
185
46
54
15
30
41
0
198
215
160
191
213
148
146
176
104
154
187
114
184
221
154
181
225
150
153
209
112
149
206
101
139
187
87
124
164
68
129
158
68
141
165
77
136
158
73
119
141
58
127
152
68
159
191
105
143
179
91
101
141
52
75
115
26
77
117
28
101
142
50
115
136
57
111
96
37
118
86
39
106
74
27
88
55
10
76
42
0
72
37
0
72
37
0
74
36
0
69
31
0
62
23
0
60
20
0
69
29
0
84
41
6
90
47
12
90
47
12
90
47
12
128
187
71
164
222
110
155
211
110
157
210
120
143
192
110
139
186
106
183
231
145
179
226
130
156
205
96
147
201
81
140
195
68
128
184
57
143
201
80
149
207
94
118
175
72
108
159
67
114
155
79
120
153
80
97
129
43
94
123
30
82
105
15
100
114
37
161
169
112
166
171
128
19
26
0
43
55
9
181
201
140
180
208
134
141
179
96
146
190
105
162
211
130
147
201
115
130
188
88
132
189
84
124
172
72
107
147
50
106
140
45
126
155
62
142
169
76
145
171
80
158
189
96
221
254
163
196
231
141
119
155
67
88
122
35
98
130
45
109
137
53
98
108
37
97
74
22
112
70
28
106
64
24
89
50
9
79
40
0
80
41
2
78
39
0
70
32
0
60
22
0
58
20
0
55
20
0
58
23
0
68
33
0
80
45
7
83
48
10
80
45
7
135
192
79
150
206
97
153
208
107
137
188
96
145
193
109
173
218
135
176
222
134
173
218
123
167
215
106
149
200
82
117
169
45
106
160
38
161
216
99
181
237
128
122
176
78
86
136
47
100
142
60
110
145
61
97
128
32
99
125
26
96
116
21
123
134
55
169
172
115
142
141
97
23
24
0
36
44
0
134
155
90
180
213
132
155
200
107
131
187
88
126
187
91
111
175
78
105
166
63
121
176
74
129
177
75
121
163
63
114
150
50
121
156
54
141
173
72
155
187
86
181
216
116
239
255
178
215
248
157
148
178
90
116
141
58
110
128
52
100
113
41
79
75
14
93
58
16
103
54
21
96
47
14
83
37
3
81
37
2
89
45
10
89
46
11
81
41
5
78
40
1
80
45
5
77
44
3
68
36
0
66
34
0
69
40
0
73
44
2
73
44
2
124
178
66
121
174
66
127
177
80
111
160
71
157
201
122
214
255
183
199
241
165
193
236
154
191
236
143
173
219
118
125
174
65
115
164
55
190
241
136
214
255
164
133
184
91
86
135
44
95
139
50
106
146
50
99
134
30
110
137
32
113
131
32
149
156
76
188
186
129
137
133
88
41
37
0
16
19
0
81
98
30
193
225
140
178
226
124
113
172
62
88
156
47
82
149
43
87
145
42
106
158
57
133
181
79
154
199
96
158
199
93
153
190
84
152
190
81
160
197
91
171
208
103
195
230
130
187
218
125
172
196
112
144
160
85
107
114
46
91
89
28
84
66
16
107
67
31
108
57
28
97
46
17
86
37
5
83
37
4
87
43
8
89
46
11
85
45
9
86
48
9
91
56
16
91
58
17
80
48
7
69
40
0
68
39
0
73
46
3
79
52
9
117
170
56
115
164
57
99
146
52
98
143
62
166
207
141
230
255
212
225
255
211
212
251
196
200
240
177
194
236
164
146
189
109
129
173
86
202
248
157
216
255
171
134
180
90
94
143
51
103
153
56
114
161
57
116
156
44
130
159
49
130
148
48
161
166
84
187
182
126
120
111
68
58
50
13
14
13
0
48
61
0
189
217
130
179
224
119
117
174
59
99
166
50
92
159
46
88
145
40
89
141
40
119
167
65
173
218
113
205
247
139
192
232
120
166
206
92
153
193
81
150
189
80
146
181
79
150
177
84
166
185
103
142
149
79
98
94
33
94
78
27
95
67
27
95
51
22
94
44
19
90
40
15
86
39
11
86
39
9
88
43
10
95
52
17
105
62
27
88
49
10
91
54
12
94
57
15
88
53
11
77
44
1
72
39
0
77
46
2
88
57
13
125
173
61
127
174
68
85
130
39
95
137
61
167
207
145
222
255
209
234
255
227
212
249
205
187
225
174
194
233
176
151
192
126
128
170
96
191
234
152
197
241
154
120
164
75
95
144
52
120
175
74
131
184
76
137
184
70
153
187
75
145
166
65
165
170
88
177
170
115
99
85
46
66
52
17
27
20
0
41
46
0
176
196
109
172
209
104
147
196
81
155
214
96
139
199
85
108
163
59
85
136
35
103
149
48
171
216
111
223
255
155
207
249
137
161
204
89
134
174
60
143
182
73
131
166
64
133
158
67
146
159
80
116
115
51
84
71
19
92
67
26
90
55
23
91
49
24
88
43
20
87
43
18
86
42
15
78
35
3
70
27
0
77
34
0
92
50
12
101
59
19
98
59
16
98
59
16
96
57
14
86
47
4
75
36
0
78
39
0
89
50
9
119
165
57
122
167
66
93
136
46
84
125
47
152
193
127
228
255
212
219
255
208
166
204
155
159
198
145
183
222
165
145
186
120
125
167
95
140
181
102
121
163
79
102
144
58
99
148
56
126
186
86
137
198
92
139
189
76
147
185
74
141
163
65
156
163
85
160
153
99
77
61
25
89
70
38
97
82
41
86
82
19
155
164
83
169
194
93
188
224
114
205
249
138
169
219
108
141
189
87
87
135
35
75
120
17
157
200
93
215
255
149
201
241
129
190
230
118
191
229
120
156
193
88
112
143
47
130
152
67
127
135
62
73
67
9
87
66
21
65
32
0
67
30
3
61
25
0
47
11
0
48
11
0
44
7
0
33
0
0
54
16
0
87
48
9
98
56
16
98
56
14
108
65
22
107
64
21
100
55
13
93
46
4
79
31
0
76
28
0
91
42
2
89
134
33
90
134
36
83
126
34
102
144
58
160
203
124
201
243
171
177
218
148
131
172
104
120
161
91
130
172
98
115
157
81
126
169
89
132
174
90
97
139
53
95
137
51
115
164
73
138
197
103
132
192
92
172
224
116
158
197
91
150
171
78
191
197
123
183
173
124
150
131
98
173
149
121
163
143
108
165
154
98
163
164
88
208
221
129
215
237
136
176
207
104
199
236
133
142
187
86
101
147
46
82
124
22
131
172
68
175
212
107
182
218
112
208
244
138
233
255
162
193
224
128
122
148
59
119
136
58
93
98
32
65
53
3
64
40
2
55
20
0
59
22
0
48
14
0
43
12
0
47
16
0
49
16
0
47
14
0
63
28
0
87
50
8
100
58
16
101
58
15
111
67
22
112
65
21
106
57
16
99
47
7
85
32
0
82
26
0
95
39
2
62
106
11
58
102
7
72
116
21
114
158
61
156
202
103
164
212
110
140
189
84
116
165
60
122
171
66
117
166
61
114
162
60
140
186
88
139
182
90
110
153
63
121
164
75
141
186
101
152
205
123
129
183
97
145
190
95
153
186
93
167
187
102
160
163
94
125
112
68
147
126
97
136
110
87
121
96
66
112
94
46
139
130
65
212
213
133
230
238
152
226
242
154
148
173
82
123
161
62
102
147
44
90
131
29
116
152
52
141
173
72
162
192
94
216
243
148
247
255
181
218
242
156
119
140
61
92
103
35
52
53
0
51
38
0
41
16
0
45
9
0
50
12
0
45
15
0
52
25
0
57
28
0
59
30
0
68
36
0
73
40
0
82
45
1
98
57
11
104
62
14
116
69
23
117
69
23
113
60
18
106
51
12
92
34
0
88
28
0
99
39
3
55
98
9
50
93
3
73
117
20
113
160
56
134
184
71
133
187
67
129
183
59
126
181
54
141
195
71
128
182
62
120
173
57
135
184
75
126
172
73
118
162
67
133
176
86
126
169
87
126
169
100
174
215
147
139
174
94
119
144
63
116
128
54
74
74
14
63
47
11
71
47
23
85
56
38
79
51
27
61
38
0
94
77
21
118
111
41
128
128
54
185
188
117
126
143
63
116
152
56
117
159
57
122
158
58
150
181
85
167
194
99
179
202
111
217
240
152
243
255
181
208
226
150
113
125
59
69
77
18
47
45
0
53
39
2
53
27
0
53
18
0
56
20
0
61
30
2
75
46
16
72
43
9
70
40
2
82
50
9
80
46
1
78
42
0
96
55
7
108
66
16
120
74
25
121
73
25
119
66
22
112
57
16
97
39
1
89
31
0
99
39
3
56
98
12
61
104
15
88
134
36
112
159
53
111
162
44
111
165
41
118
175
46
116
173
42
148
205
76
136
192
67
135
188
72
144
193
84
117
164
60
101
147
49
121
165
70
116
155
76
149
178
124
130
152
105
84
102
42
89
100
34
103
105
42
117
110
58
148
129
99
131
104
87
98
69
55
104
75
57
109
84
51
117
99
51
121
109
51
113
107
47
88
86
29
136
145
78
125
158
65
130
171
67
140
175
75
176
203
110
198
218
131
199
214
133
207
219
143
200
211
142
173
183
122
105
112
58
72
74
27
79
74
34
70
55
24
84
62
38
77
46
26
69
34
14
75
40
12
87
52
20
81
47
12
77
42
4
90
53
11
87
50
5
85
47
0
102
62
10
112
70
19
121
78
27
124
78
29
121
73
27
115
64
21
97
45
5
87
35
0
95
41
5
61
103
19
69
112
23
98
143
48
109
157
55
94
146
35
98
153
36
102
160
40
85
143
23
134
191
74
133
190
77
150
203
95
164
215
112
118
166
66
77
123
24
105
149
51
134
169
89
153
168
127
100
103
74
128
129
85
132
130
79
126
119
67
164
149
106
126
102
78
37
7
0
68
38
28
124
95
81
142
117
87
154
135
95
123
109
62
115
105
56
85
78
34
69
74
16
135
165
75
140
178
75
143
175
76
171
196
105
205
220
139
215
223
150
198
203
137
156
159
102
124
126
76
93
94
50
88
86
47
106
100
66
73
59
32
99
79
55
96
69
50
68
36
15
76
36
10
85
42
10
84
41
6
84
42
2
93
52
8
97
56
8
101
61
9
112
71
17
114
73
19
124
81
28
125
82
31
121
77
30
115
71
26
96
51
9
83
38
0
87
42
3
76
118
32
69
112
23
85
130
39
93
140
46
82
132
35
97
149
51
105
159
65
81
136
43
115
169
81
133
186
98
150
200
113
151
200
111
100
147
53
61
107
9
96
141
38
140
171
91
108
109
78
150
136
123
140
127
95
54
39
0
58
41
0
127
105
68
103
76
57
60
30
20
147
116
111
224
196
184
228
206
182
204
185
152
110
97
55
78
69
28
130
122
86
77
81
30
113
143
55
139
178
72
145
175
79
163
183
96
208
219
141
240
242
176
208
207
150
128
124
76
82
79
38
77
73
36
108
103
71
110
103
75
61
49
25
86
68
46
111
88
70
63
31
10
82
36
10
85
34
3
93
43
8
101
52
12
100
53
9
105
61
12
113
70
17
111
70
14
116
75
19
123
84
27
124
84
32
120
83
31
114
76
29
94
56
11
78
41
0
81
44
2
93
138
47
65
110
19
63
109
19
70
119
30
72
120
34
101
151
66
122
174
91
106
158
75
125
177
94
159
209
124
160
208
122
134
180
92
91
136
45
77
120
28
115
156
62
145
170
102
148
143
123
182
163
159
59
38
17
53
32
1
170
146
110
124
99
68
69
42
23
135
108
97
242
217
212
247
227
218
251
234
218
196
184
160
155
144
114
84
73
41
64
53
23
85
82
37
61
80
1
114
139
48
131
149
63
145
154
75
197
197
127
243
237
175
202
191
137
93
81
33
67
54
12
73
60
25
129
118
88
107
97
70
54
42
18
72
57
36
123
106
88
60
35
13
88
46
21
89
40
10
104
54
21
114
65
25
106
57
14
110
64
15
115
72
19
102
61
7
115
76
21
122
85
32
122
86
34
120
84
34
114
78
30
94
57
12
79
40
0
81
42
0
90
137
39
99
146
52
106
155
66
67
114
33
59
106
26
122
169
89
154
204
117
145
194
102
134
185
82
142
191
82
158
204
96
112
154
52
97
134
41
86
119
38
131
160
93
80
97
52
179
177
165
115
101
100
80
61
47
170
148
124
121
96
65
33
6
0
122
98
74
121
102
87
160
145
138
233
223
221
225
220
216
194
190
181
59
52
34
128
116
92
65
48
18
92
77
36
71
66
8
81
80
15
141
136
72
131
122
57
189
173
111
240
220
161
142
120
63
96
70
17
108
84
36
107
84
42
113
95
57
107
92
59
55
43
17
84
76
53
80
73
54
33
18
0
57
29
5
91
54
27
99
58
26
93
49
12
106
62
17
124
80
31
118
74
25
102
60
10
109
71
22
127
90
45
124
87
43
118
79
36
124
82
40
109
64
22
85
38
0
83
34
0
103
153
56
103
152
60
117
164
83
89
135
60
76
122
50
122
168
95
150
198
114
149
196
102
144
191
85
135
181
70
159
201
89
129
167
64
94
126
40
129
156
87
118
141
89
169
182
152
183
182
177
102
92
91
203
186
176
172
151
132
121
95
68
64
39
9
85
63
39
202
187
168
76
67
60
129
125
124
154
154
156
154
153
151
103
96
86
54
41
22
77
58
26
63
44
4
90
76
31
79
65
16
132
115
63
177
156
103
151
126
70
121
92
36
100
69
14
125
94
40
117
87
37
104
75
31
110
87
46
108
89
56
64
53
25
68
60
39
77
72
53
62
53
35
74
49
27
87
53
26
94
58
24
96
57
18
99
56
13
106
62
15
110
68
18
107
66
18
107
69
24
127
90
48
124
86
47
114
76
37
126
84
44
127
79
39
105
54
11
91
38
0
104
153
64
85
133
49
101
147
72
94
139
70
82
126
63
115
160
95
144
187
115
147
192
109
124
169
74
98
140
40
101
141
42
108
143
53
123
151
77
159
182
126
147
165
127
223
235
213
128
129
124
195
186
187
193
180
171
92
75
57
134
112
88
80
59
30
30
12
0
161
148
131
125
118
108
162
158
155
154
154
154
82
81
79
84
77
67
37
24
5
118
99
69
71
51
14
80
65
24
83
66
23
94
75
32
155
133
86
116
88
40
106
76
26
114
82
33
92
60
13
79
48
2
87
58
18
121
97
61
114
95
65
62
47
24
22
11
0
61
53
38
115
103
87
100
74
51
71
36
8
68
29
0
90
48
10
100
55
13
106
62
15
104
62
14
89
48
2
102
65
21
125
90
48
123
88
50
110
75
37
126
86
50
139
95
56
118
69
28
89
37
0
103
150
72
70
116
41
89
134
67
92
136
75
73
116
62
97
138
82
123
165
102
131
173
101
112
154
72
97
137
51
78
113
29
96
128
53
162
187
129
131
149
107
187
201
176
177
185
172
140
142
141
231
227
226
108
98
89
93
77
61
109
92
66
94
74
47
85
69
44
70
57
38
164
156
145
183
180
175
176
175
173
143
140
135
126
118
105
56
44
22
51
34
4
74
54
19
72
53
20
72
54
18
71
49
12
140
114
77
92
63
23
70
37
0
68
33
0
67
32
0
65
32
0
82
52
16
124
97
67
116
95
68
75
59
36
11
0
0
52
42
30
130
117
101
95
67
43
60
23
0
65
25
0
95
53
13
105
61
16
116
69
23
113
69
22
84
43
0
94
57
15
120
86
48
124
92
54
111
77
42
123
87
51
142
102
66
119
75
36
76
28
0
116
158
92
98
140
76
134
175
119
127
167
117
77
116
71
83
122
77
114
152
101
124
164
104
100
137
70
113
149
79
113
144
77
125
153
94
174
195
152
114
130
103
204
214
203
117
123
121
197
198
200
217
213
212
80
73
63
102
91
73
89
73
48
95
80
51
117
101
76
88
76
54
158
148
136
212
205
197
193
188
182
213
206
196
200
191
174
130
115
92
62
43
11
98
78
45
47
26
0
60
39
12
66
40
13
109
82
52
97
67
33
114
80
45
99
63
27
135
99
63
127
93
58
107
74
41
106
76
48
104
80
56
112
91
72
66
50
34
67
55
41
99
82
66
65
35
9
70
31
0
103
61
23
122
79
37
114
67
21
122
75
29
130
86
39
110
69
25
78
43
3
103
71
33
117
87
53
114
83
52
126
93
60
141
107
72
116
78
42
67
24
0
120
161
101
132
173
117
189
229
179
167
206
161
95
133
92
106
143
102
148
185
141
156
192
142
122
155
100
129
160
103
142
169
116
150
173
129
156
172
143
135
148
131
154
160
160
59
62
67
224
224
224
241
238
233
102
94
81
76
65
45
80
66
39
83
68
37
116
101
72
96
80
55
168
155
138
182
170
156
82
70
58
83
71
55
129
114
93
105
88
60
91
71
36
75
52
18
56
35
8
65
40
18
62
36
13
49
19
0
46
15
0
89
54
24
66
30
0
105
69
35
181
145
113
133
100
69
98
68
40
100
74
49
125
103
82
105
86
69
84
68
53
82
64
44
65
34
5
85
47
10
116
74
34
129
84
42
128
81
35
140
93
47
141
97
52
115
76
33
67
33
0
78
49
15
99
72
42
117
90
61
135
106
76
146
115
84
120
85
53
69
33
0
121
160
105
138
177
124
190
228
181
160
197
154
102
138
100
149
185
147
201
236
196
188
221
178
169
198
152
163
191
143
161
184
142
161
181
146
143
156
136
132
139
132
85
88
93
30
29
35
199
195
192
219
211
200
123
112
94
108
94
68
74
57
27
112
93
60
141
122
89
68
47
16
197
177
152
106
85
64
26
5
0
43
23
0
88
67
38
56
31
0
74
48
11
63
39
3
59
35
11
32
7
0
57
31
8
76
46
22
70
36
9
80
45
15
91
55
23
155
119
85
165
129
95
130
95
63
103
72
43
117
90
63
117
93
67
108
88
64
95
78
58
106
84
60
100
67
34
108
69
30
114
71
29
122
78
33
141
94
48
154
107
61
140
97
54
114
77
35
72
39
4
60
33
3
81
57
29
120
96
70
148
122
95
155
128
99
126
97
67
75
44
13
129
168
115
128
167
114
157
195
146
121
158
114
92
129
88
175
210
170
229
255
222
191
222
181
154
181
140
172
197
157
166
186
151
172
186
160
161
169
154
118
123
119
95
95
103
92
87
93
101
91
82
167
154
137
106
90
67
111
94
64
115
95
60
168
146
107
71
47
9
112
86
49
162
133
101
87
57
29
120
90
62
97
68
38
73
43
9
80
50
12
88
59
17
77
49
10
66
40
15
33
6
0
49
21
0
67
37
11
103
69
41
161
126
96
161
125
91
108
72
36
131
95
59
108
74
39
98
68
34
132
106
73
117
94
63
113
92
63
107
90
64
132
108
80
126
92
55
134
92
52
129
86
43
129
85
40
143
96
50
146
99
55
137
94
52
131
93
56
82
51
20
52
28
0
68
48
23
121
101
77
156
134
110
162
138
112
129
103
76
79
52
23
118
155
101
78
115
61
103
140
88
86
122
74
94
130
84
183
218
175
203
236
193
175
203
162
135
160
120
141
163
125
162
179
147
155
167
143
132
138
124
143
144
139
182
180
185
201
192
193
131
113
99
132
110
86
129
108
77
92
69
35
93
70
29
67
40
0
72
43
0
101
68
25
117
79
40
127
89
52
117
77
42
95
55
19
72
34
0
92
55
13
101
67
22
54
22
0
77
50
21
46
20
0
35
8
0
84
54
26
55
24
0
117
82
50
123
89
52
80
46
8
115
81
43
114
82
43
129
99
61
147
121
84
137
113
77
110
90
55
116
97
64
128
105
71
132
98
60
135
93
51
128
85
42
111
67
22
128
81
37
146
101
59
126
84
44
114
78
42
72
43
13
63
42
15
52
34
12
134
117
97
173
155
133
164
144
120
127
106
79
82
58
30
103
141
84
57
95
38
78
115
61
86
123
69
113
150
98
178
212
162
167
199
150
136
163
118
128
151
109
98
115
79
130
143
113
172
180
157
121
123
109
159
159
151
211
207
206
213
202
196
181
159
138
157
130
100
118
92
57
74
49
9
95
68
25
97
66
20
111
77
31
132
94
49
125
82
39
126
79
37
131
83
43
129
81
41
116
73
31
96
54
12
127
90
45
75
43
2
84
59
28
47
23
0
59
34
4
52
25
0
61
30
0
72
39
4
121
89
51
106
72
34
88
55
14
82
50
9
75
47
7
117
92
51
137
114
73
120
98
59
107
87
50
127
103
65
103
70
29
124
82
40
139
96
53
125
81
36
124
77
33
127
82
41
110
71
32
109
74
42
64
37
10
63
43
19
60
43
23
136
121
102
166
151
130
166
150
127
134
114
89
73
52
25
81
119
60
55
93
34
85
120
62
107
142
84
131
166
108
156
189
134
134
164
112
124
150
102
114
135
92
99
115
78
98
109
77
156
161
138
130
131
113
152
150
137
146
139
131
158
144
131
125
98
71
138
105
70
122
92
54
97
68
26
111
83
36
104
72
25
103
65
18
105
63
15
121
73
27
119
66
22
134
81
39
135
83
43
142
94
54
92
50
8
117
82
40
60
31
0
100
75
42
54
31
0
74
49
19
69
42
12
114
88
53
111
83
46
121
91
53
68
36
0
90
58
17
108
79
37
53
26
0
56
31
0
88
65
23
139
117
76
121
102
60
97
74
33
83
50
9
104
65
22
134
91
48
128
83
41
119
74
32
118
74
35
104
64
29
104
71
40
64
38
13
63
45
23
72
57
38
146
133
116
163
150
131
169
154
133
141
123
99
66
46
21
80
118
57
73
111
50
97
133
72
116
152
91
139
173
113
145
176
117
116
145
89
116
143
92
89
110
65
90
106
67
92
103
71
159
163
138
182
181
160
187
184
167
135
127
112
123
108
89
102
73
43
136
100
64
123
91
52
103
71
30
108
79
35
106
73
28
109
71
26
110
66
21
105
54
9
112
57
14
124
69
28
112
59
19
132
87
48
96
56
20
90
58
20
70
44
9
98
75
43
60
39
8
83
60
29
132
107
76
171
146
113
226
200
165
170
142
105
47
19
0
70
42
2
150
122
82
112
87
46
66
43
1
25
3
0
106
84
43
139
120
80
114
91
50
103
71
30
102
65
23
125
83
41
128
85
43
126
83
41
126
84
46
107
68
35
97
66
38
73
48
26
64
46
26
76
63
46
158
146
130
167
154
137
168
153
132
145
129
104
70
53
27
95
130
72
92
128
67
94
130
69
105
141
79
138
172
111
143
174
114
99
128
72
75
99
47
73
92
47
52
67
28
100
109
78
175
178
151
199
197
174
211
206
186
174
165
147
99
83
60
118
87
58
146
110
76
111
79
41
95
65
27
103
75
35
108
79
37
111
76
34
105
62
20
93
44
3
104
51
11
111
57
19
93
43
6
108
65
31
94
59
29
81
56
26
154
133
104
137
118
88
80
59
30
68
47
18
85
62
31
88
65
33
225
200
169
212
187
154
93
67
32
49
23
0
126
100
63
127
103
67
112
88
52
30
8
0
85
63
26
152
132
97
145
121
85
125
93
55
107
72
32
127
88
47
139
97
57
136
94
54
131
91
55
110
74
42
95
65
39
81
59
38
58
41
23
68
55
39
160
148
132
170
157
140
164
149
128
145
129
103
86
69
41
92
127
71
104
139
81
105
141
80
109
143
82
123
158
94
119
150
90
79
107
49
45
69
17
53
72
27
60
72
36
104
111
80
151
154
127
187
185
162
187
181
159
152
141
119
99
81
57
108
77
48
153
118
86
122
92
58
116
87
53
103
77
40
93
65
28
91
57
19
85
46
7
98
50
12
94
42
5
95
42
8
86
37
5
74
34
6
64
34
8
91
70
49
217
201
178
133
115
91
55
35
10
52
32
5
38
17
0
62
41
12
205
181
153
234
211
180
136
111
80
38
13
0
106
81
50
118
93
62
119
94
63
37
14
0
64
41
10
154
133
102
171
146
115
109
79
43
92
58
20
124
86
47
145
106
67
134
95
56
127
87
52
113
78
48
105
75
49
90
68
47
60
43
27
57
43
30
148
136
120
168
155
138
160
145
124
144
128
102
101
84
56
88
122
69
102
137
81
109
142
85
111
145
84
107
139
76
94
124
64
71
99
41
45
67
18
42
59
17
90
101
67
114
118
91
149
149
125
170
165
143
156
148
125
121
111
86
139
122
96
127
98
68
175
142
111
135
106
76
126
101
70
96
73
41
80
55
22
92
62
28
102
66
30
103
59
24
85
36
3
80
31
0
78
34
7
55
21
0
48
23
3
132
119
103
187
175
159
78
61
41
21
3
0
68
50
26
105
85
61
177
157
132
252
230
206
232
211
184
157
133
107
45
21
0
115
91
65
122
98
72
123
99
73
51
27
1
18
0
0
115
93
69
197
173
145
113
84
50
87
55
16
117
82
42
140
102
63
127
87
51
120
82
46
113
78
48
108
80
56
106
83
65
81
63
49
58
46
32
132
120
106
161
148
131
161
146
125
143
127
101
105
88
60
103
133
79
91
122
65
84
115
55
97
129
66
102
132
68
92
122
58
73
101
42
41
64
10
68
85
40
97
109
71
133
140
109
178
180
156
116
114
93
104
97
78
96
85
65
122
105
85
125
101
77
161
133
109
116
90
65
125
101
73
110
87
56
92
67
36
87
57
23
79
45
10
100
60
25
82
39
5
73
32
2
72
36
10
58
31
10
67
50
32
191
183
170
134
126
113
117
101
85
62
45
27
82
67
46
128
113
92
188
173
152
220
204
181
175
157
133
168
148
123
112
88
64
101
75
50
61
35
10
128
102
79
132
110
87
25
4
0
61
45
22
165
147
123
154
129
98
106
78
41
117
87
49
133
101
63
119
86
51
114
81
48
105
75
47
97
72
50
122
101
84
105
87
75
68
54
43
123
111
97
156
143
126
162
147
126
142
126
100
101
86
57
100
126
65
75
101
38
79
105
40
102
129
62
110
139
72
115
144
77
107
134
67
78
102
40
116
137
81
141
157
110
165
175
138
179
183
156
89
88
68
103
97
83
144
135
126
60
47
38
146
130
117
150
131
116
85
64
45
127
102
80
100
73
46
100
69
40
105
71
36
78
42
6
80
45
7
94
60
23
61
31
0
62
36
9
71
55
32
125
116
98
160
158
143
179
176
161
113
101
85
59
46
29
101
92
75
65
58
40
88
83
64
151
144
125
85
74
52
124
108
83
86
62
36
97
67
41
24
0
0
102
74
50
171
149
126
88
73
52
14
7
0
95
89
67
155
139
113
136
115
84
107
87
54
113
93
60
130
110
77
117
96
67
107
87
63
118
99
82
150
132
120
115
98
90
76
62
53
106
92
81
158
145
129
154
142
120
133
119
92
106
93
61
94
116
54
70
92
28
70
95
29
93
118
50
112
137
69
130
157
88
130
157
88
109
134
69
131
152
93
157
173
124
187
199
159
189
196
165
102
104
83
121
119
107
138
130
127
96
86
84
187
176
170
125
111
100
42
24
10
131
108
90
135
107
83
97
63
35
84
48
14
88
53
15
86
52
14
71
39
1
76
50
17
53
34
4
58
46
22
88
83
63
158
159
141
108
106
91
89
77
61
44
31
15
58
51
33
141
138
119
173
172
152
72
70
49
136
128
105
115
99
73
55
31
3
101
71
43
70
39
11
36
8
0
153
132
111
174
163
145
24
25
7
7
6
0
108
96
72
172
157
128
120
105
76
127
112
81
160
145
114
121
105
79
114
99
78
108
92
77
158
141
133
121
106
99
71
56
49
107
93
84
155
141
128
157
144
125
130
119
91
113
102
72
102
123
64
80
102
40
74
96
34
89
111
47
110
135
69
134
159
93
140
165
99
125
149
87
126
147
90
150
166
119
182
194
156
177
183
155
85
88
69
115
113
101
127
122
118
144
136
134
138
127
123
135
122
113
80
64
51
132
111
94
134
106
84
115
84
55
103
68
36
91
55
19
65
31
0
83
50
15
43
17
0
18
0
0
91
77
51
83
77
55
97
94
75
44
38
22
97
84
67
61
45
29
110
99
81
181
174
155
176
171
151
76
70
48
135
125
100
75
59
33
51
27
0
129
99
73
123
93
67
26
0
0
85
67
45
215
206
188
136
137
121
47
48
30
39
28
6
152
138
111
117
103
74
108
94
65
166
152
123
142
128
101
110
95
74
103
90
74
136
122
113
107
94
86
55
42
36
110
97
89
154
142
128
165
154
134
135
125
100
133
124
95
104
123
67
90
111
54
79
100
41
82
103
44
100
122
60
122
144
80
126
148
86
114
135
76
100
118
66
125
141
96
159
171
135
168
174
148
58
61
44
77
77
67
119
115
112
155
150
147
171
161
159
148
137
131
81
67
56
118
99
84
135
108
87
120
89
61
96
61
31
73
37
3
80
46
11
68
35
0
40
14
0
76
55
26
93
77
52
91
80
60
103
98
79
36
29
11
51
34
16
45
27
7
126
113
94
173
162
140
129
121
98
124
117
91
95
81
54
52
35
7
55
31
5
122
94
70
125
97
75
95
70
48
35
20
1
146
139
121
215
217
203
115
118
101
38
30
9
113
99
73
128
114
87
86
72
45
130
116
87
144
133
105
82
70
48
98
86
70
104
91
82
88
75
67
49
36
30
119
109
100
152
142
130
168
159
141
138
130
107
144
137
111
84
100
51
87
105
53
81
100
45
75
94
39
86
105
49
102
122
63
103
122
66
97
116
61
85
103
53
108
123
80
136
147
113
169
174
151
56
58
44
55
55
47
134
130
127
154
148
148
168
163
160
153
144
139
98
85
77
108
90
76
115
90
70
111
81
57
98
64
36
71
36
4
74
39
7
65
32
0
62
33
3
110
86
58
90
72
48
63
51
29
92
83
65
87
76
58
33
15
0
50
29
8
90
72
48
200
186
160
165
154
126
111
97
68
60
45
14
55
36
6
67
43
17
97
71
48
140
115
93
173
152
133
105
92
75
86
80
64
195
199
185
135
137
123
106
99
81
118
106
84
156
144
120
110
98
72
87
76
48
102
92
65
72
61
39
93
84
67
92
82
72
81
71
62
58
47
41
131
122
115
148
140
129
166
159
141
147
141
119
150
144
120
81
94
50
100
116
71
98
114
67
79
95
46
78
95
43
84
101
47
85
102
50
87
103
54
92
108
63
98
110
70
103
112
81
138
143
120
74
76
62
70
71
65
158
157
155
167
163
164
141
137
136
127
119
116
82
71
65
56
39
29
32
11
0
51
24
3
90
58
33
89
55
27
74
41
10
74
41
10
67
37
9
78
52
25
104
84
60
59
42
22
64
51
32
101
86
67
74
52
31
68
44
20
99
78
51
182
163
133
185
169
136
79
63
29
43
24
0
68
47
16
78
54
28
81
57
33
175
152
134
179
162
146
196
187
172
83
81
68
148
152
138
187
191
177
130
124
108
110
99
81
153
142
120
147
137
112
70
60
33
58
51
23
91
83
60
96
89
70
86
78
65
69
60
51
70
61
54
139
132
124
147
140
130
169
163
149
170
165
146
153
148
128
86
97
57
120
132
92
117
130
87
85
98
54
71
84
38
72
86
37
77
91
42
90
103
57
98
111
68
90
100
63
85
94
65
109
114
92
127
129
116
114
115
109
136
136
136
133
131
132
170
168
169
78
73
70
39
30
25
64
51
42
53
35
21
42
19
1
79
51
29
100
69
41
110
79
50
65
34
5
87
57
29
106
80
55
91
69
45
111
93
71
95
80
61
52
35
15
57
32
10
49
23
0
117
92
62
115
92
60
145
123
86
92
70
33
67
45
8
83
60
28
70
46
20
61
39
16
159
140
123
161
148
132
212
204
191
84
84
72
80
86
74
173
177
163
119
113
99
62
53
36
132
124
103
157
149
126
80
73
45
68
63
34
91
85
59
81
76
56
72
66
52
48
41
31
76
69
61
144
139
133
151
147
138
171
167
155
179
176
159
128
125
106
80
87
53
122
129
95
120
128
91
82
90
49
64
73
30
66
75
32
79
88
45
101
110
67
94
102
63
91
98
64
100
106
80
118
121
102
194
196
183
155
156
150
80
80
80
55
55
57
65
65
65
69
68
66
146
141
137
213
202
196
200
184
171
176
155
138
165
138
117
116
88
64
79
49
23
101
71
43
92
65
38
110
84
59
93
71
48
155
137
115
61
44
26
29
11
0
37
13
0
69
42
15
132
103
71
123
95
58
137
109
69
108
83
42
109
84
44
80
55
22
73
49
21
56
35
14
126
109
93
196
184
172
211
207
195
94
94
82
22
26
12
73
75
62
133
127
115
31
22
7
137
130
111
157
151
127
99
94
65
108
103
73
60
56
29
48
43
21
64
58
42
36
30
18
82
78
69
150
145
139
155
151
142
165
161
150
166
164
149
84
82
67
93
96
67
102
105
76
99
102
71
83
87
52
77
79
42
84
86
47
90
92
53
90
92
53
97
101
66
84
87
56
105
107
83
179
180
162
223
223
211
167
166
161
90
90
90
71
71
73
28
29
31
108
108
108
186
182
179
207
200
192
236
224
212
193
176
160
130
107
89
116
91
69
111
85
60
73
47
22
97
71
46
95
71
47
100
79
58
30
12
0
43
28
9
89
72
52
72
46
23
70
40
12
110
80
46
128
96
57
129
98
54
85
54
8
124
95
53
101
73
36
88
64
36
103
82
63
158
144
131
184
176
165
111
107
96
36
36
24
37
41
27
78
80
67
119
112
102
19
11
0
92
85
67
149
143
119
106
102
73
106
103
72
89
85
56
49
45
20
56
53
34
34
31
16
109
105
94
135
132
123
143
140
131
163
161
149
145
143
130
48
46
33
110
108
85
93
91
66
77
76
48
86
82
53
102
99
66
100
97
62
95
92
57
103
100
65
99
96
63
106
105
75
143
143
119
204
203
185
219
217
205
156
155
150
110
108
109
121
121
123
47
51
52
120
122
121
183
182
178
173
168
162
151
141
131
127
114
98
78
59
42
81
60
39
66
44
20
59
35
11
130
108
85
107
87
63
59
41
21
52
37
18
110
97
80
83
66
48
50
26
2
67
38
8
111
78
43
129
96
53
121
87
39
80
46
0
115
82
37
111
81
43
89
63
36
139
120
103
203
191
179
112
105
95
67
64
55
17
17
5
101
103
89
141
142
128
112
105
95
39
31
20
63
56
38
126
120
96
82
79
48
130
127
94
110
107
76
72
68
41
55
53
32
58
55
38
103
99
87
130
127
118
142
139
130
153
150
141
127
125
113
40
38
25
118
109
91
104
95
77
81
73
50
89
79
54
116
107
78
116
107
76
106
97
64
116
107
74
104
98
66
111
106
77
149
144
122
205
199
183
207
203
192
147
144
139
109
108
106
125
125
125
63
67
66
81
86
82
184
185
180
174
171
164
91
85
73
103
94
79
105
89
73
82
65
45
70
52
30
60
42
20
90
72
50
85
68
48
109
94
75
115
104
86
119
110
93
61
48
31
33
8
0
69
39
11
114
82
44
139
105
60
127
89
40
91
54
2
114
77
32
133
101
63
114
88
61
111
94
76
127
117
107
59
52
44
119
116
107
107
105
93
153
154
136
145
144
126
85
78
68
58
50
39
66
59
41
109
103
79
81
76
44
130
126
91
123
120
85
80
77
46
60
56
31
84
79
59
94
91
76
121
117
106
140
136
127
141
137
128
94
92
80
42
40
28
115
102
86
130
117
101
116
101
82
100
85
62
115
101
75
123
109
82
122
108
79
134
121
89
112
101
71
101
91
64
130
122
101
199
192
174
230
224
212
190
185
179
140
136
133
123
123
123
75
79
78
73
79
75
180
183
176
108
108
100
141
137
125
83
75
60
88
77
59
80
67
48
57
42
21
69
54
33
59
46
27
73
60
41
152
141
123
135
126
109
84
76
61
38
26
10
25
3
0
67
37
9
111
77
40
146
109
65
141
99
49
111
69
18
112
74
27
140
106
68
116
90
63
99
82
64
102
92
82
144
140
131
198
194
185
151
149
136
116
113
94
136
131
112
71
63
52
72
64
53
94
87
69
94
88
62
92
88
53
97
93
55
127
123
85
95
92
57
72
68
39
88
83
61
89
83
67
109
105
93
135
131
120
131
127
118
59
55
44
69
65
54
133
113
102
141
122
108
131
112
97
118
100
80
119
99
75
115
95
70
120
100
73
138
121
91
88
73
44
79
65
39
114
102
80
188
176
160
227
219
208
207
200
192
158
153
149
122
121
119
107
112
108
70
77
70
86
91
84
135
137
126
92
90
77
130
127
110
87
80
62
91
82
64
73
62
44
97
86
68
73
64
46
94
85
68
178
170
155
160
154
140
79
75
63
7
0
0
29
11
0
56
29
2
100
66
29
140
102
57
147
104
53
121
78
25
103
62
14
120
85
45
128
102
75
133
116
98
135
127
116
201
197
188
207
203
192
134
131
116
67
62
40
112
105
86
68
58
48
70
60
50
91
82
64
85
78
50
92
86
50
83
78
38
126
123
82
127
123
85
94
89
57
81
75
49
89
84
65
101
95
81
129
122
112
121
114
104
39
32
22
110
103
93
171
147
137
136
112
100
126
102
89
140
117
99
127
102
80
94
70
46
98
74
48
127
106
77
145
125
98
155
138
112
194
179
158
232
219
202
234
224
212
215
206
199
186
178
175
153
152
148
118
123
117
72
82
73
33
41
30
36
39
28
122
123
109
114
112
97
99
93
77
135
128
110
104
97
79
148
141
123
78
71
53
90
84
68
191
187
175
136
134
122
31
31
19
9
3
0
46
29
11
48
21
0
97
63
26
134
93
49
150
104
52
123
78
23
100
58
8
101
66
26
130
104
77
133
116
100
108
99
90
112
108
99
159
155
144
149
143
127
102
94
71
90
79
59
47
34
25
49
36
27
75
64
46
106
99
71
100
94
58
102
97
55
112
107
65
133
130
89
119
115
80
87
82
53
93
86
67
95
89
73
116
110
98
98
91
81
46
39
29
137
130
120
182
155
146
129
102
91
134
108
95
168
141
124
143
116
95
108
82
59
123
97
72
155
129
102
202
178
152
212
192
167
232
216
193
232
216
200
208
196
184
197
188
179
187
180
174
160
157
152
150
157
149
76
86
77
4
12
1
26
32
18
50
52
38
71
72
56
91
90
72
101
98
81
87
82
63
175
170
151
78
75
58
45
43
28
114
114
102
52
54
43
3
6
0
77
75
62
58
42
26
39
13
0
100
66
29
128
87
43
146
100
48
120
73
19
109
67
17
103
68
26
118
92
65
148
131
115
128
119
110
80
76
67
128
122
110
161
154
136
155
145
120
122
110
88
44
30
19
48
34
25
110
99
81
143
133
106
130
122
85
120
113
71
107
103
58
132
127
85
141
135
99
115
108
79
98
92
70
94
86
71
102
94
83
69
60
51
74
67
57
142
135
125
162
134
120
127
100
83
156
127
109
193
165
144
166
135
114
154
124
100
192
162
136
219
189
161
226
199
170
222
198
170
223
202
175
210
192
170
198
182
166
214
200
187
216
203
194
182
175
165
160
163
154
116
124
113
11
17
5
46
50
36
32
34
20
69
70
54
85
84
66
100
99
81
108
105
86
170
167
148
71
70
52
1
2
0
37
39
26
69
71
60
95
98
89
115
113
101
57
40
24
28
0
0
100
66
29
120
79
35
139
93
41
112
67
12
118
76
26
113
78
38
161
135
108
210
193
177
197
187
178
154
147
141
151
144
134
177
169
154
165
155
130
143
131
107
81
65
49
77
59
45
175
160
141
163
149
123
153
142
110
114
106
69
122
117
75
149
146
101
151
150
106
137
138
98
99
99
65
91
89
64
91
85
69
45
36
27
100
90
88
138
126
126
151
120
92
112
81
53
200
168
143
215
183
158
210
176
151
219
185
160
226
192
165
232
198
170
200
170
136
235
206
172
232
206
171
175
150
119
199
178
151
209
189
165
200
182
162
195
182
166
153
149
138
71
72
64
9
9
0
32
32
20
47
45
30
85
84
66
106
103
86
132
129
110
90
89
69
150
149
129
68
67
49
21
22
6
120
122
109
151
153
142
144
147
138
108
104
93
37
15
1
25
0
0
97
61
25
139
98
54
127
84
31
94
51
0
116
75
27
104
69
31
116
90
67
182
162
151
190
176
173
175
167
164
156
152
143
188
185
170
174
169
147
148
138
111
81
64
36
161
140
113
168
146
123
180
159
138
170
154
131
128
117
89
139
135
98
149
152
105
140
151
93
124
138
79
138
151
97
94
103
58
72
75
48
32
25
17
92
76
86
139
118
135
140
107
72
224
191
158
226
193
162
199
163
137
211
175
151
209
173
149
222
186
160
208
173
143
214
180
145
240
208
170
197
168
128
169
141
102
203
177
144
209
183
156
189
164
142
195
176
159
144
136
125
44
41
32
13
11
0
69
67
54
87
84
69
131
128
111
125
122
103
75
72
53
93
92
72
137
136
116
81
82
64
57
58
42
149
151
137
167
169
156
133
136
125
85
79
67
27
3
0
47
12
0
118
82
48
127
89
44
113
71
20
108
66
15
121
83
36
94
60
23
62
35
14
134
114
105
165
151
150
158
150
148
131
126
120
170
168
155
167
165
142
118
111
82
109
90
57
178
153
122
176
152
128
179
156
138
172
153
136
137
125
103
142
139
104
140
148
99
128
147
83
98
120
48
138
159
92
124
141
86
87
93
59
32
28
16
89
73
84
122
100
121
189
155
120
234
199
167
174
139
111
203
167
141
211
173
150
199
161
138
237
200
174
183
146
117
221
185
151
245
211
174
179
147
108
189
159
121
201
172
140
190
163
136
153
126
105
153
132
115
118
108
98
104
100
91
130
126
115
157
153
141
126
123
108
137
134
117
150
147
128
139
136
117
121
120
100
98
97
77
35
36
18
15
16
0
105
107
93
132
134
121
89
91
80
34
28
16
31
9
0
68
36
15
131
96
64
127
90
46
110
73
21
121
84
32
122
85
41
100
70
34
122
97
77
153
135
125
155
144
142
134
126
124
84
79
73
109
107
94
138
136
115
109
102
74
153
137
104
203
180
149
185
160
138
171
150
131
166
149
131
147
137
112
149
149
113
138
148
96
128
149
82
85
108
36
141
164
92
157
177
116
110
121
81
49
48
30
89
79
80
105
89
102
234
200
165
185
150
118
130
95
67
205
167
144
209
171
150
208
167
145
232
192
167
190
150
122
233
194
161
241
205
169
180
146
108
213
181
143
177
146
115
173
143
115
151
123
101
118
95
79
105
92
83
151
147
136
162
158
146
140
136
124
116
113
98
103
100
83
117
114
95
163
160
141
171
170
150
112
111
91
60
61
43
29
30
14
74
75
61
85
87
73
52
54
41
19
13
1
57
35
21
73
45
23
123
92
61
138
105
64
121
87
39
127
93
45
113
80
37
122
93
61
178
157
136
164
150
139
118
108
106
84
79
76
35
32
25
35
33
20
97
95
74
127
120
94
182
165
137
211
190
163
184
162
141
159
138
119
152
135
117
148
138
113
152
152
114
137
147
95
128
149
82
90
118
43
130
158
83
157
179
114
137
150
104
81
85
58
90
86
77
92
82
83
217
181
149
184
147
118
185
148
121
199
158
136
203
162
142
231
189
167
199
157
133
217
176
148
248
208
173
211
173
136
169
134
96
202
168
131
140
107
76
173
142
114
199
167
146
117
91
76
91
77
66
132
125
115
138
132
120
98
92
80
67
64
49
46
43
26
68
65
46
117
114
95
166
165
145
138
137
117
137
136
118
104
102
87
82
80
67
45
46
32
34
34
22
35
29
17
78
59
44
78
51
30
114
85
55
137
107
69
114
83
39
132
101
57
102
74
35
123
100
68
130
113
93
128
115
106
71
63
60
39
35
32
23
20
13
21
19
6
102
99
80
160
152
129
174
158
132
195
175
150
177
156
137
150
131
114
143
128
109
146
139
113
148
150
111
130
143
89
118
141
73
105
136
60
116
147
71
136
163
94
161
180
125
123
133
96
92
94
73
81
79
66
200
164
132
164
124
96
236
196
171
217
175
153
199
156
137
242
197
176
192
147
124
225
181
154
242
199
165
164
124
88
164
126
89
183
147
111
126
91
61
178
142
116
227
192
172
102
75
58
89
73
60
103
95
84
161
153
142
142
136
122
68
62
46
34
31
14
81
78
59
100
97
78
122
121
101
98
97
77
96
95
77
82
81
63
61
59
44
25
23
10
42
40
27
57
51
37
82
65
49
81
59
38
108
82
55
117
91
56
80
52
13
134
106
67
99
75
39
106
87
57
87
74
55
105
97
86
53
48
44
11
7
4
6
3
0
28
24
12
131
126
107
167
156
136
164
148
125
177
156
135
174
153
134
158
139
122
152
137
118
156
149
121
150
152
112
130
143
89
114
139
71
121
152
76
115
148
69
131
161
89
176
200
140
158
174
127
109
116
83
87
91
66
193
153
125
157
117
91
232
190
166
217
175
153
212
167
148
229
184
165
196
150
127
228
182
156
223
178
145
137
94
59
183
141
103
176
136
101
137
98
67
168
131
105
230
192
171
112
81
63
93
75
61
78
68
56
151
141
129
174
166
153
126
120
104
87
81
65
110
107
90
96
93
76
97
96
78
54
53
35
22
21
3
42
41
23
72
69
54
54
51
36
78
75
60
72
64
49
75
59
43
73
52
31
98
77
50
102
79
47
46
22
0
127
104
70
98
79
47
99
83
57
93
84
66
92
86
74
52
49
42
10
7
2
3
0
0
27
21
9
162
154
139
166
153
136
177
160
140
171
153
133
168
149
132
158
141
123
155
140
121
160
153
125
150
152
112
131
144
91
121
146
80
120
152
77
116
150
73
134
166
91
165
191
126
164
183
128
131
144
100
111
119
82
162
122
94
218
178
152
231
189
167
177
134
115
229
183
167
215
170
151
181
135
112
242
196
170
216
171
138
136
92
57
205
161
124
171
128
93
142
101
71
158
118
92
243
202
182
164
131
114
66
47
33
77
65
53
147
135
123
178
169
154
167
159
144
108
102
86
111
108
91
125
122
105
71
70
52
42
41
23
17
16
0
70
67
50
120
117
100
89
83
69
92
86
72
56
47
32
69
56
39
56
39
19
87
67
42
99
80
50
31
10
0
117
98
66
96
81
52
108
96
72
113
106
88
78
74
62
61
61
51
51
48
41
11
7
0
57
49
38
221
209
195
211
195
179
196
179
161
171
152
135
159
140
125
145
128
112
142
127
108
150
143
115
142
144
105
126
139
86
129
151
87
108
138
68
110
142
67
130
162
87
137
164
97
148
168
109
144
158
107
126
138
92
192
155
128
232
192
167
192
151
129
198
155
136
241
195
179
174
129
110
186
139
119
234
187
161
197
151
118
142
96
62
205
161
124
150
107
72
113
72
40
181
139
114
219
178
156
218
185
166
107
85
71
59
45
32
144
132
118
162
153
138
140
132
117
145
139
123
112
109
92
136
133
116
114
113
95
63
62
44
66
63
46
102
99
82
145
139
123
123
115
100
94
86
71
60
51
34
55
42
23
34
19
0
48
32
7
81
64
38
61
44
16
93
77
51
117
105
79
118
110
89
118
115
98
48
49
35
25
25
13
67
65
53
35
29
17
85
73
61
233
217
204
228
209
195
211
194
178
156
139
123
140
121
107
126
109
93
105
90
71
105
95
68
108
108
70
117
126
79
115
135
76
98
123
58
97
126
59
102
132
62
107
132
66
130
150
89
139
152
98
116
126
74
217
180
153
219
182
156
180
139
119
208
167
149
245
202
185
160
115
96
193
146
126
239
191
168
159
112
82
142
96
62
188
144
107
134
90
55
139
96
64
184
143
115
190
148
126
217
182
162
158
135
119
81
65
50
78
65
49
128
116
100
163
154
139
152
144
129
120
114
98
126
123
106
140
139
121
94
93
75
99
96
79
127
121
105
141
134
116
96
87
70
80
71
54
79
68
50
51
40
18
21
9
0
54
39
16
128
112
87
78
62
37
80
68
44
136
128
105
124
119
99
76
75
57
45
48
31
43
46
29
43
41
26
49
41
28
134
120
107
225
203
190
223
201
188
180
161
147
141
123
109
127
108
94
107
88
73
100
83
65
121
109
85
128
123
91
124
129
88
103
117
66
78
97
41
84
108
48
96
120
58
97
117
56
117
132
75
130
140
87
109
118
65
227
191
165
192
154
131
161
123
102
218
177
159
241
198
182
136
90
74
199
152
132
234
188
164
124
79
48
138
94
59
187
143
106
128
84
47
141
98
64
189
145
118
176
134
110
180
143
124
187
161
144
128
111
95
54
38
22
98
85
69
157
148
133
128
120
105
115
109
95
130
127
112
138
136
121
121
119
104
125
122
105
114
108
92
106
99
81
69
60
42
71
60
42
76
65
45
25
15
0
38
26
2
36
24
0
128
113
90
148
133
112
133
122
102
143
136
117
128
125
106
98
100
79
100
103
82
126
129
108
96
93
74
111
102
85
171
154
138
161
135
122
155
129
116
132
113
99
126
108
94
136
117
103
120
101
86
114
95
78
135
120
97
136
129
100
131
131
95
125
132
90
81
94
48
82
98
49
94
111
59
79
91
41
91
99
48
112
116
66
98
100
51
209
173
147
165
129
105
160
123
104
227
189
170
225
183
167
122
79
62
211
166
145
224
178
154
115
70
39
132
88
53
198
154
117
136
92
55
125
82
48
189
145
116
181
139
115
127
91
69
180
155
135
176
157
140
89
72
56
75
62
46
128
116
102
115
107
92
105
99
85
118
115
100
99
97
82
124
121
106
124
118
102
73
65
50
74
65
48
83
72
54
85
72
53
57
45
23
18
8
0
54
44
17
34
22
0
85
73
51
147
134
115
159
150
132
134
129
110
128
127
107
115
118
97
117
121
98
159
161
139
148
146
123
152
139
120
164
143
126
118
89
75
114
84
73
114
95
81
118
100
88
143
124
110
139
117
103
121
100
83
118
100
80
125
113
89
150
145
116
139
140
108
79
85
49
69
80
40
78
86
45
53
58
17
59
60
18
90
87
44
86
82
37
171
137
112
152
117
95
184
149
129
237
200
182
199
160
143
129
88
70
226
184
162
212
168
143
107
64
32
129
86
51
183
141
103
132
90
52
134
91
57
180
139
109
165
123
98
114
78
56
163
136
117
193
172
155
134
117
101
63
47
32
101
89
75
139
131
116
106
100
86
83
80
65
57
55
40
96
93
78
96
90
74
50
42
27
82
70
54
109
96
79
94
79
60
38
23
0
38
27
0
45
36
7
65
53
27
67
55
33
59
48
30
96
89
71
102
99
80
128
130
109
149
153
130
140
144
119
161
164
137
161
157
132
138
123
102
137
114
96
143
110
95
131
99
86
139
117
104
112
94
82
121
99
86
128
104
91
115
92
76
97
76
57
110
93
73
165
154
132
107
103
78
51
51
25
43
46
19
59
59
31
45
42
11
50
44
10
81
71
36
88
75
40
131
99
74
148
116
93
209
177
156
237
202
183
163
126
108
141
103
84
229
188
166
195
153
128
90
47
15
130
88
50
151
109
69
114
72
34
164
124
89
175
134
104
134
94
68
138
102
78
135
108
87
175
152
134
175
156
139
85
69
53
80
68
52
142
134
119
114
108
94
74
71
56
42
40
25
59
56
41
61
55
39
51
44
26
98
87
69
97
82
63
63
46
26
20
5
0
36
25
0
49
40
9
77
65
39
63
51
29
43
32
14
54
47
29
41
38
21
117
119
98
180
184
161
181
185
158
175
178
149
155
150
121
110
94
69
124
97
78
170
134
118
138
102
90
153
131
118
107
89
75
102
80
66
126
103
87
143
117
100
124
98
81
113
92
75
153
137
121
93
84
67
58
51
33
56
51
32
79
74
54
83
75
52
84
72
46
100
83
55
110
91
61
113
83
57
153
123
99
230
198
177
232
197
178
129
92
74
153
115
96
222
181
159
185
143
118
78
37
5
129
90
51
140
101
60
102
63
22
166
126
90
179
140
107
138
98
72
140
104
80
120
92
71
143
120
102
194
173
156
135
118
102
72
60
44
108
100
85
119
113
99
93
90
75
73
71
56
69
66
51
65
59
43
65
56
39
95
84
66
57
42
23
25
8
0
21
5
0
35
24
0
73
64
31
71
59
33
58
46
24
66
54
38
54
46
31
10
9
0
77
79
58
137
141
116
154
159
129
146
147
116
111
106
76
81
64
38
115
87
66
167
128
113
143
105
92
146
122
110
118
99
85
115
93
79
139
113
98
175
148
131
171
143
129
133
109
96
135
116
102
123
109
98
105
92
83
100
90
80
124
112
100
144
128
113
139
120
103
136
114
91
148
124
100
116
89
62
165
135
111
245
213
192
232
197
178
114
77
59
165
127
108
220
179
157
184
144
118
81
40
8
129
90
51
156
117
76
106
67
26
140
102
65
188
149
116
168
128
102
115
79
55
131
103
82
118
95
77
181
160
143
168
151
135
79
67
51
84
76
61
122
116
102
104
101
86
123
121
106
114
111
96
99
93
77
81
72
55
88
77
59
37
22
3
18
1
0
39
23
0
61
50
18
84
75
42
76
64
38
62
50
28
31
19
3
37
29
14
32
31
13
32
34
13
115
119
94
126
131
101
113
114
82
73
67
35
64
47
21
107
76
56
152
110
96
161
121
109
141
114
103
136
117
103
133
111
97
134
108
93
173
146
129
191
163
149
155
129
116
138
115
105
147
130
122
137
122
115
126
113
107
145
130
123
176
158
146
173
151
137
163
138
118
178
151
130
