82
103
62
84
102
62
99
111
71
113
121
80
130
137
95
136
145
100
113
129
80
120
143
89
113
142
84
117
148
89
136
165
107
151
172
116
155
162
111
188
181
135
158
136
97
155
127
90
191
166
126
184
158
123
191
166
136
207
185
161
163
142
123
168
151
131
181
167
140
162
154
118
163
159
112
137
138
81
153
157
98
132
137
79
136
143
92
149
154
114
106
111
81
126
130
105
95
111
74
93
108
69
97
108
68
93
101
60
107
114
70
119
127
80
102
116
65
106
127
71
118
146
88
120
151
92
135
164
106
148
169
113
157
163
115
188
181
137
176
156
119
153
127
92
207
181
144
203
179
143
201
177
149
206
184
161
166
145
126
167
150
130
165
154
126
150
142
105
155
153
104
154
155
98
149
155
95
147
152
94
146
153
102
148
153
112
111
116
84
106
110
83
104
114
80
105
115
80
107
113
77
89
94
54
108
111
68
127
133
85
120
130
78
117
134
79
123
148
90
124
152
93
139
164
107
147
165
113
162
168
122
193
185
148
213
192
161
165
140
110
202
177
144
212
187
154
206
182
156
202
180
159
171
152
135
171
156
135
154
145
116
148
143
105
154
154
104
168
171
114
140
146
84
155
163
103
150
157
105
145
152
108
122
128
92
106
111
81
103
106
79
110
113
84
118
119
87
90
90
52
114
115
73
136
140
90
132
141
86
120
135
76
121
145
83
127
153
92
144
168
110
149
165
116
167
172
131
198
192
158
246
229
203
187
163
139
184
159
129
209
184
154
210
186
162
199
178
159
177
158
143
173
158
139
142
132
105
149
145
107
164
166
116
167
173
113
136
145
80
155
164
101
144
153
98
143
151
104
132
138
100
142
148
114
133
128
106
138
134
109
143
138
109
100
96
61
126
123
80
143
145
95
141
151
91
125
141
78
123
144
79
133
155
91
150
171
114
151
164
118
166
170
135
200
194
168
255
239
221
201
178
162
173
149
123
205
179
154
218
193
173
206
185
168
182
164
150
168
155
138
126
119
91
146
144
106
177
181
130
158
166
106
148
157
92
156
167
101
145
155
95
141
151
99
136
143
102
181
187
151
151
144
126
150
144
122
150
145
116
98
94
59
127
126
80
143
146
91
150
160
99
137
154
86
129
150
81
137
159
94
151
170
114
150
163
117
163
169
135
206
201
179
239
227
215
202
182
171
167
142
120
192
166
143
214
191
173
213
191
177
187
169
157
170
157
140
122
116
90
149
149
111
174
178
127
154
162
102
160
171
103
157
168
100
152
164
102
135
145
92
140
147
103
189
195
157
139
131
116
134
127
108
139
133
107
88
85
50
121
123
76
132
140
83
144
156
90
133
150
80
139
161
89
140
162
97
147
166
110
148
164
119
166
173
140
217
219
198
220
213
203
201
187
178
173
151
130
178
152
129
205
182
164
211
192
178
186
170
157
167
155
139
117
111
85
145
145
107
152
159
105
153
163
100
154
165
97
141
154
85
153
165
103
121
132
76
152
160
113
170
177
136
147
141
127
143
138
119
153
152
124
105
107
68
138
146
95
139
153
92
148
165
97
135
155
83
146
168
96
141
164
96
144
163
107
149
165
120
171
180
149
233
236
217
209
209
201
204
194
185
193
171
150
179
153
130
202
179
161
210
191
177
179
163
150
157
145
129
102
98
71
126
128
89
131
138
84
153
163
100
138
151
82
121
134
65
146
158
96
107
116
61
165
173
126
152
157
117
100
97
80
102
101
80
89
94
62
97
105
64
116
130
77
122
142
79
125
148
76
128
152
78
158
182
108
138
159
92
148
166
108
153
166
120
173
183
149
233
238
218
194
196
185
179
173
161
200
178
155
192
164
140
193
167
150
198
176
162
176
160
147
161
150
132
107
103
76
99
101
62
143
152
99
130
142
80
133
146
77
130
143
74
113
123
62
145
154
101
182
187
144
157
159
122
40
39
19
46
50
25
53
63
29
86
102
57
110
131
75
99
124
59
97
123
50
104
128
54
146
168
95
140
159
91
154
167
111
160
169
124
183
189
155
231
235
212
188
190
176
180
174
158
187
165
141
189
159
133
169
142
121
212
189
173
199
182
166
163
152
134
142
138
109
131
133
94
120
129
76
127
139
77
137
149
83
127
138
72
119
128
71
132
138
90
175
177
138
130
129
98
30
32
10
37
43
15
45
57
21
90
107
62
111
134
78
91
117
52
98
124
53
116
139
67
146
163
93
155
165
102
157
162
106
161
160
116
183
183
149
218
216
191
168
167
147
165
157
136
191
166
136
193
162
131
178
150
126
192
167
145
174
157
139
163
152
130
136
132
103
126
128
89
108
115
63
138
148
88
144
154
91
137
147
86
130
134
83
164
165
123
190
187
156
146
142
117
29
32
5
43
50
17
45
57
19
87
106
60
106
131
74
89
115
52
112
135
67
133
150
82
151
160
95
170
170
110
167
160
108
178
166
124
210
197
163
227
216
188
159
152
126
148
132
106
186
157
123
191
157
120
206
175
146
135
109
84
109
91
69
173
161
137
119
114
84
114
115
75
105
112
61
134
143
86
133
143
83
122
130
73
111
113
66
191
188
153
177
171
147
158
149
132
26
27
0
56
60
25
57
70
27
99
117
69
117
140
84
105
126
67
131
150
86
143
153
90
161
159
100
181
168
115
176
154
107
196
171
131
232
206
171
241
218
186
169
150
120
146
123
91
166
133
92
182
147
105
193
160
125
99
72
43
76
56
31
172
158
131
138
134
99
132
133
93
134
138
88
132
139
85
150
158
101
101
105
54
120
118
79
196
191
161
154
145
128
149
136
127
65
62
27
95
97
60
83
92
49
114
130
81
128
147
92
111
129
71
145
156
98
153
154
97
182
169
117
188
164
116
164
129
87
174
134
98
193
155
119
208
174
139
169
138
107
153
123
85
168
131
86
191
155
107
155
121
83
109
80
48
89
68
39
142
127
98
155
149
115
140
138
97
161
165
115
140
145
91
178
183
129
101
103
56
162
158
123
188
180
157
145
133
121
134
119
114
98
94
57
119
117
78
95
100
57
131
143
95
137
151
98
101
114
60
134
139
85
144
137
85
173
151
104
180
145
103
158
113
74
160
110
75
155
105
70
172
126
92
168
128
92
166
129
87
181
141
90
191
154
102
143
108
66
134
104
68
123
100
69
146
131
100
160
152
116
140
138
97
161
163
114
156
160
109
159
161
111
116
115
71
162
156
124
157
146
128
110
95
88
99
81
81
103
99
61
125
123
84
112
117
74
172
180
133
175
187
137
117
125
74
133
135
85
140
130
81
127
105
58
156
121
79
169
124
83
187
138
97
168
116
76
179
127
87
185
136
95
181
137
90
178
135
80
171
132
77
157
121
73
147
115
76
151
126
93
194
177
147
174
163
133
163
157
125
174
171
136
197
197
159
137
135
97
148
143
111
142
131
109
136
123
107
77
60
53
72
54
50
139
141
102
156
158
118
131
136
95
126
133
89
105
112
68
121
129
82
143
145
98
153
149
101
119
105
58
115
93
44
129
97
48
145
105
54
170
124
72
184
133
80
174
119
65
179
127
70
180
136
73
155
115
54
167
130
77
168
135
90
179
150
116
191
170
143
181
164
144
199
186
170
149
137
125
130
120
108
142
132
120
143
131
119
103
89
76
82
66
53
71
55
40
47
29
15
121
128
77
146
153
101
136
143
91
145
154
101
133
142
89
150
159
106
168
175
123
179
179
129
150
144
94
108
96
46
97
77
27
103
73
23
130
92
43
173
127
78
179
127
79
169
118
65
149
104
45
134
94
35
143
106
54
157
124
81
172
143
111
176
152
128
162
143
128
165
148
140
163
148
145
177
163
160
141
127
124
89
76
68
79
65
54
72
56
41
49
34
13
41
25
2
124
134
61
150
160
87
144
156
82
156
168
96
142
155
85
155
167
101
170
180
117
176
184
125
157
160
105
113
109
61
111
98
54
116
97
57
134
105
71
169
134
104
175
134
106
161
118
86
160
117
74
136
95
49
115
78
36
143
109
74
182
152
124
196
171
149
195
176
161
180
163
153
181
168
160
108
98
89
81
71
61
95
83
69
68
57
39
33
21
0
52
40
16
95
81
55
132
146
58
155
169
81
144
160
72
153
168
83
133
150
69
140
159
80
154
170
97
161
176
109
157
167
107
119
123
72
101
98
57
96
85
53
107
89
65
122
96
79
129
100
86
159
123
107
142
101
73
136
93
61
113
73
45
142
108
81
163
135
113
147
124
106
130
111
96
90
74
61
104
92
78
74
65
50
77
68
51
66
58
37
32
25
0
64
54
27
132
123
94
155
146
115
112
129
33
136
156
59
132
154
56
148
169
76
131
154
63
139
162
74
152
175
93
162
182
110
152
168
105
113
123
70
78
83
42
88
87
56
129
122
103
113
101
89
81
64
57
120
95
88
122
84
71
132
89
73
113
74
59
125
92
75
121
92
76
92
69
53
82
65
49
54
41
24
57
49
28
75
69
45
49
43
17
29
24
0
89
84
52
162
158
123
173
167
131
150
144
108
76
100
4
108
132
36
116
141
47
144
169
75
133
158
66
138
164
75
149
174
90
159
182
104
153
172
104
101
116
59
71
80
35
115
121
87
193
193
169
174
168
154
98
89
82
101
82
78
108
73
71
99
58
54
74
36
31
77
44
35
86
60
47
87
66
49
85
70
49
70
60
35
49
44
15
35
32
1
55
52
19
116
113
78
167
165
126
176
174
135
154
152
111
132
130
89
61
89
5
94
122
38
105
133
48
136
164
79
125
153
68
131
156
73
142
167
86
153
175
100
162
179
109
97
111
50
82
90
39
124
129
88
180
179
148
187
182
160
140
133
115
119
102
94
129
99
99
121
85
89
121
87
86
115
86
80
115
93
80
109
92
74
79
67
41
60
54
22
39
36
1
71
72
32
156
157
115
190
191
147
144
145
101
134
136
89
157
158
114
148
149
105
63
96
17
92
125
46
100
131
53
129
158
78
120
147
68
129
153
75
147
168
93
164
181
110
147
159
93
104
112
53
135
139
89
170
168
127
168
162
128
175
165
138
152
140
118
110
92
80
118
92
91
129
98
103
151
123
122
116
93
85
77
60
44
61
49
25
43
37
5
62
58
21
132
133
91
154
156
109
159
162
115
150
154
104
151
155
105
154
158
108
158
161
114
167
170
123
84
123
44
75
112
34
130
164
87
113
144
66
94
121
44
126
148
75
135
150
81
172
183
117
151
155
96
132
130
79
121
114
70
127
114
79
126
111
82
118
100
76
125
104
85
141
119
105
129
106
100
113
92
87
108
90
80
90
74
59
46
34
12
38
31
2
100
96
59
169
168
124
173
175
126
155
159
108
154
158
107
139
146
94
157
164
112
149
156
105
166
173
122
167
174
123
77
117
31
85
125
39
125
160
78
105
136
58
88
112
38
110
127
57
125
135
72
161
164
107
140
136
88
148
139
96
139
125
90
121
101
74
124
102
79
142
116
99
138
112
97
117
93
80
115
99
83
105
94
76
70
59
37
21
14
0
28
23
0
103
101
62
162
161
117
163
165
116
193
198
144
190
195
141
189
196
142
166
173
121
176
183
131
172
179
128
179
186
135
166
172
124
85
125
26
110
150
53
123
158
66
111
139
55
108
129
54
121
133
67
138
141
84
157
153
106
182
172
136
146
129
101
120
99
78
125
102
86
130
103
92
117
88
80
106
77
71
103
81
67
59
53
21
20
21
0
28
29
0
81
82
38
118
121
74
134
138
87
153
158
104
172
177
121
161
169
112
178
185
131
189
196
142
170
177
125
176
183
132
177
183
135
174
177
132
149
152
107
93
129
29
127
161
64
115
144
54
115
138
56
134
147
78
136
141
83
146
143
98
142
132
97
131
115
89
127
109
89
114
92
78
104
80
68
111
87
77
116
92
82
92
68
58
53
39
13
18
20
0
45
57
0
113
125
61
174
184
121
188
198
135
179
189
126
172
182
121
167
175
116
170
178
121
182
189
135
182
189
137
161
167
119
155
161
115
158
161
116
150
153
110
131
133
93
89
115
24
127
151
65
108
129
50
113
126
57
120
128
71
109
108
64
117
108
77
107
92
69
87
70
52
104
87
71
112
95
79
101
84
68
87
72
51
73
61
37
53
44
15
28
27
0
87
104
26
130
153
63
175
198
110
178
198
113
163
182
101
171
187
112
181
194
125
170
180
117
176
185
128
174
181
129
159
165
117
147
150
107
136
138
98
142
143
103
141
141
103
138
138
100
100
116
45
129
142
73
117
127
67
110
114
64
91
89
51
67
60
32
80
67
50
81
65
52
114
98
85
96
80
65
84
71
52
75
68
40
50
48
10
31
34
0
60
69
16
109
125
54
169
197
95
144
176
64
148
177
69
162
190
88
151
176
82
135
157
72
145
161
86
163
175
109
155
164
107
156
163
112
146
149
104
146
147
107
133
133
95
136
136
100
121
121
87
116
113
80
126
132
86
123
126
83
113
110
75
99
93
67
70
58
42
52
38
29
67
49
45
73
55
51
82
68
59
76
64
48
55
52
21
36
39
0
46
57
0
88
109
34
138
163
79
164
196
95
155
193
71
147
187
55
152
188
64
157
190
75
153
181
78
149
174
82
142
161
80
126
141
72
141
152
94
148
155
104
129
132
89
121
121
83
105
102
69
117
114
83
94
91
60
76
71
41
142
142
108
105
101
72
86
80
58
77
65
51
55
40
33
54
36
36
65
45
47
66
47
49
65
50
45
31
22
5
31
31
0
82
92
39
125
145
73
128
156
69
118
154
54
121
161
46
130
173
39
133
175
37
147
187
55
153
189
67
137
169
58
126
152
55
119
141
58
113
128
59
89
100
42
93
99
51
57
59
19
37
37
1
34
31
0
87
84
53
95
90
61
87
82
53
