191
185
187
189
183
185
187
180
185
187
180
185
187
182
188
186
181
187
179
176
183
175
172
181
175
173
184
174
174
184
172
174
186
172
174
186
173
177
189
175
179
191
176
182
196
177
183
197
177
183
195
175
182
192
184
188
197
184
187
196
177
177
185
179
178
183
183
181
184
179
173
175
181
172
173
184
173
171
190
176
173
196
181
176
202
185
178
204
187
179
211
193
183
219
197
183
225
199
176
228
206
185
220
209
203
210
208
213
209
207
218
212
207
214
212
198
197
207
188
181
204
188
173
198
188
176
190
189
184
188
190
187
189
189
189
197
189
187
208
188
181
211
188
178
206
189
179
210
196
185
220
204
191
230
212
198
236
217
202
240
217
199
240
215
195
240
213
192
238
210
188
238
210
186
241
211
185
242
212
186
242
212
188
241
211
187
239
211
187
238
210
186
192
183
186
188
182
184
186
179
184
186
179
184
187
180
187
185
180
186
179
176
183
175
172
179
170
169
177
169
169
179
166
168
180
166
168
180
167
171
183
169
173
185
169
175
189
170
176
188
174
181
191
173
180
190
180
184
193
180
184
193
173
176
183
177
178
183
181
179
182
174
170
171
171
162
163
159
148
146
149
136
130
155
140
133
178
160
150
198
178
167
203
181
168
199
176
160
209
183
160
212
191
170
207
198
193
198
197
202
195
195
207
196
195
203
200
188
190
198
183
178
196
184
172
192
186
174
184
186
181
182
188
188
184
188
189
192
188
187
204
187
180
207
187
178
201
187
176
206
193
184
216
202
191
227
211
198
234
215
201
237
216
199
236
213
195
235
210
188
237
211
188
239
211
189
240
212
188
242
212
188
243
212
191
240
212
190
240
212
190
239
211
189
192
182
183
190
181
184
188
179
182
187
178
183
185
178
183
183
178
184
178
176
181
175
172
179
168
167
175
166
166
176
163
166
175
162
164
176
162
166
177
163
167
179
164
168
180
166
170
182
170
177
187
168
175
185
172
179
189
174
178
187
169
173
182
173
176
183
175
174
179
164
162
165
136
130
130
122
111
109
101
86
81
97
79
69
120
98
85
156
130
115
174
147
130
176
148
127
187
161
136
190
172
152
189
181
178
182
182
190
173
179
193
175
177
190
181
176
182
183
175
173
183
178
172
179
180
174
173
183
184
171
185
188
176
185
190
185
186
190
198
184
181
202
185
178
197
184
176
201
191
182
213
200
192
223
209
200
231
213
201
232
213
199
232
209
193
232
206
189
234
209
189
236
209
188
237
210
189
239
211
190
240
212
191
239
212
191
238
211
190
238
211
190
195
183
185
193
183
184
191
181
182
188
179
182
187
178
181
183
176
181
179
174
178
176
174
179
171
168
175
169
168
176
166
166
174
162
165
174
162
164
176
161
165
176
162
166
178
163
167
179
165
172
182
162
169
179
166
173
183
166
173
183
162
169
179
169
173
182
167
168
173
150
148
151
138
132
132
138
127
123
121
104
96
96
72
60
91
62
46
118
86
65
155
119
95
175
139
115
171
141
115
174
156
136
174
169
166
169
172
181
160
167
185
157
164
180
166
166
176
171
169
172
172
172
172
168
174
174
163
178
185
162
180
190
168
182
193
175
182
190
190
181
182
195
181
178
193
184
179
199
190
185
209
198
192
219
206
198
227
210
202
228
210
198
228
206
193
227
203
190
229
206
190
232
206
189
233
208
188
234
209
189
235
209
192
236
210
193
236
210
193
234
211
193
202
188
188
199
187
187
197
185
185
193
183
182
189
179
180
185
176
179
181
175
177
180
175
179
174
172
177
171
170
176
168
168
176
165
165
175
161
164
173
160
162
174
160
164
175
160
164
175
160
167
177
158
165
175
160
166
178
160
166
178
158
164
176
162
169
179
155
158
165
132
131
136
141
135
135
155
141
138
149
129
118
120
93
76
96
60
38
102
60
35
133
86
56
155
112
80
161
127
99
164
143
122
166
161
157
164
168
179
155
163
182
149
160
178
158
162
174
164
167
174
161
169
172
158
171
177
153
175
186
155
178
192
160
179
194
167
179
191
180
178
183
186
176
177
188
182
182
193
188
185
203
195
192
212
201
197
219
206
200
222
205
197
222
204
194
221
201
190
225
203
190
226
204
190
229
205
192
231
207
194
232
208
195
233
209
196
233
211
198
233
211
198
210
195
192
209
195
192
206
192
189
199
188
186
193
181
181
188
178
179
186
177
178
184
178
180
178
173
177
174
172
177
169
168
174
165
165
173
162
162
170
158
161
170
157
159
171
156
160
171
159
163
174
154
161
171
157
164
174
156
162
174
155
161
173
158
165
175
143
146
153
113
112
117
100
92
90
114
99
92
124
100
87
120
88
67
111
67
40
109
59
26
121
65
28
131
79
40
153
113
78
155
129
106
160
149
143
164
164
172
157
164
180
151
160
177
157
161
173
163
167
176
161
168
174
157
172
179
151
175
187
150
177
194
155
178
194
163
177
190
174
173
181
178
171
176
181
176
180
185
180
184
192
186
188
201
193
191
207
196
194
210
197
191
213
196
189
214
195
188
218
200
190
220
200
189
222
202
191
224
204
193
226
206
195
228
208
197
228
208
199
228
210
200
220
203
196
217
202
195
214
199
194
206
193
187
198
184
181
191
180
178
189
179
178
189
180
181
181
177
178
176
174
177
171
170
175
167
166
172
162
162
170
160
160
170
157
160
169
156
159
168
158
161
170
155
159
168
157
161
170
156
160
171
155
159
170
156
160
169
135
136
141
99
95
96
67
56
52
76
56
47
93
64
46
115
75
50
125
75
42
125
67
27
133
69
25
141
80
35
143
96
54
146
113
82
155
137
125
164
158
158
164
164
176
157
161
173
162
161
169
168
167
173
164
169
172
159
173
176
153
175
188
151
177
192
154
177
193
160
174
187
170
169
177
173
166
173
172
169
176
173
172
178
178
176
181
186
180
182
192
183
184
197
186
184
201
187
184
202
187
182
208
191
184
210
191
184
212
193
186
215
196
189
217
198
191
218
199
192
218
201
194
219
202
195
226
208
198
225
206
199
220
203
195
211
196
189
202
187
182
195
181
178
192
181
179
192
182
181
185
179
179
182
178
179
176
174
177
170
169
174
166
165
171
162
162
170
160
160
168
158
161
168
159
159
167
157
158
163
157
160
167
156
159
166
157
157
165
158
157
163
131
129
132
94
84
83
58
41
33
60
34
19
76
40
18
101
54
24
115
57
19
115
51
7
130
58
8
146
79
27
139
83
34
143
99
60
154
126
105
169
152
145
171
162
165
167
160
167
170
160
161
174
166
164
173
169
166
166
172
172
158
175
183
155
177
190
156
175
189
160
172
184
169
166
173
171
164
171
165
164
172
165
165
173
169
168
174
174
172
177
181
175
177
186
177
178
191
180
178
195
181
178
196
181
176
199
181
177
202
184
180
204
186
182
207
189
185
207
192
187
208
193
188
208
193
188
230
210
199
230
210
199
228
208
199
222
204
194
215
198
190
206
191
184
201
188
182
197
186
182
193
185
183
185
179
179
180
176
177
178
176
179
173
172
177
166
165
171
160
161
166
159
160
165
162
161
166
163
162
167
161
160
165
159
157
162
160
155
159
152
146
146
125
114
112
98
81
73
64
38
25
62
27
7
78
34
7
95
41
5
133
70
27
147
77
28
124
49
0
141
66
9
139
72
17
117
63
16
153
112
82
176
147
131
190
167
161
169
150
144
190
167
157
189
167
154
183
167
154
183
176
168
170
178
178
158
173
178
156
170
179
164
172
182
173
168
174
170
161
166
165
164
172
163
166
175
168
168
176
172
171
177
179
174
178
184
178
180
189
179
178
192
181
179
192
178
175
193
178
175
194
179
176
194
179
176
195
180
177
194
180
177
195
181
178
195
181
178
234
210
197
234
210
197
232
210
197
226
206
195
220
202
192
214
197
189
208
193
186
205
192
186
196
186
184
189
181
179
182
176
176
180
176
177
175
173
176
167
166
171
161
162
167
162
161
166
159
157
160
162
158
159
169
163
165
174
165
166
175
164
162
167
152
147
130
110
99
82
56
41
81
46
26
90
48
23
105
55
22
98
39
0
119
53
5
150
77
26
141
64
8
144
65
6
140
66
3
112
47
0
131
79
40
163
121
96
192
157
138
171
138
121
175
137
116
170
134
110
170
140
116
175
156
139
173
170
161
165
171
171
161
170
175
168
173
179
176
169
174
173
164
169
167
167
175
166
169
178
171
171
179
175
174
180
180
178
183
187
181
183
192
183
184
195
185
184
193
182
180
195
181
178
195
181
178
196
182
179
195
181
178
195
181
178
194
180
177
194
180
177
237
211
194
237
211
194
236
210
195
233
209
196
229
207
194
223
203
192
218
201
193
214
199
192
200
189
185
192
182
180
184
178
178
182
178
179
176
174
177
169
168
173
164
165
169
165
165
167
172
168
169
171
163
161
173
162
160
162
147
142
148
130
120
153
129
116
140
109
89
100
63
37
99
54
25
116
63
29
141
83
43
137
73
27
135
65
14
150
77
24
142
65
9
130
50
0
144
65
0
131
57
0
135
73
26
151
97
61
169
120
90
145
96
66
146
92
58
158
106
69
158
114
77
171
140
111
178
165
148
173
173
165
168
172
173
170
173
178
177
170
175
173
166
171
171
171
179
171
174
183
175
175
183
180
179
185
185
183
186
191
187
188
198
189
190
201
191
190
198
187
185
199
188
184
201
188
182
200
187
181
197
186
180
195
184
178
193
182
178
191
180
176
240
211
193
238
211
192
238
211
194
237
211
196
234
210
197
231
209
196
225
207
197
221
204
196
205
192
186
196
185
181
188
180
178
184
178
178
179
175
176
171
169
172
167
166
171
169
167
170
176
168
166
178
167
163
178
161
153
144
121
111
109
82
65
124
89
67
143
102
74
129
80
47
129
73
36
131
69
28
162
95
50
177
107
58
160
88
37
149
76
23
140
65
10
129
50
0
163
80
10
162
83
16
145
75
23
136
73
30
148
88
51
142
80
41
142
74
29
155
89
41
160
102
56
178
134
95
188
166
142
183
175
164
173
173
173
171
172
177
176
171
177
175
170
176
176
176
184
174
177
184
178
179
184
182
181
186
188
186
187
194
190
189
201
193
191
205
195
193
204
193
189
205
194
188
207
194
188
207
194
188
202
191
185
198
187
181
195
184
178
192
181
177
242
211
191
239
211
190
238
210
189
238
211
192
236
213
197
234
212
198
229
209
198
223
206
196
209
194
187
198
187
181
190
180
178
184
179
176
180
176
177
173
171
174
169
169
171
174
170
171
167
157
155
178
161
153
175
153
140
140
111
95
105
69
45
115
70
39
133
81
44
128
69
27
155
88
43
153
83
32
167
94
43
180
107
54
167
94
41
159
86
33
158
86
35
144
68
10
178
95
25
181
98
30
145
72
17
130
62
13
155
87
42
177
105
57
165
86
30
152
73
16
165
96
41
183
131
84
193
164
134
185
173
159
171
171
169
167
170
175
173
172
180
174
173
181
175
178
185
176
179
184
179
180
184
182
182
184
187
185
186
194
188
188
200
192
189
204
195
190
207
196
190
208
198
189
211
198
190
211
198
190
209
196
188
204
191
183
197
187
178
194
183
177
243
212
191
241
210
189
240
209
189
239
211
190
239
213
196
236
213
197
229
210
196
223
206
196
211
197
188
199
188
182
190
181
176
184
179
176
179
175
174
173
171
172
171
171
173
176
172
171
176
165
159
180
162
152
161
135
120
129
94
72
114
70
41
118
66
29
124
61
17
126
56
5
143
68
13
169
92
36
179
100
44
179
102
48
179
103
51
183
111
60
180
110
59
145
72
17
178
95
27
196
113
43
176
100
42
161
88
37
161
85
36
183
102
49
173
85
22
156
68
4
166
88
26
183
123
71
192
157
125
184
168
152
168
167
165
164
169
175
170
172
184
171
174
183
174
179
185
174
178
181
176
177
179
178
178
178
182
181
179
189
184
181
196
189
183
199
190
183
205
195
186
207
197
187
212
199
190
213
200
191
211
198
189
206
193
185
198
188
179
194
184
175
247
215
192
244
212
191
241
210
189
240
212
191
241
214
195
237
214
196
231
209
195
223
205
193
212
198
189
200
190
181
190
181
176
183
178
175
179
175
174
173
171
172
171
171
171
177
173
170
187
174
166
190
168
155
152
123
105
117
80
54
116
67
34
110
51
9
110
40
0
130
53
0
135
53
0
181
97
37
184
102
44
187
108
51
194
118
66
190
120
69
179
113
65
147
77
25
179
98
32
206
123
55
207
131
73
199
123
71
159
79
28
165
80
25
172
77
13
176
81
13
169
86
20
186
121
67
193
155
119
184
167
149
166
166
164
161
168
178
164
170
184
164
170
182
171
176
182
171
175
178
172
173
175
174
174
174
177
176
172
183
178
174
189
182
174
193
184
175
199
189
179
204
192
180
208
196
184
211
199
187
210
198
186
205
192
183
199
186
177
195
182
173
250
218
195
246
214
191
242
212
188
241
213
191
242
215
196
238
215
197
231
209
195
222
204
192
213
199
190
200
190
181
190
181
176
183
178
175
178
174
173
173
171
172
172
172
172
178
174
173
172
161
155
192
169
159
161
130
112
129
85
60
124
71
31
98
37
0
84
19
0
120
48
0
156
73
7
189
102
33
173
94
37
179
108
54
190
121
66
172
105
50
172
105
52
170
99
43
192
113
46
197
117
48
198
123
65
206
133
78
162
85
29
168
84
24
179
86
17
189
96
26
171
90
25
186
125
71
193
158
126
183
170
154
167
169
168
160
168
178
161
167
179
161
165
176
170
175
181
169
173
176
170
171
173
170
170
170
173
172
170
178
174
171
185
178
172
188
179
172
195
185
176
198
188
179
203
193
184
208
195
186
208
195
186
204
191
182
198
185
176
194
181
172
240
208
183
244
212
187
244
214
190
240
212
190
238
211
192
237
211
196
229
207
194
219
201
191
211
194
187
202
189
183
189
181
178
180
175
172
176
175
173
177
177
177
175
176
178
173
173
173
169
161
159
184
165
159
175
138
129
144
97
71
172
114
66
81
24
0
47
0
0
67
14
0
185
106
31
187
102
21
182
114
65
167
110
67
178
122
63
166
105
40
170
101
36
164
89
22
166
87
18
193
118
50
185
115
53
219
151
90
194
123
59
139
61
0
176
92
20
187
107
36
192
124
63
198
147
102
192
166
143
175
168
160
161
164
169
161
168
178
167
167
175
163
162
168
169
170
175
167
170
175
168
169
173
168
169
173
170
170
172
171
169
170
174
170
169
176
171
168
183
175
173
197
187
185
203
193
191
206
195
191
209
198
194
200
189
185
192
179
173
194
181
175
228
197
169
235
203
178
240
210
186
240
212
190
239
212
193
237
211
196
229
207
194
219
201
191
207
190
183
199
185
182
187
179
176
179
175
172
177
176
174
177
177
177
174
175
177
173
173
173
177
171
171
176
158
154
192
155
146
155
105
80
170
112
62
90
36
0
39
3
0
83
38
15
200
121
46
181
96
13
155
93
46
144
92
53
172
120
62
177
116
49
182
109
40
164
86
14
157
80
8
183
108
40
183
115
50
209
144
80
197
130
62
155
82
13
176
98
24
192
118
47
188
126
67
192
149
107
188
167
148
172
168
165
161
165
174
163
167
178
168
165
172
167
162
166
167
168
173
165
168
173
167
168
173
167
168
173
169
168
173
171
169
174
175
170
174
176
170
172
182
173
174
191
182
183
194
184
183
198
187
185
206
195
193
203
189
186
193
179
176
195
180
177
218
188
162
229
199
173
239
209
185
240
212
191
238
212
195
233
209
196
223
203
192
214
195
188
202
187
182
193
182
178
185
177
174
179
175
172
177
176
174
175
175
175
172
174
173
170
170
170
177
171
171
163
145
141
196
164
151
157
111
85
159
102
56
96
43
0
53
16
0
125
79
53
216
138
66
184
101
23
153
91
42
142
89
49
176
121
65
190
129
66
203
130
62
184
106
34
166
88
16
190
116
45
204
135
70
216
151
85
217
150
82
189
116
47
178
100
26
194
119
51
190
128
71
192
148
109
185
166
151
172
168
169
159
166
176
161
167
181
167
166
174
165
162
169
164
165
170
162
165
172
163
166
173
166
167
172
168
167
172
171
169
174
175
170
174
177
171
173
181
172
173
187
179
177
187
177
176
191
180
178
203
189
186
201
186
181
192
177
172
195
177
173
217
187
161
228
200
176
239
211
189
240
213
192
233
210
192
226
204
190
217
197
186
208
191
183
201
186
181
191
180
176
184
176
173
180
176
173
177
176
172
171
171
169
164
166
163
163
163
161
158
154
153
144
131
125
174
145
129
146
102
75
133
78
37
88
35
0
87
47
22
169
123
90
194
116
52
168
85
15
148
86
35
136
81
38
156
98
48
172
107
49
200
126
61
190
111
42
184
106
34
191
117
46
198
129
62
184
116
51
192
123
56
194
121
52
182
104
32
207
134
66
193
132
77
192
148
111
183
164
150
170
168
171
160
166
178
160
167
183
167
165
178
165
162
171
159
162
169
159
164
170
161
164
171
164
164
172
167
166
172
171
169
172
175
171
172
177
171
171
181
173
171
188
178
176
185
174
172
187
173
170
194
179
174
193
176
169
186
169
161
190
171
164
207
180
153
223
195
171
236
210
187
238
213
191
230
207
189
223
201
187
214
196
184
208
191
183
201
188
180
190
181
176
185
177
174
182
179
174
177
176
171
165
166
161
156
157
152
152
153
148
132
131
129
129
118
112
135
110
90
120
81
50
100
48
11
75
23
0
123
83
48
195
146
106
176
101
44
153
73
12
146
85
31
137
80
34
148
87
40
162
96
44
197
123
62
188
109
42
162
84
12
179
102
32
203
134
67
189
121
56
199
130
63
213
140
72
189
111
39
197
124
56
196
135
81
191
148
113
181
163
151
170
168
173
160
167
183
160
167
186
165
164
180
165
163
176
158
161
170
158
162
171
160
163
170
164
164
172
167
166
172
171
169
172
175
171
172
177
171
171
182
174
171
187
178
173
182
169
163
175
160
153
177
160
152
172
154
144
167
149
137
174
154
143
186
159
132
206
180
153
227
203
177
232
210
187
227
206
187
220
201
186
214
196
184
207
193
184
202
189
181
190
181
174
185
178
172
185
180
174
178
175
168
163
160
153
148
148
140
144
143
138
120
119
117
116
107
100
103
83
59
91
56
26
75
26
0
86
33
0
153
108
66
196
144
97
177
103
54
142
66
14
138
77
22
135
77
27
147
86
41
165
99
51
196
124
66
178
100
36
152
73
4
175
98
28
209
140
73
197
129
66
192
123
58
209
136
68
190
112
40
174
99
32
199
138
84
191
148
113
180
162
150
170
169
175
161
168
186
158
166
185
165
164
180
166
164
177
159
162
171
159
162
169
160
163
170
164
165
170
167
166
171
171
169
172
176
170
170
179
171
168
183
174
169
181
168
160
162
148
139
147
130
120
146
128
116
142
123
109
141
119
105
148
126
112
160
135
105
187
161
134
217
193
167
228
206
183
226
205
186
217
198
183
209
193
180
202
188
179
201
188
180
189
178
172
185
176
169
187
180
172
181
174
164
160
156
145
146
142
130
141
138
129
119
118
114
98
91
83
89
72
46
68
37
6
67
21
0
123
73
40
172
124
75
188
133
79
162
90
49
121
48
5
119
58
3
117
57
3
124
61
18
144
77
35
178
107
53
158
82
20
178
99
30
182
105
35
187
118
53
153
85
22
129
60
0
168
95
27
198
120
48
182
107
40
202
139
86
192
148
113
179
161
149
170
169
175
162
169
187
159
166
185
164
163
179
166
164
177
163
163
171
161
164
169
164
165
170
165
166
170
169
167
168
173
169
168
178
170
168
180
171
166
183
170
162
164
150
139
130
112
100
108
89
75
111
90
73
113
90
72
112
89
71
117
95
74
144
119
89
176
151
121
211
187
161
226
204
181
224
203
184
212
195
179
202
186
173
194
180
169
199
186
177
187
177
168
185
175
166
189
181
170
182
174
161
162
154
139
147
139
124
142
136
124
121
120
115
81
77
68
87
73
47
55
28
0
67
25
1
161
111
78
184
132
75
184
125
67
154
89
51
117
49
12
123
62
7
116
55
0
111
46
6
129
61
24
174
104
55
161
89
30
174
97
29
186
109
39
197
128
63
171
103
40
139
68
4
178
103
36
220
140
69
189
111
45
204
141
87
193
149
112
179
160
146
171
169
172
164
170
184
160
165
184
165
163
176
167
164
173
165
164
169
165
165
167
165
165
167
167
165
166
171
167
164
176
168
165
179
170
163
183
170
161
181
167
154
153
135
121
104
85
68
79
58
39
86
64
41
95
71
47
95
69
46
98
72
47
136
109
79
174
149
118
214
190
162
215
193
169
200
179
158
200
183
165
201
185
170
185
171
160
197
185
173
173
161
149
187
175
163
197
185
171
185
173
157
163
152
134
137
124
105
133
124
107
113
110
103
71
67
56
67
55
29
51
28
0
71
33
12
135
85
52
203
145
82
181
120
57
142
79
44
108
45
12
170
109
55
188
126
69
130
65
25
81
15
0
165
98
55
140
71
16
175
97
33
204
127
59
180
108
47
146
76
16
172
101
37
216
141
73
220
140
67
201
124
56
200
135
79
202
157
116
175
154
137
168
163
160
170
173
182
164
166
178
172
167
174
168
161
166
166
162
161
166
162
159
161
156
152
165
160
154
176
169
161
173
163
153
165
153
141
171
155
140
172
155
137
127
109
87
87
65
42
78
54
28
89
63
36
100
73
44
105
78
48
109
82
52
133
104
70
170
144
111
210
185
155
210
186
160
189
169
145
187
169
149
185
169
153
169
155
142
179
165
152
175
161
148
193
180
164
195
182
165
180
165
144
148
132
109
117
101
76
121
108
89
115
111
100
75
71
60
68
58
33
48
27
0
68
32
10
131
81
46
200
136
72
180
115
51
142
83
49
94
37
8
169
109
57
200
137
83
173
108
68
108
44
9
136
73
32
147
81
31
183
107
47
189
111
45
172
100
41
169
99
39
191
120
56
206
129
61
212
130
56
222
144
72
202
136
76
202
153
110
173
149
125
166
157
150
173
171
174
170
168
173
177
167
168
171
160
156
166
157
148
165
157
146
160
150
140
162
152
140
170
158
142
159
146
129
144
127
109
143
125
103
152
132
107
116
95
66
84
61
30
81
56
23
95
69
34
106
78
41
110
82
45
113
83
45
135
105
69
171
142
108
207
181
148
205
180
150
179
157
133
173
152
131
169
152
134
155
139
123
147
131
116
168
152
136
193
176
158
189
173
150
173
156
130
139
119
92
108
87
56
125
107
83
119
111
100
77
73
62
67
56
36
46
24
0
69
35
10
129
79
42
196
128
63
176
106
44
120
67
33
90
41
11
166
108
60
178
115
62
176
113
72
136
73
38
118
60
22
125
64
19
171
96
39
170
92
30
161
91
31
173
104
45
190
119
55
193
116
48
205
122
46
226
147
72
202
133
68
198
146
96
167
138
108
163
150
134
176
169
163
174
166
163
175
161
152
165
147
133
156
140
124
155
140
121
149
134
115
153
136
116
158
142
119
144
126
102
122
102
75
116
95
64
135
112
80
109
85
49
88
62
25
92
64
24
105
78
35
112
83
41
112
83
39
114
83
39
137
105
66
167
137
99
198
170
133
192
165
135
164
140
112
156
134
110
154
136
114
143
126
108
130
113
95
163
146
126
185
167
145
175
155
130
168
144
116
139
114
83
109
83
48
131
110
81
119
110
95
78
72
60
61
49
33
42
22
0
77
43
16
139
87
47
198
124
61
173
99
38
116
68
32
82
39
7
141
84
39
159
97
48
153
92
48
121
63
25
110
58
21
108
50
10
141
70
14
160
84
24
161
90
32
157
88
29
168
97
33
192
115
45
214
128
51
218
135
57
199
126
57
194
139
83
163
131
93
162
144
120
176
164
148
169
157
143
162
144
124
144
122
98
132
112
87
132
112
85
129
108
81
136
115
86
146
125
94
137
114
82
117
93
57
111
85
48
131
106
66
115
88
45
102
73
29
104
76
29
112
84
36
115
85
35
112
82
32
110
80
30
133
100
57
157
124
83
178
148
110
170
141
107
142
117
87
134
113
86
137
117
93
128
110
88
130
112
92
161
140
119
173
151
127
156
132
104
154
128
95
139
111
74
112
83
43
127
102
69
114
101
84
73
65
54
53
39
28
41
20
1
89
58
27
154
103
58
205
125
64
172
96
36
141
96
57
72
33
0
109
54
13
174
111
67
143
84
40
82
29
0
105
59
25
111
59
20
129
59
7
157
81
23
162
91
35
149
80
23
160
86
23
201
123
51
229
142
63
219
134
53
197
123
48
195
137
74
166
129
85
165
142
110
173
157
132
159
143
118
146
121
90
123
94
60
113
87
52
113
87
52
110
84
49
119
93
56
135
110
70
132
104
64
119
92
49
119
90
46
129
101
54
121
91
41
112
82
30
111
81
27
114
84
30
113
82
27
109
78
23
106
75
20
132
98
53
147
112
70
162
130
91
151
123
86
126
101
70
121
97
69
123
101
77
116
96
72
117
97
73
137
115
91
149
125
97
135
108
78
142
112
76
146
114
75
125
92
49
128
100
63
100
85
64
65
55
45
48
33
26
42
20
6
102
72
38
166
114
67
210
125
68
176
95
39
137
95
53
87
53
18
112
56
19
166
103
62
121
64
18
79
28
0
112
69
37
96
47
14
127
59
10
142
67
10
150
81
26
151
82
25
164
90
27
203
123
52
234
144
65
225
139
56
202
125
47
199
138
71
168
128
77
159
134
94
159
140
107
142
122
89
130
101
61
111
78
35
105
74
30
106
75
31
103
72
28
110
79
35
125
94
48
124
93
46
118
86
37
123
91
40
120
89
35
117
86
32
114
83
28
112
81
24
111
80
23
109
79
19
106
76
16
104
74
12
131
94
49
139
105
60
150
117
76
140
110
72
118
92
59
113
88
58
110
89
62
101
79
55
96
74
50
109
88
61
131
106
76
126
97
63
136
104
65
153
120
77
141
104
59
126
97
57
82
66
43
59
46
37
48
33
28
47
25
12
108
78
42
168
116
68
210
123
69
179
96
42
120
81
38
109
79
41
129
75
41
126
62
26
96
39
0
101
53
7
108
67
37
83
37
4
122
56
8
133
58
3
142
72
20
151
82
27
167
93
30
209
129
58
238
149
67
223
135
48
207
129
47
202
139
68
163
122
68
144
117
72
136
114
73
120
97
56
118
86
39
107
71
21
101
67
19
104
70
22
101
67
19
105
72
21
115
82
31
112
79
26
109
76
23
117
84
30
110
78
21
113
81
24
116
84
25
115
83
24
111
79
18
108
76
15
105
74
10
102
71
7
125
87
40
131
94
49
139
105
60
133
100
59
112
82
44
105
76
42
99
74
41
86
63
31
92
69
37
102
79
45
128
104
68
127
99
62
130
101
61
151
120
76
138
105
60
113
85
48
69
52
36
55
42
36
51
36
31
50
29
12
112
80
41
167
114
60
205
123
63
179
99
40
133
89
40
117
84
43
125
76
44
98
45
14
90
41
1
107
62
21
90
45
14
104
54
21
115
51
7
133
61
10
148
78
26
151
78
23
172
94
30
227
143
70
251
160
77
217
127
41
210
129
48
203
137
63
161
112
53
132
99
48
118
91
44
104
77
30
108
76
25
105
70
16
97
64
11
102
69
16
100
67
14
102
69
16
108
75
22
104
71
17
101
68
14
110
79
24
105
74
17
112
81
24
118
88
28
117
87
25
112
82
20
107
76
12
103
72
8
100
69
5
114
71
28
137
94
51
149
108
64
137
99
54
120
86
41
110
77
32
94
66
19
78
51
4
86
62
16
112
88
44
144
121
77
155
130
89
148
123
82
143
118
77
123
98
58
87
66
37
55
42
36
51
41
42
48
35
27
74
52
29
115
78
33
161
110
47
204
132
58
186
114
40
146
92
30
131
88
43
101
64
37
68
33
13
84
48
24
104
60
33
98
42
7
117
55
16
121
58
15
155
91
45
165
95
43
163
87
27
178
94
24
226
134
57
246
151
69
216
125
42
207
124
44
214
142
68
172
114
50
135
90
31
114
77
24
89
57
6
90
58
7
97
67
13
98
67
12
88
57
2
108
79
23
118
88
34
96
69
14
97
70
15
107
80
25
92
67
11
93
68
12
103
76
21
111
84
28
116
87
29
118
89
29
122
92
30
120
88
27
114
82
21
113
68
26
128
85
42
138
95
50
133
92
46
121
85
35
113
80
29
103
72
18
93
63
9
95
68
15
112
86
37
134
110
62
140
117
73
133
110
68
128
104
66
107
83
47
69
49
24
48
37
35
48
39
42
47
34
25
72
51
24
114
76
27
166
113
47
203
138
58
185
116
38
166
105
40
119
71
23
89
58
30
64
36
22
70
38
23
114
72
48
132
70
33
118
51
6
158
97
53
171
110
65
195
126
71
201
121
58
200
112
40
231
138
60
247
152
68
209
118
35
208
125
45
211
137
64
166
105
38
133
83
22
119
78
22
99
63
11
98
68
18
103
75
25
93
63
9
95
66
10
116
87
31
123
96
41
106
79
26
99
73
20
101
75
22
91
65
12
104
78
25
103
77
24
103
76
21
103
74
18
103
74
16
109
79
19
118
86
25
127
93
32
116
73
28
121
78
33
125
84
38
124
86
37
120
84
34
112
79
26
106
75
21
102
72
18
100
73
20
107
81
30
119
95
47
121
97
51
114
89
48
109
83
46
90
64
29
55
33
9
47
34
28
51
39
39
48
34
23
71
47
19
112
74
27
166
112
48
204
138
62
183
114
39
165
103
42
96
45
0
86
52
27
80
51
35
70
37
20
119
75
50
137
75
34
89
23
0
104
46
0
161
101
51
190
121
64
171
93
27
198
110
36
245
152
72
243
151
66
198
109
25
210
129
48
207
135
61
158
97
32
129
79
20
123
82
28
108
75
24
109
78
31
112
81
34
97
65
14
106
75
21
118
87
33
119
89
37
109
82
29
102
74
24
99
71
21
98
70
20
113
86
33
105
75
23
98
68
14
100
69
14
102
70
13
106
71
13
119
83
23
133
97
35
126
83
38
121
80
32
119
81
32
121
85
35
117
84
31
107
76
22
100
70
16
97
70
15
98
72
19
103
77
26
110
87
37
107
83
37
99
71
31
96
68
29
85
57
20
59
35
7
51
34
24
55
40
33
52
35
19
72
47
17
113
72
26
165
111
51
201
134
63
180
110
40
160
95
37
82
29
0
75
39
15
83
54
38
76
43
24
114
70
43
137
76
32
107
41
0
49
0
0
116
59
6
149
83
23
136
61
0
203
117
40
238
147
66
224
134
48
214
125
41
214
133
54
204
134
62
152
92
29
125
76
18
126
86
34
115
81
33
112
81
35
110
79
33
108
76
27
115
81
33
108
76
27
100
70
20
102
74
24
103
75
27
103
75
27
108
80
30
113
83
33
99
69
17
96
65
11
108
75
21
118
83
27
116
80
22
120
81
22
129
91
29
126
85
37
119
82
30
117
81
29
118
85
32
114
83
29
103
74
18
93
66
11
90
65
9
92
66
13
98
72
21
108
82
33
104
77
32
92
63
21
91
61
23
94
62
24
80
51
21
56
35
18
55
37
23
52
31
12
74
47
17
115
74
30
163
108
52
201
133
68
183
112
48
162
97
43
88
33
0
63
25
2
73
42
24
85
50
28
116
73
41
156
95
48
185
123
66
113
58
2
89
32
0
147
83
19
190
118
44
227
144
64
212
123
39
214
126
39
233
147
64
212
133
56
201
133
62
147
89
26
122
73
17
124
84
33
111
77
31
104
73
29
99
68
24
115
82
37
115
83
36
100
68
21
90
59
12
98
70
22
108
80
33
109
81
34
112
84
36
109
79
29
92
62
10
89
58
4
109
76
22
127
90
35
126
87
30
120
81
22
120
80
19
114
78
26
114
78
26
112
79
26
110
79
25
107
78
22
101
74
19
93
68
12
88
62
9
87
61
10
93
67
18
105
78
31
103
74
30
92
60
19
96
62
24
105
70
32
100
67
36
62
35
14
55
33
12
51
27
3
81
50
19
120
77
34
162
107
53
199
131
70
189
117
58
161
93
44
102
44
7
71
29
7
79
44
25
101
65
41
125
81
46
164
107
54
223
161
100
203
149
89
104
50
0
201
138
69
251
182
105
225
144
62
208
122
37
239
153
66
216
131
48
206
129
51
197
128
59
144
85
25
117
67
14
116
75
27
102
68
23
95
63
22
91
59
18
110
79
35
107
76
32
100
69
25
93
64
20
98
69
25
109
82
37
111
84
39
104
76
29
104
76
28
89
59
9
82
50
0
97
64
11
116
81
25
121
85
27
117
78
19
113
75
13
100
67
14
106
75
21
105
75
21
97
70
15
94
69
13
95
73
16
93
70
16
87
64
10
85
62
10
89
63
14
99
71
24
102
71
25
96
61
19
102
64
25
112
73
34
109
70
37
78
44
17
62
32
6
53
26
0
89
56
23
124
81
39
156
100
51
192
123
66
191
116
61
165
94
48
108
48
12
84
39
16
88
51
32
109
72
45
141
97
58
176
119
63
214
154
91
225
174
109
142
89
23
238
178
106
255
187
109
222
144
61
222
138
50
248
164
76
199
117
33
203
127
51
195
128
60
142
86
27
113
66
14
112
69
24
99
62
20
97
63
25
97
65
26
100
71
29
96
67
25
100
73
30
96
69
26
84
60
16
96
72
28
106
82
38
91
67
21
98
71
24
88
62
13
81
54
1
87
57
3
100
69
14
109
77
18
110
76
15
106
70
10
92
62
10
103
73
21
101
74
21
88
62
9
83
60
6
91
70
15
92
71
18
85
64
11
86
63
11
86
60
11
96
65
19
100
66
21
99
60
17
109
65
26
116
71
32
110
66
31
94
55
22
71
36
6
61
28
0
96
60
26
127
82
41
149
92
46
183
114
59
186
110
58
177
104
59
112
48
13
86
38
15
84
43
21
101
61
33
157
114
72
206
150
91
222
163
97
224
173
107
168
115
47
239
179
106
244
176
95
251
173
88
223
142
53
220
136
48
215
134
52
201
127
52
195
130
62
144
88
29
115
65
14
111
68
23
101
62
21
104
69
31
110
76
39
96
67
27
87
63
19
97
73
29
89
66
24
66
43
1
80
59
16
100
79
36
84
63
18
88
66
19
88
66
17
86
63
11
86
60
7
92
65
9
102
73
15
103
73
13
98
68
8
82
54
4
82
56
5
83
60
10
86
64
14
84
64
13
79
59
8
78
58
7
82
62
11
72
50
0
93
66
19
93
62
16
100
63
19
112
69
27
122
74
34
127
78
38
105
55
18
98
52
16
88
45
11
66
30
0
104
66
30
144
99
58
130
73
27
177
107
55
174
98
46
187
113
68
121
56
18
83
32
5
97
52
29
88
47
17
113
68
26
193
137
78
223
164
96
176
126
57
115
62
0
210
148
73
244
176
95
223
145
60
217
136
47
226
142
56
207
126
44
195
121
46
218
153
87
144
87
31
108
58
9
113
68
26
99
57
19
109
71
34
106
72
35
87
59
19
92
69
27
95
72
30
84
63
20
66
47
5
59
40
0
67
50
7
78
61
17
66
49
3
75
57
9
82
62
11
84
63
10
84
63
8
86
64
7
85
63
5
84
60
0
79
55
9
75
51
5
75
53
6
80
59
12
83
65
17
82
64
16
81
63
15
82
64
16
69
47
0
85
58
13
85
52
7
98
59
16
112
67
25
119
68
25
123
70
28
105
50
11
117
63
25
104
56
18
82
39
5
101
58
23
143
95
55
133
76
30
170
101
46
183
106
52
195
119
70
154
85
44
101
46
16
86
40
14
75
32
0
85
38
0
154
97
41
204
146
80
155
102
34
137
83
11
196
134
57
189
121
40
180
102
17
213
131
45
221
137
51
203
122
41
201
127
54
217
149
84
142
83
27
103
51
3
108
61
19
93
49
10
101
58
23
95
60
22
96
67
27
94
69
28
89
66
24
76
55
12
61
42
0
55
38
0
61
44
1
66
51
8
61
47
2
69
52
6
73
57
8
74
56
6
76
59
7
85
65
12
89
70
14
91
70
13
76
53
12
67
45
4
63
44
2
70
53
10
79
62
19
83
66
23
83
66
23
84
65
22
72
49
7
84
55
13
86
51
9
108
67
23
122
73
30
121
68
24
127
68
24
117
55
14
133
74
34
119
63
26
94
48
14
91
47
12
136
88
48
135
78
32
158
89
32
191
115
57
191
114
60
185
114
68
128
69
35
87
38
8
71
26
0
77
30
0
143
86
33
206
148
85
192
139
73
207
150
79
228
164
90
197
126
46
179
101
18
224
142
56
222
137
54
215
134
53
209
132
60
210
142
79
137
76
21
100
46
0
107
56
13
95
47
9
99
53
17
93
54
15
96
63
22
90
61
19
81
53
13
71
46
5
64
41
0
64
42
1
67
48
8
71
54
11
68
51
8
72
55
11
72
55
9
69
52
6
72
56
7
82
64
14
90
73
21
95
75
22
70
47
13
61
41
6
57
39
3
61
45
9
69
53
17
73
58
19
76
61
22
81
63
23
73
50
9
85
56
16
92
57
15
119
76
33
129
78
33
121
64
19
132
69
25
131
67
23
138
73
33
126
63
28
99
49
16
79
33
0
128
81
39
136
80
31
150
81
22
194
118
56
177
101
41
193
121
70
152
92
55
99
49
16
76
30
0
107
58
18
184
128
79
231
172
114
231
175
112
239
180
112
255
189
115
240
167
90
196
115
33
215
130
47
208
123
40
214
131
53
211
134
64
201
131
69
134
71
17
103
47
0
111
58
16
105
56
16
108
60
22
104
59
20
103
61
21
98
60
21
91
56
16
84
50
12
76
46
8
75
47
8
77
51
14
80
56
18
83
61
22
83
64
22
80
61
19
74
55
12
73
55
9
79
61
15
87
66
19
88
68
18
62
41
12
57
38
8
53
36
6
54
39
8
56
41
10
58
43
10
64
50
15
74
56
20
64
42
3
81
53
13
95
58
16
120
75
33
124
71
27
115
54
9
132
66
18
140
72
27
140
68
30
127
61
27
99
44
13
74
25
0
125
76
35
137
81
30
153
85
22
195
120
52
179
101
35
189
117
59
164
103
59
109
57
20
71
22
0
129
79
42
225
168
123
242
182
128
239
180
120
234
173
106
255
195
124
255
192
116
201
118
38
208
122
39
215
128
48
210
127
51
213
134
65
190
118
57
135
70
16
109
51
3
117
62
19
117
64
24
116
64
24
116
64
25
119
70
30
120
72
34
117
72
33
109
65
28
95
55
19
87
49
13
83
49
14
81
51
15
91
63
26
92
66
29
89
65
27
82
58
20
78
55
14
79
56
15
79
56
14
78
55
13
58
38
13
53
36
10
50
34
8
49
33
7
46
32
5
45
31
2
52
37
6
61
45
12
61
38
4
81
53
14
96
59
17
120
73
31
122
68
22
116
54
7
136
68
21
147
74
31
145
69
33
132
61
31
97
37
9
75
25
0
121
72
31
136
81
27
166
98
33
193
116
44
189
110
41
186
112
51
162
100
53
115
61
23
69
19
0
119
69
34
212
155
112
217
157
107
232
173
113
232
171
106
255
193
122
255
180
105
199
116
36
213
126
46
233
146
67
209
123
48
209
130
61
178
106
45
136
71
17
116
56
6
121
64
19
121
66
25
117
62
23
117
62
23
126
68
31
131
73
36
132
76
41
127
74
40
117
67
34
105
59
26
99
56
24
96
57
26
90
55
23
94
61
28
93
63
29
87
58
24
83
54
20
82
54
17
80
52
15
77
49
12
58
40
20
51
33
13
45
29
6
43
28
5
43
29
3
42
28
2
44
30
3
51
34
4
66
43
11
85
57
20
96
58
19
117
70
28
125
68
23
126
62
16
145
75
26
148
74
29
158
78
43
142
67
38
90
30
2
77
24
0
114
65
22
129
74
20
178
111
41
184
108
33
185
107
33
182
108
43
161
98
47
135
80
41
98
48
13
102
52
17
160
102
64
181
120
73
203
144
86
212
148
84
224
154
85
208
130
56
196
110
33
204
114
35
222
132
54
197
111
36
204
123
57
169
95
34
137
70
17
122
60
11
124
65
21
125
67
27
117
59
19
120
60
23
129
63
28
133
64
31
134
70
35
135
72
39
132
73
43
125
70
40
115
66
36
108
63
34
93
52
24
98
58
30
99
62
33
95
60
30
92
57
27
91
56
24
88
55
22
84
51
18
59
42
24
47
32
13
39
24
5
38
25
6
42
29
10
41
28
9
40
28
6
43
27
2
66
46
19
83
57
24
90
55
17
109
64
22
125
68
23
133
67
19
149
77
27
146
69
23
164
86
50
145
72
40
86
25
0
76
23
0
109
57
17
119
66
14
180
116
52
172
100
28
169
92
20
179
104
37
166
97
40
165
103
54
144
85
41
104
45
3
123
60
16
166
100
50
182
116
58
191
122
57
191
114
46
181
99
26
214
124
48
203
111
34
211
119
44
204
118
45
196
117
51
162
87
29
137
70
18
126
64
17
129
68
24
129
70
28
121
62
20
126
64
23
140
71
30
138
66
26
135
65
27
135
70
32
137
74
39
131
72
40
118
63
32
106
55
26
102
55
27
105
61
34
106
64
39
102
62
36
99
59
33
97
60
33
95
58
31
91
54
27
52
41
21
50
39
21
36
24
8
48
36
22
35
23
11
44
32
20
33
21
9
41
28
12
48
31
11
72
51
24
96
66
32
117
75
35
132
78
32
136
70
22
147
71
21
167
89
41
167
93
54
129
63
28
83
23
0
75
19
0
123
71
31
122
70
23
160
100
46
183
119
58
137
66
0
184
109
42
170
95
28
185
110
45
164
88
28
152
76
16
162
86
28
190
114
54
169
89
26
167
84
18
186
99
30
190
97
27
218
122
48
208
112
38
207
113
41
187
100
31
186
106
45
139
66
11
150
84
34
126
63
19
126
65
21
121
62
20
119
60
18
135
72
28
136
68
19
144
74
23
149
81
32
152
86
38
150
87
43
147
88
46
140
84
47
133
80
46
119
70
38
118
71
43
114
70
43
108
66
42
103
61
39
100
59
37
102
61
41
104
63
43
46
38
15
49
41
20
42
33
15
56
44
30
41
27
16
45
31
22
37
23
14
45
31
20
42
26
10
63
43
19
86
57
27
111
72
33
134
79
36
140
74
24
148
71
19
162
82
33
157
85
44
131
67
29
88
28
0
79
21
0
127
74
34
136
83
39
162
106
57
171
110
56
136
68
7
188
113
46
181
101
32
185
102
32
164
80
10
162
77
10
174
90
26
195
111
49
173
88
24
172
84
20
190
98
31
191
97
27
213
115
44
201
104
33
198
105
36
182
94
30
175
96
39
133
61
10
147
80
35
123
62
18
121
62
20
118
59
17
117
55
14
130
66
20
140
70
18
150
79
23
157
88
33
158
91
39
154
90
42
150
89
44
142
85
42
136
80
43
123
70
36
120
71
39
117
70
42
112
66
42
105
60
37
102
57
36
100
57
38
102
59
40
38
28
1
45
35
10
47
35
13
58
42
26
43
27
12
41
25
12
35
18
8
44
28
13
41
24
6
61
39
15
82
53
21
111
69
31
137
82
39
145
77
28
148
68
17
154
74
25
153
80
37
137
72
30
95
33
0
84
26
0
132
77
36
149
94
51
164
106
58
157
94
41
140
69
11
185
110
45
183
102
36
176
91
24
158
73
6
164
79
14
177
93
31
187
105
45
177
93
33
179
94
30
193
104
38
192
99
32
200
106
36
188
94
24
184
92
25
171
85
24
163
86
30
130
58
8
147
83
39
124
62
21
120
61
19
116
57
17
114
52
11
125
61
17
141
71
19
155
84
28
165
96
41
164
97
45
158
92
42
151
89
42
143
84
40
137
79
41
124
70
34
122
69
37
117
66
35
111
61
34
104
57
31
100
54
30
100
54
30
100
56
31
38
27
0
43
29
0
47
31
6
53
35
13
45
26
9
40
21
6
38
19
5
43
24
9
46
25
4
66
42
16
89
56
25
113
71
33
141
84
41
147
79
32
148
68
19
152
70
22
157
83
38
142
75
32
96
33
0
92
33
0
136
78
38
151
94
51
157
96
49
148
85
32
146
75
17
171
93
31
174
90
26
167
82
17
158
73
9
162
76
15
170
85
28
174
92
36
178
98
39
182
100
40
193
105
42
192
100
37
187
94
27
175
83
16
168
80
16
161
79
19
157
81
29
132
61
15
153
90
47
125
66
26
121
62
22
117
58
18
115
53
12
124
60
16
141
71
19
159
88
34
170
100
48
168
98
47
158
92
42
151
87
39
145
82
38
136
77
35
128
70
32
123
67
30
116
62
28
110
57
25
104
53
22
103
54
24
104
55
25
104
57
27
55
39
5
50
34
0
52
33
3
53
32
5
58
33
11
51
25
8
50
27
9
51
29
8
47
22
0
70
43
16
92
57
25
114
68
32
137
80
37
148
77
31
151
70
23
156
74
26
159
85
36
140
72
25
92
28
0
102
39
0
135
76
34
146
87
43
148
85
41
153
87
37
153
80
25
147
68
9
157
73
11
160
74
13
161
75
16
156
69
13
156
70
17
158
77
24
167
87
34
174
93
38
179
94
37
181
92
32
170
80
18
166
76
14
160
74
15
160
79
24
152
78
29
132
65
20
158
95
54
125
65
28
117
57
20
117
58
18
117
55
14
126
62
18
143
73
22
162
91
37
173
101
50
167
97
45
157
90
38
154
88
38
148
84
36
140
77
33
138
77
33
131
72
30
123
65
25
116
61
22
113
59
21
116
62
26
118
65
31
120
67
33
70
51
11
62
40
1
63
38
5
58
31
2
67
39
15
58
30
8
63
35
14
61
35
12
51
23
0
73
42
14
92
53
20
109
61
23
133
74
32
148
77
33
155
74
29
161
79
31
158
82
32
144
72
22
96
28
0
108
44
0
131
70
26
141
80
36
143
79
35
157
89
42
156
83
30
130
51
0
147
62
5
152
65
9
158
71
17
148
62
9
145
62
12
147
65
17
146
68
19
155
78
26
156
75
20
164
79
22
153
67
8
160
74
15
158
76
20
164
87
35
145
74
28
129
64
22
157
95
56
119
59
22
109
49
12
116
54
15
121
58
17
133
66
23
149
79
28
166
95
41
174
102
51
166
94
43
160
90
38
163
93
42
158
91
39
150
82
33
153
87
39
147
83
37
140
77
33
136
75
31
134
75
33
135
77
37
135
80
41
136
81
42
83
59
15
74
50
6
82
52
14
73
40
7
82
48
20
68
34
7
75
43
18
75
43
18
70
39
11
85
50
20
92
52
17
105
55
18
132
70
29
150
78
37
156
75
30
160
78
30
155
78
26
157
84
33
111
41
0
114
47
2
122
59
16
138
75
32
138
74
30
148
80
33
153
79
30
126
46
0
150
67
13
142
56
3
146
60
9
144
58
9
144
62
14
139
61
13
135
61
14
143
69
20
140
63
11
153
72
17
142
60
4
158
75
21
160
79
26
169
93
44
138
70
25
126
63
22
152
92
55
112
52
16
103
43
6
116
54
15
129
64
22
145
77
32
160
88
38
174
101
48
177
104
51
168
95
42
165
94
40
173
102
48
172
101
47
163
91
40
166
96
45
161
93
44
158
92
44
155
91
45
155
92
48
153
92
48
147
88
44
144
85
41
95
67
19
92
61
15
103
70
29
90
55
17
98
59
26
79
39
11
90
53
26
91
55
29
92
57
29
98
62
30
97
54
19
103
54
14
133
71
30
152
80
39
156
75
32
155
73
26
157
77
26
174
98
46
127
55
5
116
49
4
114
51
8
136
73
32
133
68
26
136
68
23
149
75
28
129
49
0
158
75
25
135
49
0
134
51
1
141
57
10
147
66
21
138
61
17
136
63
18
143
70
25
136
60
11
148
71
19
139
58
5
158
77
24
158
80
31
170
96
49
135
68
25
125
62
21
151
91
54
109
49
12
102
40
3
119
56
15
139
72
29
157
86
40
167
95
44
179
106
51
179
106
51
171
96
41
172
97
40
183
108
51
183
108
51
173
98
43
171
98
45
170
98
47
169
99
48
169
101
52
168
102
54
162
98
52
152
90
43
146
83
39
113
79
31
108
74
28
118
81
37
122
83
44
109
66
32
98
55
23
95
54
24
91
51
23
119
83
51
110
71
38
101
57
20
93
44
4
145
83
42
147
75
34
148
69
26
147
65
18
160
80
27
164
87
33
151
79
29
130
62
15
103
38
0
117
54
13
150
85
45
138
69
27
140
66
21
137
59
13
143
61
13
142
58
11
154
72
24
157
76
29
136
57
14
138
63
21
139
68
24
130
59
15
117
43
0
137
61
11
154
77
25
157
80
28
169
93
44
164
93
47
134
67
24
144
81
40
140
80
43
97
37
0
120
57
16
131
64
22
152
81
35
169
97
47
169
96
41
181
106
49
184
109
51
179
103
45
179
103
43
187
111
51
191
112
53
186
107
50
183
106
50
184
109
54
185
112
59
186
114
63
182
114
65
173
107
59
159
95
49
150
86
40
116
78
29
121
83
36
138
97
53
142
98
59
127
81
47
114
69
36
107
64
32
94
53
21
122
81
49
114
74
39
103
59
22
96
47
7
142
83
41
144
75
33
145
68
26
146
65
18
163
83
30
163
86
32
147
75
25
127
59
12
104
39
0
119
55
17
152
87
49
137
69
30
135
62
21
134
57
13
142
61
14
143
61
14
155
74
27
156
78
32
138
61
19
144
71
28
122
53
11
117
49
4
113
41
0
142
68
19
168
92
42
171
95
45
172
100
50
160
89
43
134
70
26
144
81
40
139
77
38
104
42
1
129
65
21
141
73
26
160
86
37
175
100
45
174
99
41
181
105
45
183
107
45
182
104
42
189
111
47
201
121
58
202
122
59
194
114
53
190
111
52
187
111
53
185
110
55
182
110
59
179
109
60
171
105
57
161
97
51
155
91
47
107
66
20
122
79
34
144
99
57
149
101
63
138
88
53
136
87
55
131
85
52
116
71
38
122
82
47
119
76
41
105
61
22
100
51
10
138
81
38
141
74
31
140
65
23
143
65
19
163
83
30
161
84
30
144
72
22
127
59
14
105
42
1
120
56
20
151
87
51
138
70
33
131
59
19
131
56
14
141
63
17
141
63
17
151
74
28
150
76
31
134
61
18
143
74
32
114
47
4
113
46
1
113
43
0
150
78
28
183
110
59
186
113
62
176
104
54
147
79
30
135
71
25
146
83
40
136
73
30
116
52
8
143
75
28
154
82
31
171
94
40
181
102
43
181
103
39
185
107
41
186
108
42
190
111
44
203
122
56
214
134
65
212
131
65
202
121
56
195
115
54
194
115
58
191
116
61
186
114
63
176
108
59
166
99
54
154
91
48
149
86
45
104
61
18
119
74
32
138
89
49
137
85
48
129
76
42
139
86
54
143
94
62
129
83
50
122
79
45
120
77
42
105
61
22
103
54
13
133
76
33
137
74
31
133
61
20
141
64
18
156
76
23
159
82
28
149
77
27
134
66
21
107
43
5
116
53
18
148
85
50
138
72
37
132
62
24
131
58
17
142
65
21
141
64
18
146
72
25
142
71
25
126
58
13
141
74
31
125
61
17
125
58
13
121
53
4
157
85
34
192
119
66
195
122
69
176
104
53
136
69
17
136
72
24
150
88
41
133
71
24
128
62
14
152
82
30
162
87
30
179
99
40
189
108
45
187
108
41
192
114
42
198
120
48
204
124
53
215
133
60
222
138
66
217
133
63
206
123
57
191
110
47
196
117
58
198
123
68
187
115
65
166
98
53
144
79
37
130
68
29
124
64
28
110
65
24
121
73
33
132
83
43
128
76
39
121
67
33
130
77
45
133
82
51
119
70
38
120
76
41
120
78
40
101
57
18
104
57
15
128
73
30
137
76
32
129
60
18
138
64
17
145
68
16
158
81
27
156
84
36
141
74
31
108
44
8
108
48
14
142
82
48
139
75
40
136
68
31
133
61
20
140
67
22
140
68
20
146
76
27
142
74
27
127
63
17
144
82
35
146
84
37
143
79
31
132
65
13
160
89
35
193
120
65
199
126
71
179
108
54
133
66
13
139
73
23
155
91
43
130
67
16
138
71
19
158
85
30
167
88
29
186
102
38
199
114
47
195
115
42
204
125
48
214
135
58
221
139
63
223
140
64
222
136
63
215
128
57
206
121
54
192
111
46
197
118
59
193
117
65
171
101
52
138
71
29
113
49
13
104
44
10
105
46
16
106
61
20
114
66
28
129
77
40
133
79
45
129
74
43
133
78
47
130
77
46
111
62
30
118
74
39
119
77
39
96
52
13
106
59
17
127
74
30
141
82
38
129
62
19
138
66
18
141
65
13
157
81
29
160
90
41
146
79
37
106
43
8
103
43
9
139
79
45
141
78
43
140
75
37
131
64
22
138
67
23
140
70
21
149
81
32
148
82
32
135
73
24
155
95
45
160
98
49
158
95
44
143
76
23
162
91
35
191
119
61
200
128
70
183
112
56
137
70
15
143
77
25
158
92
40
122
56
4
143
74
19
164
89
31
174
94
31
197
110
43
208
122
49
208
127
48
216
135
54
226
145
64
231
148
68
229
144
64
221
135
58
213
127
54
206
122
52
210
126
62
202
123
64
181
108
55
149
81
36
116
51
13
97
37
3
100
43
14
109
53
26
109
61
23
109
59
22
124
71
37
139
84
53
141
84
54
140
85
55
132
79
48
113
64
32
118
74
39
118
76
38
92
50
10
106
61
19
129
76
32
148
89
45
130
66
22
140
70
21
146
70
18
158
82
30
158
87
41
144
76
37
105
42
7
100
41
9
138
79
47
140
80
46
145
81
45
132
64
25
132
64
19
136
68
21
149
83
33
148
85
34
137
77
27
156
98
48
165
103
52
169
103
51
154
87
32
167
96
40
191
119
61
199
127
69
183
112
54
138
72
14
149
84
30
158
93
39
108
41
0
142
73
14
171
95
33
187
106
40
208
119
49
216
128
52
222
139
59
222
141
59
227
145
63
231
149
67
232
147
66
227
140
61
219
133
58
212
128
58
219
135
71
199
120
63
167
94
43
134
65
23
110
46
10
103
44
14
111
55
30
120
65
42
125
77
39
116
66
31
125
72
40
141
86
55
143
86
57
137
82
52
128
75
44
111
62
30
118
74
39
119
77
39
90
48
8
108
63
21
130
79
34
154
95
51
134
70
26
143
73
24
153
77
25
159
83
31
154
83
37
140
72
33
103
40
5
101
42
10
138
79
49
140
79
48
150
86
50
133
65
26
130
62
17
132
64
17
145
79
29
143
81
30
130
72
22
151
93
43
165
103
52
174
109
55
161
94
39
171
100
44
191
119
61
197
125
66
180
109
51
136
67
10
156
89
34
156
91
37
98
31
0
140
70
10
177
102
37
199
116
48
217
129
57
222
132
54
231
149
67
225
145
60
224
142
58
230
145
62
235
148
68
233
146
67
225
139
64
218
134
64
211
127
63
186
107
50
151
77
28
123
54
12
111
47
12
111
51
23
114
59
36
118
66
44
