70
124
194
71
123
198
76
120
206
80
120
208
84
118
205
86
119
198
83
120
188
82
122
184
78
121
187
70
114
187
79
123
209
78
122
211
82
124
208
84
126
200
73
114
170
79
116
169
80
114
177
72
107
175
91
131
203
65
108
184
74
119
200
85
132
214
59
104
185
73
114
194
79
115
193
81
113
190
82
111
187
82
109
186
80
109
187
77
110
189
74
111
192
73
111
194
71
124
192
74
124
197
78
120
204
82
119
207
84
118
205
85
118
197
82
119
187
81
121
183
82
125
191
73
117
190
76
121
204
67
111
198
73
114
196
87
127
197
89
126
179
99
135
187
80
111
175
81
114
183
53
91
162
77
119
193
70
116
191
66
114
190
73
121
195
76
120
193
76
114
185
78
112
183
78
111
180
79
109
181
76
108
183
75
108
189
72
108
192
71
108
196
76
124
188
79
123
192
82
120
201
84
118
205
85
117
202
84
117
196
81
118
186
79
119
181
74
118
181
72
116
187
82
124
206
73
113
198
77
114
192
90
125
191
81
113
162
81
109
157
104
129
193
105
132
201
85
118
187
98
137
204
80
125
192
58
108
171
77
127
186
66
115
173
74
119
174
76
117
173
78
114
174
76
111
177
75
109
183
73
108
190
72
107
197
71
107
201
80
125
184
82
123
187
84
120
198
86
118
201
85
117
200
83
116
193
80
117
185
77
118
180
68
114
176
70
114
183
83
126
205
79
117
198
84
118
192
92
122
184
70
97
140
56
80
116
52
73
118
50
73
125
89
120
174
74
110
168
74
119
178
71
121
182
77
128
191
72
124
184
74
123
182
76
120
181
78
118
180
77
115
180
76
113
183
75
113
188
74
113
192
74
112
195
84
123
178
84
122
184
86
120
194
85
118
199
84
117
198
81
117
193
78
117
184
74
118
179
75
123
185
69
116
184
76
119
197
72
109
189
82
112
182
92
117
173
71
94
128
60
78
98
84
102
114
72
94
108
75
102
129
90
125
165
81
123
181
83
132
201
61
112
193
63
113
198
72
120
205
74
119
202
75
117
193
76
116
185
76
116
178
76
117
173
75
118
169
75
118
169
84
121
174
85
121
181
85
119
191
85
118
199
82
117
198
80
117
195
76
119
187
72
120
182
76
126
189
67
116
183
77
120
198
77
114
192
83
112
178
85
108
158
65
82
112
59
73
84
99
111
107
95
110
107
0
18
30
86
117
148
72
112
164
82
129
199
67
118
201
76
127
218
69
118
210
71
116
205
73
116
195
73
116
185
74
116
176
74
117
168
74
118
163
74
119
161
81
120
175
81
119
181
82
118
192
82
117
199
81
117
201
77
118
197
73
120
188
71
122
187
69
123
187
62
115
183
80
128
204
87
126
201
89
119
183
86
108
155
76
92
117
91
101
110
203
207
206
204
210
210
64
80
93
100
125
153
83
120
165
81
127
187
69
119
192
72
125
203
69
122
202
71
120
199
71
117
192
72
116
185
72
115
181
74
115
177
74
116
174
74
116
174
79
120
176
79
119
181
80
117
195
80
118
201
78
118
203
77
120
199
73
122
191
70
124
188
70
128
192
62
117
184
77
125
199
84
124
196
87
117
177
97
120
164
116
132
155
159
168
175
251
250
248
255
255
255
167
177
187
85
105
130
88
121
162
86
129
182
74
123
189
78
130
203
72
124
199
73
122
198
74
121
193
75
119
190
75
118
187
75
118
186
75
118
184
77
118
184
76
122
181
74
119
184
85
128
206
70
112
198
80
122
208
64
109
190
74
124
193
68
123
187
62
120
183
88
143
208
67
115
187
81
121
191
90
122
179
90
113
155
106
123
143
200
208
211
247
244
239
246
241
237
213
217
226
90
107
127
92
120
157
91
128
180
84
128
191
78
125
195
78
126
200
69
115
192
80
123
199
79
121
195
79
121
193
80
122
194
70
112
184
80
122
194
68
120
180
65
114
181
78
124
202
72
116
202
87
129
215
74
120
198
80
129
196
75
129
189
70
126
185
71
125
187
71
118
186
84
123
188
90
121
175
58
82
120
99
116
132
205
213
213
235
231
219
255
252
238
229
231
230
132
145
161
96
120
154
90
122
171
83
121
184
80
120
192
83
125
201
78
119
198
86
125
202
76
115
190
79
119
191
89
131
203
77
121
190
75
119
188
73
129
190
64
117
185
69
116
196
68
110
194
78
119
201
67
109
183
73
117
178
74
121
175
72
122
173
68
115
169
87
128
190
87
123
183
95
123
171
68
91
125
134
152
164
224
234
226
244
240
215
255
255
228
252
254
243
206
216
225
132
151
181
87
113
162
82
111
177
86
118
195
82
114
197
82
114
197
95
128
209
85
121
197
77
116
185
77
120
186
71
117
179
80
129
188
59
117
180
59
112
180
68
114
192
76
117
197
82
119
197
77
112
180
79
116
169
84
122
167
76
115
158
80
118
163
88
124
176
71
101
153
84
107
151
119
139
166
190
207
215
236
243
235
244
240
215
251
245
219
247
247
235
244
252
255
174
189
210
85
105
142
86
109
159
94
120
179
96
121
187
79
106
175
87
115
186
86
119
188
82
119
187
76
116
185
65
109
178
79
126
194
53
109
170
62
113
179
71
114
190
81
117
193
79
107
178
79
105
164
80
104
148
85
111
144
100
126
157
90
116
149
58
81
123
39
60
103
53
69
105
138
153
174
199
210
212
215
220
213
246
239
231
242
233
226
250
249
245
248
252
253
225
236
242
142
159
169
157
176
191
148
170
191
148
169
196
124
147
181
106
130
176
81
110
166
80
115
183
90
129
208
72
116
203
65
110
203
67
121
181
74
124
187
68
108
178
72
102
174
76
97
160
110
128
178
133
148
181
149
164
187
185
200
221
144
159
182
85
98
132
82
94
130
98
107
136
177
186
203
220
229
226
245
248
239
247
243
234
252
245
239
255
255
250
242
244
239
249
255
253
215
230
225
224
240
237
199
217
219
188
205
213
196
215
232
175
196
227
99
125
173
64
95
159
82
121
200
77
120
212
65
111
207
63
115
172
75
121
181
63
100
168
74
99
165
94
109
166
159
168
211
189
195
221
201
207
221
166
172
184
126
132
146
92
96
121
102
106
135
133
138
160
174
178
189
208
213
207
239
242
225
243
241
220
245
243
220
255
255
238
236
240
225
251
255
248
216
226
218
181
191
190
165
176
180
163
173
183
184
197
214
180
197
225
110
133
174
62
93
148
68
107
174
68
116
192
70
121
202
53
102
161
71
117
179
64
101
169
72
99
166
79
99
158
125
139
188
115
128
162
97
109
135
101
113
135
88
100
122
97
107
134
111
118
146
162
169
188
179
183
192
214
217
208
237
239
218
255
255
228
247
246
218
253
255
234
252
255
244
246
255
248
181
195
195
96
110
119
102
119
135
97
115
137
88
109
138
95
119
157
85
113
160
77
112
166
76
117
179
62
109
177
69
117
189
67
111
182
67
111
182
70
110
182
71
109
180
74
109
177
74
109
173
74
110
170
74
111
166
80
117
169
82
116
162
79
111
150
137
162
193
161
178
196
183
192
197
209
212
205
235
234
216
248
243
221
245
243
222
250
252
239
249
255
253
238
255
255
178
201
217
83
114
142
78
113
151
76
114
159
73
114
166
72
114
172
70
114
175
70
114
177
70
113
181
70
113
182
70
113
182
69
111
185
69
111
185
69
111
183
69
111
183
69
111
185
68
112
185
66
113
185
66
113
183
66
114
180
70
115
174
71
112
158
134
164
198
164
183
200
190
200
202
215
216
208
240
234
218
251
245
223
249
244
224
252
252
242
246
254
254
233
251
255
163
191
215
74
109
147
69
113
162
68
117
175
67
117
180
66
117
183
66
116
185
68
115
183
70
115
182
73
113
182
74
113
180
73
113
182
73
113
182
73
113
183
73
113
183
73
113
185
73
112
187
72
114
188
71
115
188
68
113
180
72
114
174
74
110
158
138
164
197
171
187
202
201
207
207
222
220
207
239
231
210
252
242
217
251
243
220
254
252
239
247
253
251
231
247
255
152
176
202
73
105
146
69
109
160
70
114
175
67
115
181
67
114
184
67
114
184
69
113
182
70
113
181
73
112
177
74
112
177
74
115
179
74
115
179
75
114
181
76
115
184
76
114
185
76
114
189
75
114
191
76
115
190
73
113
183
78
116
178
80
112
161
140
165
196
178
192
205
210
215
211
228
222
206
236
226
201
246
235
205
249
239
212
254
251
234
252
254
251
238
250
255
145
166
195
76
105
147
74
109
165
69
110
174
67
111
182
67
111
184
67
111
184
68
111
180
71
112
178
72
111
176
73
111
174
70
112
172
71
112
174
72
111
176
73
110
178
74
111
182
74
110
186
74
111
191
74
111
189
73
111
184
80
115
179
80
110
160
143
163
196
184
196
208
223
226
219
238
231
212
238
227
197
241
228
194
245
234
204
253
248
229
255
255
253
247
255
255
142
159
189
81
107
155
80
112
171
72
109
179
70
109
184
69
111
187
69
111
185
72
112
182
73
112
179
75
113
176
75
113
175
63
108
165
66
108
168
67
107
169
69
106
174
70
107
178
70
106
184
70
107
188
70
107
188
70
106
184
77
110
179
78
105
158
140
160
195
189
201
213
236
239
232
250
244
222
244
233
203
241
228
194
243
234
203
251
246
227
253
255
252
247
255
255
135
151
185
84
110
159
81
112
176
74
110
184
73
112
191
71
112
192
72
114
190
75
115
187
76
115
182
77
117
179
78
116
178
63
110
164
63
110
166
67
108
170
69
108
175
69
107
180
70
107
187
71
107
191
71
107
191
68
105
185
76
110
181
74
103
159
136
158
195
191
204
220
242
247
243
254
252
231
244
237
208
248
239
206
244
239
210
246
244
229
247
251
252
245
255
255
124
142
180
82
107
163
78
108
178
73
109
187
71
109
192
70
111
193
71
112
192
72
114
188
75
115
184
76
116
178
77
117
178
65
115
168
67
114
170
69
113
174
72
113
179
73
111
184
74
111
191
75
111
195
75
111
197
72
109
190
77
114
185
74
105
162
133
158
196
189
205
221
241
250
247
253
254
236
241
237
210
253
249
220
245
243
220
240
244
230
240
248
251
241
255
255
115
134
176
77
103
160
72
105
176
68
105
185
68
106
189
66
107
189
66
109
188
68
110
184
71
111
180
73
113
175
73
113
174
69
120
173
61
110
166
61
106
165
66
107
173
66
104
175
62
99
177
65
103
184
75
113
196
78
117
196
83
120
191
64
99
155
93
121
161
186
207
226
241
252
254
237
243
229
239
241
219
244
246
224
253
255
240
232
239
232
243
255
255
214
231
255
89
112
154
80
109
167
71
104
173
66
103
181
68
106
187
69
110
190
68
111
187
66
109
178
67
108
172
70
110
171
72
112
171
81
131
182
72
119
173
68
110
168
69
109
170
72
110
175
70
107
178
66
102
178
63
101
176
62
100
173
73
111
176
84
119
173
97
127
165
138
160
181
204
219
222
237
247
236
227
234
218
248
255
239
245
253
242
234
244
243
225
239
250
142
162
187
101
124
165
84
114
166
93
124
188
84
121
191
82
120
193
79
119
191
76
116
185
72
113
177
71
111
170
73
112
167
76
113
166
99
143
192
96
138
188
86
126
178
77
114
167
75
110
168
80
112
173
81
115
179
78
113
179
81
116
180
68
104
162
81
115
163
84
114
150
99
122
140
179
197
201
222
233
227
172
180
169
216
223
215
201
210
205
226
237
239
177
194
204
79
99
123
91
115
149
76
103
148
82
114
165
77
109
168
75
111
171
78
114
174
83
119
177
90
125
179
96
129
180
97
131
177
98
131
176
124
161
206
128
162
208
117
150
195
92
123
169
80
108
156
88
115
166
105
132
185
113
143
195
113
145
196
86
118
165
84
116
155
82
109
138
93
114
131
160
175
180
185
194
191
127
132
126
126
132
128
125
133
133
187
198
202
135
149
160
103
120
138
112
133
160
113
137
171
108
136
175
119
148
192
119
150
196
125
156
202
135
166
210
146
175
217
151
179
218
151
176
214
148
173
211
146
171
212
147
170
211
135
157
196
116
136
173
109
127
163
122
140
176
139
159
196
145
167
206
135
160
198
138
164
199
139
164
194
129
151
174
129
145
158
154
163
168
171
176
172
162
163
158
171
173
172
191
195
198
220
227
233
201
209
219
213
225
237
204
220
236
205
223
243
199
219
243
196
217
244
191
215
241
188
212
240
189
210
239
191
211
238
191
208
234
188
204
230
183
199
225
149
165
201
145
159
194
140
153
185
143
154
182
158
168
193
175
185
210
181
193
217
177
193
218
173
193
217
190
212
235
195
216
235
193
211
225
198
208
217
198
203
206
207
206
202
226
222
219
232
230
231
255
254
255
225
226
231
235
240
244
228
237
242
225
236
242
211
226
233
215
229
238
217
234
244
213
230
240
207
223
236
205
219
232
205
217
231
207
216
231
208
215
231
209
215
231
168
174
206
165
172
201
169
173
198
180
183
202
191
194
209
197
201
213
201
207
219
204
213
226
207
221
234
210
226
239
214
231
241
224
237
245
236
244
247
242
242
242
242
237
233
244
236
233
235
229
231
243
238
242
220
218
221
235
236
238
216
220
219
222
228
226
224
233
230
220
231
227
209
220
216
213
224
220
219
227
227
225
231
231
225
229
232
225
226
230
223
222
228
223
220
227
203
207
236
207
208
236
212
213
234
211
210
226
196
194
205
183
183
191
193
196
203
210
217
225
206
216
225
201
214
222
214
227
233
225
234
239
226
230
231
238
237
235
244
237
231
227
217
215
224
215
218
207
200
205
235
231
232
222
220
221
205
205
203
197
199
194
219
224
217
193
201
190
201
209
198
214
220
210
231
234
227
238
239
234
232
231
229
218
214
213
203
197
199
193
187
189
