174
178
181
175
179
182
172
178
178
169
175
173
163
172
169
163
171
171
164
174
176
167
176
183
172
178
190
167
170
185
183
185
200
196
196
208
217
216
222
214
214
212
203
203
195
220
220
210
222
219
212
208
205
200
208
207
203
193
192
190
198
198
198
180
181
183
192
196
199
196
201
204
188
196
199
188
196
199
189
196
202
191
196
202
192
195
202
191
194
201
190
193
200
190
193
200
188
192
195
185
189
190
181
187
185
178
184
182
173
182
179
169
177
177
162
172
174
160
167
173
165
172
182
160
164
176
166
168
181
172
172
182
202
201
206
227
226
222
218
215
206
218
216
204
216
213
204
221
218
213
211
208
203
200
199
195
186
186
184
194
196
195
190
194
195
189
194
197
194
202
205
190
198
201
185
192
198
183
188
194
181
186
192
183
186
193
186
189
196
188
191
198
203
208
211
199
205
205
196
202
200
195
201
197
191
200
195
185
194
191
175
183
185
167
175
178
159
163
172
159
161
173
186
186
196
189
188
194
147
143
142
111
106
100
122
119
104
190
187
170
203
199
188
208
204
195
214
211
204
178
177
172
182
183
178
174
176
173
192
196
197
186
191
194
179
187
189
179
187
190
180
185
189
179
184
188
178
183
187
177
182
186
177
180
185
176
179
184
194
199
202
194
200
200
195
201
199
195
201
197
192
201
196
189
198
193
184
192
192
182
187
190
177
180
185
187
187
195
177
176
182
119
114
118
41
36
32
32
26
14
35
28
9
61
54
35
171
165
151
160
156
145
169
165
156
162
159
152
172
173
167
160
162
157
176
180
179
185
191
191
172
178
178
168
176
178
168
173
176
166
171
175
166
171
175
167
172
175
170
174
177
171
175
178
171
177
177
176
182
182
180
186
182
180
187
180
178
185
178
178
185
178
182
188
184
188
192
191
195
196
198
152
152
154
125
121
122
104
96
94
27
18
9
10
1
0
33
23
0
103
93
68
194
187
169
156
150
136
138
134
122
195
193
181
208
208
200
202
205
198
170
175
171
176
180
179
178
184
184
173
179
179
166
172
172
162
167
170
165
170
173
174
180
180
186
190
191
193
197
198
170
176
176
176
182
180
182
188
184
181
188
181
178
185
177
181
186
179
191
196
190
203
205
202
209
209
209
238
234
233
236
228
226
166
157
150
50
38
24
63
51
29
97
83
54
140
129
99
114
106
85
41
35
19
45
39
25
105
101
89
213
213
203
214
215
207
204
206
201
176
181
177
173
179
177
180
186
186
190
196
196
202
208
208
211
217
217
216
222
220
220
224
223
220
224
223
180
186
186
185
191
189
189
195
191
190
197
189
192
198
188
196
202
192
207
210
201
214
217
210
214
213
209
215
210
207
222
213
208
217
207
197
142
129
110
164
148
122
180
164
130
216
201
168
174
164
139
91
84
65
48
43
24
50
47
32
154
152
140
194
196
185
208
211
204
170
175
171
190
196
194
202
208
208
221
227
227
236
242
242
241
247
245
234
240
238
222
228
224
213
219
215
177
183
183
179
185
183
183
189
185
188
195
187
194
200
190
200
206
194
208
211
202
213
214
206
215
212
207
211
206
202
199
190
183
186
174
160
134
119
98
194
177
149
205
187
151
205
189
153
235
224
196
194
186
163
53
46
27
69
63
47
65
63
50
231
231
221
232
233
227
242
244
241
236
240
239
235
241
241
234
240
240
228
234
234
218
224
222
206
212
208
193
200
193
186
193
186
180
184
187
177
181
182
174
179
175
174
179
172
179
185
175
187
193
181
195
198
189
201
201
193
195
192
187
189
182
176
192
182
173
179
165
152
139
123
100
166
149
119
190
172
134
214
199
160
218
207
175
239
232
206
108
100
79
78
71
53
73
70
55
148
148
138
211
212
206
211
213
210
207
211
210
201
207
207
194
200
200
189
195
195
186
192
190
185
191
187
184
191
184
183
190
183
178
182
185
179
183
184
182
187
183
185
190
184
187
193
183
188
191
182
187
188
180
186
185
180
192
189
184
191
183
180
198
187
181
185
171
158
140
124
101
162
145
115
184
166
128
209
194
155
229
216
184
236
226
199
163
152
130
73
66
47
72
69
54
89
86
77
171
172
167
182
184
183
181
185
186
177
182
185
174
179
182
173
179
179
175
181
179
177
183
179
179
186
179
179
186
179
201
202
207
203
204
208
206
208
207
208
210
205
206
209
202
202
205
198
198
199
193
196
195
190
197
193
190
198
193
190
209
200
195
193
181
169
143
128
109
162
147
118
179
163
127
203
187
151
222
209
177
229
218
190
210
200
175
95
86
68
66
60
46
50
46
37
127
126
122
169
171
170
171
175
178
169
172
177
165
170
174
165
170
173
165
174
171
168
177
172
172
179
172
172
179
172
200
201
206
199
200
204
197
199
198
194
196
193
192
194
189
192
194
189
195
196
191
197
198
193
205
204
202
204
200
199
211
203
200
192
183
174
145
134
116
168
154
128
182
167
134
199
185
150
214
201
169
234
220
193
232
220
196
140
131
113
53
45
32
57
52
46
89
88
86
163
163
165
173
174
179
168
171
178
163
168
174
160
165
169
157
165
165
157
166
163
158
164
160
157
164
157
179
178
186
179
178
184
176
177
179
173
175
174
173
175
172
176
178
175
183
185
182
190
190
190
198
198
200
192
190
191
194
188
188
178
171
165
139
131
116
171
160
138
185
174
144
198
188
153
220
207
175
238
224
195
243
231
207
164
153
135
51
43
32
69
64
58
67
63
64
135
134
139
161
161
169
157
160
169
154
158
167
153
158
164
153
161
163
154
162
162
153
162
157
153
162
157
156
155
163
160
159
167
165
164
169
167
168
170
167
169
168
170
172
171
175
177
176
180
181
183
179
178
183
171
170
175
173
169
170
159
154
150
131
125
113
171
164
145
188
181
153
201
192
161
221
208
176
230
215
186
252
237
214
149
138
120
60
52
41
71
66
62
72
67
71
107
106
112
158
158
168
156
159
168
157
161
170
162
166
175
167
175
178
172
180
182
176
185
182
176
185
180
150
147
158
156
153
162
163
162
168
167
167
169
166
168
167
168
170
169
171
175
176
177
178
182
168
169
174
165
164
170
168
166
169
156
152
149
128
124
113
171
166
147
189
185
160
203
196
167
221
207
178
231
216
187
252
237
214
134
121
105
61
51
42
76
68
66
88
83
87
95
94
102
170
170
182
168
170
182
169
173
184
174
178
187
178
185
191
183
191
193
185
193
193
186
195
192
176
175
180
180
180
182
185
185
187
186
186
186
185
187
186
188
189
191
196
197
201
202
203
208
170
170
178
172
171
177
178
176
181
162
161
159
130
127
120
170
166
154
189
186
167
205
199
175
228
217
189
249
235
208
252
240
216
136
124
108
50
40
30
81
73
70
91
87
88
89
88
94
178
178
188
174
176
188
172
176
187
171
175
184
170
177
183
170
178
181
168
176
178
166
174
176
191
194
183
192
195
186
195
198
189
199
201
196
201
203
200
196
197
199
187
188
192
180
179
185
172
171
179
173
172
178
170
168
173
169
167
168
129
128
123
158
155
146
188
186
174
212
207
188
222
215
187
235
226
197
255
250
224
143
134
116
56
48
35
79
75
66
78
74
71
75
75
75
172
173
178
166
169
178
164
168
179
165
169
180
159
166
174
152
161
168
148
157
164
149
158
165
182
189
173
185
192
176
193
196
185
200
203
194
202
204
201
198
199
201
190
189
194
183
182
188
175
174
182
170
169
175
163
161
166
161
159
160
125
124
120
147
146
141
184
181
174
215
212
197
239
233
207
235
228
199
245
238
212
173
167
145
56
50
34
76
72
61
78
75
68
67
66
64
149
149
151
146
147
152
146
149
158
150
154
163
151
158
166
151
159
169
154
162
172
158
166
176
220
226
212
222
228
214
227
230
219
228
231
224
224
226
223
214
215
217
202
201
206
193
192
198
169
168
174
159
158
164
154
152
157
155
153
154
126
125
121
136
135
130
169
166
159
206
203
188
224
217
191
244
235
206
249
242
214
207
201
179
64
59
40
79
73
61
91
87
78
71
67
64
168
168
168
162
163
167
157
160
165
155
160
166
152
157
163
146
153
161
145
152
160
148
155
163
218
224
212
217
223
211
217
220
211
211
214
207
202
204
201
190
191
193
179
178
183
171
170
176
162
161
167
153
152
158
155
153
158
160
158
159
140
139
135
129
128
123
150
147
140
185
182
167
204
197
171
237
228
197
249
239
212
244
236
213
114
107
88
61
55
41
78
71
61
94
89
83
159
158
154
154
154
154
152
153
155
152
156
159
151
154
159
145
150
154
145
150
154
147
152
156
169
175
165
169
175
165
169
172
165
166
168
163
163
165
164
159
160
162
157
156
161
156
155
161
164
163
169
155
154
160
159
157
162
162
160
161
153
152
150
127
126
121
136
133
126
164
161
146
201
194
166
225
214
184
233
224
195
255
255
230
198
190
169
73
66
48
68
62
50
123
119
110
186
183
178
182
181
177
182
182
180
185
187
186
184
185
187
177
181
182
175
179
182
177
181
184
156
161
154
156
161
154
158
160
155
157
159
156
157
159
158
160
161
163
165
164
169
169
168
174
168
167
173
159
158
163
159
157
160
156
154
155
158
157
155
125
124
119
125
122
115
147
141
127
182
172
147
229
218
188
232
223
194
249
239
212
250
242
219
169
160
142
134
126
111
145
139
127
188
184
175
184
181
176
182
181
177
183
183
181
181
181
179
175
177
176
172
174
173
174
176
175
167
172
166
168
173
167
169
171
168
166
168
167
164
165
167
164
165
167
169
168
173
173
172
177
173
172
177
168
167
172
171
169
172
164
162
163
177
176
174
139
138
133
127
124
117
135
129
117
158
148
123
223
212
182
226
217
188
231
221
194
249
241
218
253
245
224
202
195
177
160
154
140
193
189
177
189
186
177
188
185
178
190
189
184
193
192
188
193
194
189
197
197
195
202
202
200
180
185
181
181
186
182
183
185
184
180
181
183
176
177
179
174
175
177
177
176
181
179
178
183
180
179
184
183
183
185
192
190
191
187
185
186
207
206
204
163
162
158
139
136
131
133
129
117
161
153
130
195
184
156
201
191
164
240
230
205
235
227
204
255
248
227
201
194
175
174
166
151
222
216
202
211
207
196
202
198
189
195
192
185
189
186
181
182
181
176
183
182
178
187
186
182
172
176
175
176
180
181
180
181
183
177
178
182
171
172
176
171
172
176
179
178
183
187
186
191
198
198
200
177
177
179
195
193
194
197
195
196
190
189
187
167
166
162
121
118
113
120
116
105
164
155
137
204
194
169
220
209
187
200
192
171
227
219
198
255
247
229
208
201
183
157
149
134
197
191
177
189
183
171
174
170
161
164
159
153
167
164
159
179
176
171
188
184
181
189
185
182
166
170
173
172
176
179
180
181
185
182
183
187
180
181
185
177
178
182
179
178
183
181
180
185
169
169
171
176
176
178
181
179
180
192
191
189
194
193
189
175
174
170
147
144
139
117
113
104
136
128
113
161
152
134
153
144
126
159
150
132
183
174
157
227
220
202
228
221
203
127
121
105
196
190
176
198
192
180
193
189
180
187
182
176
187
184
179
200
196
193
216
212
209
225
221
220
155
158
163
161
164
169
171
172
177
178
179
184
181
182
187
180
181
186
177
176
181
175
174
179
172
172
174
184
184
186
158
156
157
166
165
163
180
179
175
175
174
170
162
158
155
104
99
93
82
74
63
134
126
113
140
132
119
164
156
143
146
138
123
173
167
151
226
220
204
107
104
89
147
143
131
169
165
154
190
186
177
194
191
184
189
186
181
187
183
180
190
189
187
194
192
193
144
147
156
143
146
153
146
146
154
149
150
155
153
154
159
155
156
161
154
153
158
151
150
155
149
149
151
170
170
170
163
162
160
159
158
156
153
152
148
139
138
134
118
114
111
72
67
63
87
80
72
134
127
117
131
124
114
129
122
112
87
81
69
106
102
90
187
183
171
126
122
110
75
71
60
106
103
94
143
140
133
162
159
154
166
162
159
168
164
163
169
167
168
172
170
173
163
165
177
155
158
167
149
149
159
147
147
155
153
154
159
160
161
166
167
166
171
169
168
173
151
151
153
159
159
159
171
170
168
137
136
134
104
103
99
97
96
92
94
90
87
111
107
104
149
144
141
164
159
155
149
144
140
134
129
123
126
122
113
141
138
129
169
166
157
154
151
142
166
163
154
176
176
168
184
183
178
181
180
176
173
171
172
169
167
170
169
167
172
168
166
171
109
111
123
103
105
117
100
100
112
102
102
112
113
113
121
129
130
135
144
143
148
151
151
153
209
209
209
186
186
186
189
188
186
159
158
156
146
145
141
158
157
153
159
155
152
190
186
185
170
166
167
178
174
175
180
176
175
166
162
159
184
181
176
190
187
182
162
159
154
169
168
163
156
155
150
162
161
156
166
165
161
166
165
163
168
166
169
171
169
174
170
167
174
166
163
172
169
171
184
169
171
184
172
172
184
178
178
188
189
189
197
201
202
207
212
211
216
217
217
219
184
184
184
173
173
173
174
173
171
179
178
176
189
188
184
192
191
187
181
177
174
174
170
169
179
177
180
187
185
190
187
185
188
160
158
159
168
167
165
182
181
177
172
171
167
194
195
190
182
183
178
186
187
182
189
189
187
190
190
190
191
190
195
188
187
193
179
178
186
168
166
177
212
214
227
214
216
229
219
219
231
221
221
233
221
221
231
219
220
225
218
217
222
216
216
218
223
223
223
234
234
234
211
210
208
208
207
205
204
203
199
206
205
201
241
237
234
242
238
237
226
224
229
240
237
244
244
242
247
224
222
225
223
221
222
238
237
235
232
233
228
226
227
222
220
221
216
221
221
219
219
219
219
218
218
220
223
222
227
230
229
237
233
231
242
230
228
239
