180
179
177
179
178
176
166
165
163
150
149
147
149
148
146
162
161
159
169
168
166
166
165
163
172
171
169
174
173
171
170
169
167
161
160
158
158
157
155
160
159
157
159
158
156
154
153
151
155
151
150
159
155
154
160
156
155
156
152
151
152
148
147
149
145
144
144
140
139
138
134
133
144
140
139
159
155
154
171
167
166
175
171
170
176
172
171
178
174
173
175
171
170
170
166
167
165
163
166
164
162
167
170
168
173
174
172
177
171
169
174
177
175
180
178
176
181
166
164
169
161
159
164
158
156
161
156
154
159
157
155
160
158
156
161
160
158
163
167
165
170
176
174
177
165
164
162
165
164
160
171
170
165
181
180
175
189
189
181
190
190
182
186
186
176
183
183
173
185
185
177
182
181
176
176
175
171
169
168
166
164
162
163
164
162
163
167
165
168
170
168
171
177
176
174
177
176
174
167
166
164
155
154
152
158
157
155
172
171
169
180
179
177
178
177
175
177
176
174
176
175
173
169
168
166
161
160
158
160
159
157
165
164
162
165
164
162
160
159
157
162
158
157
165
161
160
165
161
160
162
158
157
160
156
155
159
155
154
153
149
148
146
142
141
151
147
146
161
157
156
171
167
166
175
171
170
177
173
172
180
176
175
178
174
173
172
168
167
164
162
165
162
160
165
168
166
171
171
169
174
168
166
171
173
171
176
173
171
176
160
158
163
150
148
153
148
146
151
148
146
151
151
149
154
152
150
155
152
150
155
157
155
160
164
162
165
161
160
158
164
163
159
171
170
165
181
180
175
187
187
179
188
188
180
185
185
175
182
182
172
182
182
174
176
175
170
167
166
162
160
159
157
158
156
157
159
157
158
162
160
163
163
161
164
171
170
168
171
170
168
164
163
161
157
156
154
164
163
161
180
179
177
191
190
188
192
191
189
182
181
179
175
174
172
165
164
162
158
157
155
161
160
158
169
168
166
171
170
168
169
168
166
169
165
162
171
167
164
171
167
164
170
166
163
171
167
164
172
168
165
166
162
159
158
154
151
163
159
156
168
164
161
173
169
166
177
173
170
181
177
174
185
181
178
183
179
176
178
174
171
163
161
162
160
158
161
165
163
166
168
166
169
164
162
165
168
166
169
165
163
166
151
149
152
137
135
138
138
136
139
142
140
143
147
145
148
148
146
149
145
143
146
146
144
147
150
148
149
157
156
154
164
163
159
174
173
168
183
182
177
189
189
181
191
191
183
189
189
179
186
186
176
179
179
171
169
168
163
157
156
152
151
150
148
152
150
151
156
154
155
157
155
158
156
154
157
165
164
162
163
162
160
156
155
153
151
150
148
159
158
156
177
176
174
191
190
188
195
194
192
184
183
181
173
172
170
160
159
157
156
155
153
162
161
159
173
172
170
178
177
175
178
177
173
176
173
168
175
172
167
173
170
165
175
172
167
182
179
174
187
184
179
181
178
173
172
169
164
175
172
167
175
172
167
177
174
169
180
177
172
185
182
177
188
185
180
185
182
177
181
177
174
160
158
159
157
155
158
162
160
163
165
163
166
162
160
163
164
162
165
160
158
161
143
141
144
129
127
130
132
130
133
140
138
141
148
146
149
148
146
149
143
141
144
140
138
141
142
140
141
157
156
154
167
166
162
179
178
173
187
186
181
194
194
186
198
198
190
196
196
186
193
193
183
178
178
170
165
164
159
151
150
146
146
145
143
150
148
149
155
153
154
155
153
156
152
150
153
163
162
160
157
156
154
148
147
145
143
142
140
150
149
147
166
165
163
181
180
178
187
186
184
184
183
181
172
171
169
159
158
156
158
157
155
167
166
164
178
177
175
185
184
182
189
188
184
186
183
178
181
178
171
176
173
166
179
176
169
192
189
182
201
198
191
197
194
187
186
183
176
180
177
170
178
175
168
177
174
167
180
177
170
183
180
173
182
179
172
177
174
167
174
171
166
157
156
154
154
152
153
160
158
159
164
162
163
163
161
162
165
163
164
159
157
158
141
139
140
126
124
125
131
129
130
141
139
140
151
149
150
152
150
151
145
143
144
141
139
140
141
140
138
158
157
153
169
168
164
179
178
173
187
186
181
194
194
186
201
201
193
200
200
190
194
194
184
173
173
165
160
159
154
147
146
142
144
143
141
149
147
148
154
152
153
151
149
152
146
144
147
165
164
162
158
157
155
149
148
146
145
144
142
149
148
146
160
159
157
171
170
168
177
176
174
182
181
179
170
169
167
161
160
158
163
162
160
172
171
169
182
181
179
191
190
188
198
197
193
199
196
191
189
186
179
179
176
169
182
179
172
197
194
187
210
207
200
206
203
196
195
192
185
178
175
168
176
173
166
176
173
166
179
176
169
177
174
167
170
167
160
163
160
153
161
158
151
154
153
149
151
150
148
158
157
155
166
165
163
167
166
164
170
169
167
163
162
160
145
144
142
129
128
126
134
133
131
145
144
142
156
155
153
158
157
155
152
151
149
148
147
145
148
147
143
162
161
157
170
169
165
176
175
170
180
179
174
189
189
181
197
197
189
194
194
184
184
184
174
165
165
157
156
155
150
146
145
141
145
144
142
150
148
149
152
150
151
147
145
148
141
139
142
171
170
168
166
165
163
160
159
157
158
157
155
160
159
157
163
162
160
168
167
165
171
170
168
173
172
170
165
164
162
160
159
157
164
163
161
172
171
169
180
179
177
191
190
188
201
200
196
208
205
198
194
191
182
178
175
166
178
175
166
194
191
182
208
205
196
204
201
192
192
189
180
177
174
165
176
173
164
179
176
167
181
178
169
174
171
162
160
157
148
151
148
139
150
147
140
152
151
146
150
149
145
158
157
153
168
167
163
172
171
167
177
176
172
170
169
165
151
150
146
138
137
133
143
142
138
154
153
149
165
164
160
167
166
162
163
162
158
160
159
155
161
160
156
170
169
165
174
173
169
174
173
168
173
172
167
182
182
174
192
192
184
185
185
175
171
171
161
161
161
153
155
154
149
151
150
146
151
150
148
155
153
154
154
152
153
147
145
148
140
138
141
177
176
174
173
172
170
170
169
167
171
170
168
171
170
168
170
169
167
169
168
166
169
168
166
165
164
162
158
157
155
156
155
153
163
162
160
170
169
167
176
175
173
187
186
184
199
198
194
211
208
201
194
191
182
175
172
163
173
170
161
188
185
176
202
199
190
198
195
186
185
182
173
178
175
166
179
176
167
183
180
171
185
182
173
175
172
163
157
154
145
146
143
134
145
142
135
151
150
145
149
148
143
159
158
153
170
169
164
175
174
169
181
180
175
175
174
169
155
154
149
147
146
141
152
151
146
162
161
156
173
172
167
176
175
170
172
171
166
171
170
165
173
172
167
178
177
173
179
178
174
174
173
168
171
170
165
180
180
172
189
189
181
180
180
170
163
163
153
160
160
152
158
157
152
157
156
152
158
157
155
160
158
159
158
156
157
149
147
150
142
140
143
174
173
171
177
176
174
183
182
180
185
184
182
182
181
179
175
174
172
172
171
169
173
172
170
171
170
168
141
140
138
157
156
154
166
165
163
167
166
164
174
173
171
175
174
172
201
200
196
206
203
196
197
194
185
176
173
164
166
163
154
185
182
173
206
203
194
188
185
176
151
148
139
127
124
115
131
128
119
141
138
129
148
145
136
144
141
132
138
135
126
140
137
128
149
146
139
157
156
151
147
146
141
166
165
160
185
184
179
177
176
171
174
173
168
174
173
168
161
160
155
155
154
149
161
160
155
169
168
163
179
178
173
188
187
182
192
191
186
190
189
184
186
185
180
183
182
178
170
169
165
161
160
155
166
165
160
177
177
169
177
177
169
165
165
155
153
153
143
156
156
148
165
164
159
172
171
167
171
170
168
168
166
167
165
163
164
161
159
162
156
154
157
165
164
162
175
174
172
187
186
184
186
185
183
174
173
171
163
162
160
165
164
162
173
172
170
177
176
174
154
153
151
158
157
155
155
154
152
161
160
158
172
171
169
170
169
167
189
188
184
207
204
197
182
179
170
174
171
162
186
183
174
172
169
160
116
113
104
56
53
44
27
24
15
32
29
20
23
20
11
14
11
2
14
11
2
23
20
11
43
40
31
74
71
62
100
97
90
128
127
122
177
176
171
176
175
170
160
159
154
182
181
176
186
185
180
161
160
155
154
153
148
152
151
146
157
156
151
168
167
162
181
180
175
193
192
187
196
195
190
191
190
185
183
182
177
179
178
174
167
166
162
159
158
153
163
162
157
173
173
165
175
175
167
165
165
155
154
154
144
169
169
161
176
175
170
181
180
176
178
177
175
173
171
172
170
168
169
166
164
167
161
159
162
157
156
154
174
173
171
190
189
187
187
186
184
165
164
162
147
146
144
153
152
150
169
168
166
170
169
167
161
160
158
157
156
154
150
149
147
161
160
158
171
170
168
163
162
160
176
175
171
178
175
170
194
191
184
182
179
172
118
115
108
41
38
31
3
0
0
4
1
0
20
17
10
8
5
0
8
5
0
10
7
0
15
12
5
15
12
5
12
9
2
12
9
2
14
11
4
67
66
61
115
114
109
167
166
161
181
180
175
170
169
164
169
168
163
170
169
164
161
160
155
152
151
146
154
153
148
164
163
158
181
180
175
197
196
191
199
198
193
190
189
184
179
178
173
174
173
169
165
164
160
158
157
152
160
159
154
170
170
162
174
174
166
168
168
158
159
159
149
181
181
173
186
185
180
189
188
184
184
183
181
179
177
178
175
173
174
170
168
171
164
162
165
157
156
154
173
172
170
191
190
188
187
186
184
160
159
157
137
136
134
141
140
138
159
158
156
163
162
160
162
161
159
158
157
155
157
156
154
167
166
164
164
163
161
156
155
153
168
167
163
177
174
169
167
164
157
110
107
100
30
27
20
3
0
0
10
7
0
22
19
12
11
8
1
20
17
10
20
17
10
22
19
12
27
24
17
30
27
20
27
24
17
22
19
12
17
14
9
18
17
12
26
25
20
102
101
96
176
175
170
175
174
169
158
157
152
163
162
157
165
164
159
155
154
149
151
150
145
156
155
150
174
173
168
191
190
185
194
193
188
183
182
177
173
172
167
170
169
165
166
165
161
161
160
155
161
160
155
169
169
161
176
176
168
174
174
164
167
167
157
181
181
173
187
186
181
190
189
185
187
186
184
182
180
181
177
175
176
169
167
170
161
159
162
163
162
160
173
172
170
186
185
183
185
184
182
160
159
157
135
134
132
134
133
131
147
146
144
161
160
158
158
157
155
154
153
151
164
163
161
167
166
164
158
157
155
164
163
161
178
177
173
190
187
182
104
101
96
21
18
13
3
0
0
19
16
11
23
20
15
11
8
3
3
0
0
6
3
0
5
2
0
5
2
0
10
7
2
20
17
12
29
26
21
32
29
24
31
28
23
12
11
7
17
16
12
27
26
22
88
87
83
167
166
162
176
175
171
151
150
146
156
155
151
156
155
151
145
144
140
143
142
138
157
156
152
173
172
168
177
176
172
170
169
165
164
163
159
168
167
163
169
168
164
167
166
161
166
165
160
171
171
163
179
179
171
180
180
170
176
176
166
178
178
170
184
183
178
189
188
184
189
188
186
186
184
185
180
178
179
169
167
170
158
156
159
165
164
162
169
168
166
180
179
177
182
181
179
163
162
160
137
136
134
130
129
127
140
139
137
149
148
146
142
141
139
140
139
137
155
154
152
155
154
152
162
161
159
189
188
186
190
189
187
121
117
114
49
45
42
3
0
0
3
0
0
11
7
4
3
0
0
3
0
0
25
21
18
7
3
0
12
8
5
19
15
12
24
20
17
29
25
22
30
26
23
23
19
16
14
10
7
23
22
18
29
28
24
17
16
12
21
20
16
82
81
77
155
154
150
173
172
168
154
153
149
153
152
148
137
136
132
129
128
124
140
139
135
155
154
150
159
158
154
158
157
153
157
156
152
164
163
159
171
170
166
172
171
166
169
168
163
172
172
164
181
181
173
184
184
174
180
180
170
179
179
171
185
184
179
190
189
185
190
189
187
188
186
187
183
181
182
171
169
172
160
158
161
161
160
158
163
162
160
174
173
171
180
179
177
164
163
161
138
137
135
131
130
128
140
139
137
145
144
142
140
139
137
138
137
135
145
144
142
135
134
132
157
156
154
188
187
185
148
147
145
29
25
24
9
5
4
3
0
0
8
4
3
21
17
16
19
15
14
9
5
4
3
0
0
12
8
7
14
10
9
13
9
8
12
8
7
19
15
14
31
27
26
38
34
33
38
34
33
29
28
26
20
19
17
27
26
24
17
16
14
10
9
7
76
75
73
148
147
145
155
154
152
151
150
148
134
133
131
124
123
121
134
133
131
147
146
144
152
151
149
154
153
151
159
158
156
159
158
154
169
168
164
174
173
168
170
169
164
171
171
163
180
180
172
183
183
173
179
179
169
185
185
177
188
187
182
189
188
184
187
186
184
186
184
185
182
180
181
173
171
174
162
160
163
154
153
151
158
157
155
170
169
167
179
178
176
166
162
161
140
136
133
134
130
127
145
142
137
160
157
152
158
155
148
153
150
145
145
142
137
118
117
113
141
140
138
157
157
157
77
75
78
9
4
8
8
2
4
9
5
6
10
8
9
8
7
5
6
2
1
10
5
2
17
12
9
7
0
0
14
5
6
18
9
12
17
11
13
23
17
19
34
28
28
39
34
31
37
33
30
35
34
30
22
21
17
10
9
5
17
16
12
20
19
15
12
11
7
60
59
57
149
148
146
152
151
149
136
132
133
128
124
125
137
133
134
150
146
147
154
149
153
159
154
158
167
163
164
157
152
148
170
165
159
177
172
166
172
168
159
171
168
159
179
176
167
181
181
171
177
177
169
190
190
182
190
189
184
187
186
182
183
182
178
181
180
178
179
177
178
172
170
171
163
161
162
159
160
155
151
152
147
154
153
151
163
159
158
155
150
147
141
133
130
147
140
132
167
159
148
175
167
154
188
182
166
168
162
148
143
139
128
120
119
114
124
124
124
98
99
104
0
0
7
14
6
17
12
2
11
4
1
8
2
3
7
4
6
3
7
6
2
10
3
0
9
0
0
20
4
5
17
0
6
19
3
13
23
10
20
23
13
21
23
14
17
28
20
17
34
30
21
43
40
31
30
30
20
18
18
8
13
13
5
14
11
4
17
14
9
26
22
19
36
32
31
132
128
129
132
125
130
143
136
143
157
150
157
164
157
165
168
160
171
167
159
170
160
151
156
163
150
144
169
157
145
176
164
152
177
167
157
173
165
154
169
165
154
175
172
163
184
181
174
188
187
182
190
189
185
181
182
177
168
169
164
167
166
162
174
173
169
174
173
169
165
164
160
161
163
158
155
156
151
155
154
152
158
154
151
148
143
139
139
132
126
152
143
134
176
166
154
203
194
177
179
172
154
174
168
152
139
135
123
130
129
124
96
96
96
7
7
15
8
6
19
10
2
15
12
4
17
9
9
17
5
10
13
2
8
4
3
6
0
7
3
0
11
0
0
21
3
3
21
0
7
23
3
15
25
9
20
24
11
20
22
12
13
25
16
9
31
24
14
44
40
29
33
30
21
23
20
11
18
15
6
15
12
5
15
12
5
19
16
9
26
23
18
34
30
27
106
102
99
150
146
145
156
152
151
170
164
164
177
171
173
166
160
162
162
154
152
162
152
142
166
154
142
169
159
149
175
167
156
177
170
160
173
169
160
166
163
158
159
158
154
177
176
172
182
183
178
177
178
173
163
162
158
157
156
152
166
163
158
173
170
165
173
170
163
164
167
160
158
159
154
156
155
151
155
151
148
147
142
138
145
138
132
161
152
143
184
176
165
205
197
184
198
192
178
167
163
151
153
150
141
114
113
109
28
28
30
0
0
7
8
8
18
8
6
19
10
8
19
6
11
17
0
8
10
0
5
0
1
6
0
12
12
4
24
17
11
18
4
4
20
3
9
23
6
16
28
11
21
27
12
17
23
12
10
24
14
5
27
19
8
47
40
34
37
29
26
28
20
17
24
17
11
21
14
8
15
11
2
14
10
0
16
14
1
26
24
9
20
21
5
81
82
64
152
154
133
160
164
141
154
158
133
163
167
142
163
165
144
166
164
152
168
165
158
167
164
159
164
161
156
158
157
153
158
158
156
163
165
162
167
169
168
165
167
166
175
175
173
173
174
169
159
158
154
149
146
141
156
151
145
170
166
157
178
174
165
166
169
162
159
160
154
156
155
151
157
156
152
159
156
151
162
157
151
174
167
159
186
179
169
184
177
167
197
193
182
174
171
162
135
135
127
43
43
41
0
0
2
19
22
27
1
4
11
5
5
13
2
5
10
0
5
5
0
4
0
0
5
0
3
6
0
8
8
0
13
8
4
16
6
7
22
7
12
28
11
19
32
15
21
33
17
18
31
18
12
31
19
7
30
20
8
47
36
32
37
25
25
28
17
15
26
15
13
22
13
8
17
10
2
15
8
0
14
10
0
14
12
0
29
30
14
24
25
7
46
49
28
111
115
92
142
146
123
147
151
126
169
174
154
157
160
153
163
165
162
167
169
168
168
170
169
166
170
171
163
167
168
155
159
160
147
151
152
157
161
162
168
170
169
170
170
168
161
158
153
152
147
141
158
151
143
171
164
154
182
173
164
167
168
162
159
160
154
156
155
150
164
163
158
179
176
171
186
183
178
185
180
174
181
176
170
173
168
162
165
162
157
166
163
158
63
62
58
0
0
0
8
9
11
9
13
16
3
7
8
7
9
6
6
9
2
7
10
0
12
14
0
16
19
2
17
18
4
13
13
3
11
8
3
15
9
9
24
13
17
33
18
21
37
21
22
41
23
19
41
24
16
40
26
13
38
26
12
40
27
19
30
16
13
22
8
5
22
8
7
23
9
8
19
8
6
17
7
6
17
9
7
25
16
17
4
0
0
16
12
13
25
23
24
23
21
24
70
68
71
132
130
133
146
146
148
173
177
180
166
171
174
157
162
165
154
159
162
157
165
168
161
169
172
150
158
161
137
142
145
150
154
155
159
161
160
163
163
161
163
160
155
161
156
150
167
160
152
176
167
158
183
173
163
167
168
162
160
161
155
157
156
151
168
167
162
188
187
182
201
198
193
191
187
184
175
171
168
169
165
164
155
154
152
87
86
84
8
7
5
0
0
0
11
13
10
0
2
0
4
5
0
3
2
0
9
5
0
12
5
0
14
5
0
15
6
0
17
9
0
24
18
4
30
25
19
18
12
12
27
18
21
37
23
23
42
24
22
44
25
18
46
30
17
45
32
16
42
30
16
29
15
6
21
6
1
15
0
0
19
4
1
24
8
8
24
10
10
23
8
11
22
10
14
26
13
20
29
16
26
17
5
17
23
11
23
34
23
37
21
10
26
41
30
46
102
94
107
146
145
150
162
166
167
174
178
179
165
169
170
150
155
158
145
150
153
146
151
154
147
151
154
142
146
147
148
150
149
155
155
153
161
158
153
164
159
153
169
162
154
173
164
155
176
166
157
170
169
164
164
163
158
158
158
150
165
165
157
185
184
179
199
198
194
189
188
186
170
168
169
156
154
157
119
117
120
12
10
13
1
0
0
23
22
18
1
1
0
9
9
0
6
4
0
15
5
0
47
31
0
75
52
0
73
47
0
49
22
0
27
5
0
22
10
0
30
22
11
21
16
13
28
22
24
37
26
24
41
24
17
42
24
14
45
29
16
41
31
19
38
28
16
22
9
0
16
3
0
15
2
0
24
9
4
32
17
12
35
17
15
33
15
15
32
13
15
33
12
17
41
19
29
48
26
38
31
9
21
20
0
10
45
21
35
56
32
48
27
5
17
67
55
55
116
111
105
168
165
160
183
180
175
168
167
163
151
151
149
140
140
140
134
134
134
142
142
142
145
145
143
151
150
146
155
151
148
154
149
145
154
147
141
155
148
142
159
150
143
172
171
166
167
166
161
159
159
151
161
161
153
177
178
172
191
192
187
185
185
183
169
169
171
145
144
150
38
37
43
3
1
4
6
2
1
5
2
0
13
10
0
4
2
0
17
7
0
75
53
0
144
112
39
211
170
91
215
169
94
157
112
45
87
50
0
43
20
0
29
17
3
22
17
14
29
25
24
37
26
22
37
23
14
38
22
9
40
26
13
36
29
19
31
27
18
19
10
1
15
5
0
18
8
0
31
18
10
42
28
19
46
27
20
42
22
13
40
17
9
36
12
2
41
12
4
40
10
0
41
11
1
52
20
9
56
22
12
60
23
14
63
31
20
61
39
26
77
61
48
99
85
72
120
108
96
144
135
126
163
156
148
160
155
151
146
142
139
146
145
141
148
147
143
150
149
145
147
146
142
141
137
134
133
129
126
135
130
126
139
134
130
195
191
188
179
176
171
171
171
163
169
169
161
172
173
165
184
187
180
185
187
186
170
171
175
93
92
100
8
5
12
7
2
6
14
9
6
8
2
0
7
1
0
23
14
0
109
92
38
210
174
90
232
180
79
219
154
50
218
149
48
193
127
41
175
120
55
54
20
0
29
12
0
28
23
19
27
26
24
35
26
19
38
24
15
37
21
8
32
20
8
24
21
14
22
21
17
24
19
15
23
16
10
29
20
13
43
33
23
52
39
23
49
32
12
43
23
0
42
19
0
44
16
0
62
31
0
92
58
10
125
88
35
140
101
42
131
89
28
105
61
0
80
39
0
67
33
0
71
41
17
70
43
22
59
37
16
56
37
20
78
62
49
118
105
96
149
140
133
163
156
150
157
152
148
148
144
141
156
155
153
141
141
141
119
119
119
129
129
129
128
128
128
194
190
189
184
180
177
179
178
173
170
171
163
168
171
162
172
175
168
176
180
179
137
141
144
23
22
30
1
0
5
21
15
17
15
6
0
10
0
0
43
30
0
109
97
47
204
180
108
234
187
81
249
183
60
241
159
33
233
144
24
212
129
27
197
128
51
66
25
0
35
17
0
25
22
17
24
24
24
33
24
17
35
23
11
36
20
7
28
18
8
20
21
16
19
21
20
21
20
16
27
22
18
35
28
20
39
29
17
39
26
9
42
26
1
59
39
6
78
55
13
136
108
60
183
151
94
225
187
122
236
196
124
243
200
122
251
204
122
241
193
108
217
170
98
161
120
76
118
81
52
91
55
29
83
51
28
63
36
15
38
17
0
51
33
19
85
72
63
145
136
129
169
164
160
171
167
164
159
159
159
153
154
156
138
139
143
127
128
132
124
125
129
185
181
182
186
182
181
185
184
179
171
172
164
168
171
160
157
162
155
164
169
165
89
93
94
0
0
5
8
3
9
16
6
5
10
0
0
33
18
0
112
96
45
196
177
109
248
217
126
255
201
77
255
184
43
255
164
20
239
137
1
226
129
14
217
137
52
72
26
0
38
17
0
22
21
17
21
22
24
30
23
15
33
21
9
34
18
3
27
17
7
19
19
19
17
21
24
19
20
15
27
24
17
38
31
21
43
35
22
48
37
19
62
46
21
89
70
38
114
90
52
139
110
66
168
135
84
188
149
90
187
146
82
196
151
83
218
170
98
227
178
102
217
169
103
222
177
135
211
170
140
177
137
109
125
89
63
88
57
36
78
52
35
70
51
37
57
43
32
101
90
84
153
145
142
175
171
170
153
153
153
151
152
156
148
151
156
124
127
132
121
124
129
169
164
168
173
172
170
177
178
172
168
171
162
169
175
163
153
159
149
144
150
146
40
44
45
13
12
17
13
6
11
8
0
0
31
15
0
91
73
27
175
154
89
234
209
125
236
202
94
255
208
73
255
183
32
255
166
11
240
131
0
234
130
9
219
135
47
68
22
0
31
12
0
19
21
20
15
23
25
27
23
14
32
20
6
34
17
1
29
17
5
20
20
22
18
21
26
36
35
31
36
33
24
37
30
20
37
29
16
41
29
13
45
30
11
48
30
6
53
32
5
31
4
0
39
9
0
51
18
0
63
26
0
68
27
0
71
29
0
85
42
0
100
57
12
89
49
14
98
61
34
123
87
61
141
109
86
121
94
75
81
59
45
61
43
31
64
51
43
70
61
56
114
109
106
166
162
161
157
157
159
141
142
146
143
144
148
125
129
132
117
121
124
150
148
153
155
153
154
162
163
158
164
167
158
173
179
167
156
164
153
116
123
116
7
11
10
4
2
5
6
0
0
24
10
0
88
69
39
155
133
76
210
183
104
246
217
115
246
210
87
255
212
70
252
185
32
255
166
10
239
133
0
235
131
10
200
118
32
59
16
0
23
9
0
14
22
25
13
24
30
25
22
15
33
19
6
35
16
0
33
17
4
25
21
22
23
22
27
37
34
29
40
33
23
38
32
20
36
28
17
34
24
12
30
18
6
26
9
0
21
3
0
48
25
15
33
9
0
27
0
0
38
10
0
48
18
8
47
14
5
39
7
0
35
3
0
51
22
6
40
13
0
41
15
0
51
29
15
51
33
21
46
32
23
60
49
43
87
78
73
59
54
51
76
72
71
143
141
142
174
172
175
143
143
145
130
130
132
126
126
128
106
106
108
145
142
149
144
142
145
148
149
144
159
165
155
170
178
165
159
167
154
79
86
78
0
1
0
1
0
0
7
0
0
62
46
30
146
124
87
208
180
115
238
207
116
250
217
101
255
220
87
255
215
68
252
193
41
254
165
9
241
139
0
231
130
12
170
92
9
50
12
0
19
12
4
9
22
31
9
23
32
22
21
16
32
19
3
38
15
0
35
16
2
29
20
23
26
24
29
25
17
14
35
26
17
41
32
23
38
28
19
33
22
16
33
22
16
41
27
24
45
31
28
21
7
4
37
21
21
37
21
21
16
0
0
13
0
0
39
20
22
84
65
67
113
98
95
113
98
91
108
94
85
91
78
70
74
63
57
79
70
65
90
82
79
79
74
71
56
52
51
50
48
49
46
44
47
96
94
97
166
164
167
157
153
154
125
121
122
125
121
120
98
94
93
153
150
159
145
143
148
143
143
141
158
164
154
162
170
155
155
163
148
40
48
37
0
1
0
12
8
7
29
18
12
113
95
75
180
155
114
225
195
123
255
222
122
250
212
87
255
220
79
250
215
71
248
200
53
240
160
9
238
142
3
221
125
12
133
60
0
43
10
0
18
17
15
3
21
35
4
22
36
20
19
15
31
15
0
38
13
0
37
13
0
30
18
18
28
21
26
31
19
21
38
24
23
37
23
22
26
15
13
20
9
5
21
12
7
24
15
10
23
16
8
35
31
22
20
17
8
14
12
0
46
46
34
117
118
104
180
182
168
196
198
184
182
184
171
166
167
162
115
113
116
85
85
87
101
100
105
113
114
118
103
104
108
100
101
106
114
115
120
78
79
83
69
68
73
58
56
59
142
138
139
179
173
173
135
130
127
132
124
121
110
102
99
163
161
166
151
149
152
144
146
141
159
165
155
152
163
149
147
158
144
15
21
11
5
6
0
12
4
1
56
42
31
163
141
117
199
171
124
217
184
107
250
215
111
247
209
82
255
229
86
252
211
67
253
201
55
228
156
10
225
144
11
200
123
19
98
39
0
32
8
0
20
19
24
2
18
34
3
19
32
17
18
12
24
15
0
31
14
0
32
14
0
29
19
10
30
21
22
34
22
24
32
18
18
25
11
11
23
11
11
33
23
21
41
34
28
32
28
19
18
15
6
5
5
0
52
54
41
132
136
121
205
209
194
227
234
218
209
216
198
190
197
179
187
193
181
132
136
135
120
123
128
108
111
118
108
111
118
120
125
131
131
136
142
130
133
140
123
126
131
139
143
146
131
132
136
57
57
59
129
127
128
203
199
198
153
148
145
141
133
130
128
121
115
168
164
163
169
168
164
164
167
160
153
160
152
170
182
172
111
121
112
0
2
0
9
9
1
22
12
2
102
84
64
172
146
111
207
176
121
233
200
119
253
218
116
254
220
97
255
214
76
255
212
62
246
176
28
249
182
42
209
150
30
151
103
18
41
9
0
36
22
9
14
13
21
7
14
30
11
19
29
16
22
10
15
18
0
16
13
0
18
13
0
20
15
0
21
15
3
22
13
8
39
28
26
22
12
10
17
9
6
36
31
27
22
19
12
5
2
0
26
26
16
109
109
99
171
171
161
219
219
209
217
217
207
204
201
192
203
200
191
198
195
186
184
181
176
154
154
154
128
129
131
125
126
128
140
141
143
144
145
147
142
143
145
144
145
147
143
145
144
156
158
157
172
172
172
163
163
161
158
158
156
182
181
177
185
184
180
157
156
151
138
137
132
171
167
164
178
177
173
174
179
173
163
173
165
173
184
176
88
99
91
0
2
0
8
5
0
37
23
10
111
89
65
175
146
106
207
172
114
232
197
115
252
217
115
252
220
101
255
213
78
255
213
66
255
189
43
240
178
43
199
151
40
105
73
0
31
12
0
26
16
7
7
4
15
12
14
29
0
2
11
0
3
0
12
16
0
19
22
0
20
18
0
25
19
5
35
28
22
29
19
17
13
3
1
30
22
19
43
38
34
11
8
1
4
1
0
65
65
57
135
135
127
170
170
162
183
183
175
201
198
191
211
208
201
211
206
202
204
196
193
191
181
179
178
170
168
157
156
154
133
133
133
132
132
132
149
149
149
154
154
154
154
154
154
157
157
155
158
158
156
173
173
171
190
190
188
186
187
182
180
181
176
193
194
189
186
187
182
155
156
150
137
138
132
170
169
167
184
184
182
183
188
184
174
183
178
171
182
176
55
66
58
0
4
0
7
3
0
54
41
25
120
99
72
175
146
104
204
170
109
232
195
114
251
216
114
254
219
101
255
213
82
255
191
51
255
193
53
239
180
50
209
165
56
78
46
0
31
10
0
20
8
0
7
0
10
5
0
18
9
7
21
10
10
10
7
6
1
9
6
0
13
7
7
11
0
16
6
0
11
27
16
22
19
9
8
22
14
11
17
12
8
19
16
11
70
67
62
143
142
137
183
182
177
193
192
187
168
167
162
168
165
160
197
194
189
212
207
203
197
189
186
182
172
171
182
174
172
160
159
157
139
139
139
139
139
139
155
155
155
161
161
161
166
166
166
173
173
171
175
175
173
181
181
179
194
194
192
194
195
190
194
195
190
202
203
198
195
196
191
173
174
168
160
161
155
166
165
163
180
180
178
176
181
177
169
178
175
156
167
163
23
32
27
6
9
2
6
2
0
68
52
36
128
104
76
178
147
103
207
171
109
235
198
117
254
219
119
255
219
105
255
215
89
255
217
83
255
214
79
247
196
68
213
171
59
66
35
0
22
0
0
22
5
0
23
11
11
12
2
13
14
8
18
14
10
11
9
5
4
7
0
5
16
5
21
26
12
45
32
19
49
21
9
19
37
29
27
8
3
0
9
4
0
90
87
82
158
154
151
169
168
164
176
175
171
177
176
172
150
149
145
154
150
147
189
186
181
205
200
196
185
180
176
177
169
167
188
179
180
164
162
163
144
144
144
143
143
143
155
155
155
160
160
160
168
168
168
181
181
179
187
187
185
184
184
182
183
183
181
183
184
179
191
192
187
202
203
198
201
202
197
190
191
185
182
183
177
157
155
156
165
165
165
159
163
162
153
161
161
127
137
136
1
10
5
10
13
6
12
6
0
74
57
39
131
106
75
181
149
102
212
174
111
240
202
121
255
220
123
255
220
108
255
216
94
255
217
88
255
207
74
254
211
80
236
199
82
129
99
3
47
23
0
24
5
0
14
0
0
14
1
0
7
0
0
6
0
0
19
12
6
19
10
13
7
0
12
7
0
30
13
0
34
21
11
22
24
16
14
28
23
20
86
81
78
160
156
153
164
163
161
156
155
153
191
191
189
179
179
177
158
157
155
155
154
152
179
175
172
192
187
184
180
175
172
174
166
164
176
170
170
166
164
165
147
147
147
143
143
143
150
150
150
152
152
152
163
163
163
180
180
178
188
188
186
185
185
183
171
171
169
173
174
169
191
192
187
202
203
198
199
200
195
187
188
182
176
177
171
148
146
147
152
152
152
147
151
152
141
146
149
95
103
105
0
2
0
12
13
7
19
13
1
75
59
36
131
106
73
181
149
100
213
175
112
240
202
121
255
216
121
254
217
111
253
216
101
249
209
87
237
198
71
250
215
85
255
232
109
236
208
99
159
134
44
121
100
37
77
59
13
35
21
0
30
19
0
12
6
0
8
1
0
8
0
0
20
7
14
28
12
39
19
4
33
19
9
18
14
9
6
73
68
65
147
143
142
159
158
156
145
143
144
161
161
161
188
188
188
188
188
188
163
163
163
146
144
145
154
153
151
174
170
169
180
175
172
172
167
164
165
159
159
164
162
163
148
148
148
145
145
145
147
147
147
146
146
146
157
157
157
176
176
174
183
183
181
167
167
165
149
149
147
162
163
158
195
196
191
207
208
203
198
199
194
182
183
177
166
167
161
142
140
141
147
147
149
150
151
155
137
142
146
69
74
78
0
1
2
11
10
6
28
20
7
77
61
36
131
107
71
180
148
97
208
173
109
233
196
118
246
209
120
247
211
114
248
215
110
255
235
126
254
224
108
242
214
88
251
223
97
255
247
126
252
228
118
254
230
140
240
218
142
221
206
137
206
197
130
152
147
79
71
67
6
16
9
0
10
0
0
16
2
1
15
2
9
20
11
14
61
55
55
120
116
115
141
139
140
133
131
132
146
146
148
167
167
169
163
164
166
177
178
180
155
155
157
136
136
138
141
139
140
158
156
157
171
167
166
170
164
164
163
159
158
160
158
159
149
149
149
149
149
149
152
152
152
149
149
149
157
157
157
173
173
171
178
178
176
145
145
143
127
127
125
150
151
146
193
194
189
201
202
197
190
191
186
178
179
173
165
166
160
140
138
139
148
146
147
157
158
162
140
143
148
54
57
62
0
0
2
10
6
3
33
23
11
80
62
38
132
108
70
177
147
95
203
169
106
224
190
116
237
202
120
240
206
119
242
212
122
223
198
108
242
218
122
229
206
94
237
211
92
255
231
108
255
233
114
255
236
131
255
240
141
255
245
150
249
240
147
255
253
156
243
242
152
149
145
71
30
23
0
13
0
0
34
21
5
26
19
13
120
116
117
152
150
151
128
126
129
130
130
132
141
142
146
146
147
151
165
166
171
167
168
173
152
153
157
142
143
147
147
147
149
155
153
156
157
155
156
161
157
158
166
162
161
157
155
156
149
149
149
154
154
154
158
158
158
153
153
153
160
160
160
172
172
170
175
175
173
141
141
139
121
121
119
145
146
141
186
187
182
188
189
184
175
176
171
170
171
165
163
164
158
137
133
132
152
150
151
146
145
150
133
134
139
20
23
30
2
3
7
9
5
2
43
33
21
93
76
50
132
108
70
169
139
89
192
160
101
218
185
118
233
200
129
226
196
123
211
184
115
149
127
67
141
120
53
86
62
0
148
120
20
247
217
105
253
222
106
254
226
116
254
232
123
247
233
124
250
243
129
241
240
122
255
255
142
255
255
155
172
166
80
59
48
0
14
2
0
87
81
69
135
133
134
150
148
151
131
131
133
134
133
138
144
145
150
147
150
157
155
158
165
137
140
147
137
140
147
140
141
146
141
140
145
142
142
144
147
145
148
152
150
151
157
155
156
155
155
155
161
161
161
164
164
164
164
164
164
167
167
167
174
174
174
176
176
174
175
175
173
134
134
132
133
133
131
152
153
148
183
184
179
190
191
186
174
175
170
167
168
162
177
178
172
145
142
137
143
139
136
150
150
152
113
114
119
8
11
18
0
0
4
21
17
14
45
37
24
89
73
47
124
102
63
169
143
94
192
163
107
202
173
113
213
184
124
171
145
86
91
68
18
30
10
0
20
0
0
36
10
0
153
125
42
242
208
110
247
213
106
255
224
116
251
227
117
255
241
128
255
255
136
253
254
126
237
240
111
249
248
129
253
246
142
166
151
68
38
25
0
130
125
106
157
155
156
155
155
157
133
134
138
135
136
141
140
143
150
137
141
150
138
142
153
131
135
146
132
136
145
135
138
145
141
142
147
145
146
150
151
151
153
155
153
154
156
154
155
157
157
157
162
162
162
171
171
171
178
178
178
180
180
180
177
177
177
173
173
171
169
169
167
147
147
145
154
154
152
171
172
167
187
188
183
187
188
183
176
177
172
172
173
167
177
178
172
145
141
130
137
134
127
161
159
160
80
81
85
0
2
9
0
0
5
32
28
25
47
39
26
89
75
49
144
126
88
159
137
90
171
148
98
198
175
125
149
127
78
57
36
0
18
0
0
26
6
0
18
0
0
72
44
5
196
164
103
241
204
123
239
202
111
255
220
126
254
229
129
255
244
137
246
241
124
255
255
133
253
255
127
239
237
114
255
255
145
234
215
121
123
105
43
166
159
140
168
168
168
154
154
156
137
138
142
140
143
150
145
149
158
137
141
152
129
135
147
119
125
137
125
129
140
133
137
146
146
149
156
159
160
164
166
166
168
166
166
166
163
163
163
165
165
165
164
164
164
170
170
170
182
182
182
184
184
184
174
174
174
166
166
164
165
165
163
171
171
169
186
186
184
196
197
192
190
191
186
183
184
179
183
184
179
185
186
180
183
184
178
140
137
122
157
153
142
169
168
164
42
42
44
2
2
10
0
0
5
31
27
24
49
43
31
100
88
62
142
126
92
151
132
90
158
140
94
155
136
94
65
47
11
14
0
0
25
9
0
23
3
4
27
2
0
123
94
62
215
183
126
235
197
122
243
206
118
255
226
136
255
243
148
255
243
142
234
230
120
255
255
136
255
255
143
239
237
114
242
231
116
244
222
123
192
171
104
177
171
149
165
165
167
150
151
155
139
142
147
145
149
158
149
153
164
137
143
155
125
131
145
110
116
130
118
124
136
136
140
151
157
161
170
176
179
184
185
186
190
182
182
184
176
176
176
176
176
176
165
165
165
165
165
165
178
178
178
183
183
183
174
174
174
170
170
168
176
176
174
198
198
196
212
212
210
208
209
204
186
187
182
179
180
175
195
196
191
203
204
198
196
197
191
160
155
135
195
192
177
161
158
151
8
8
8
4
5
10
5
4
9
24
23
21
59
53
41
105
95
70
115
102
68
155
140
101
144
129
90
61
46
13
14
2
0
17
8
0
13
3
0
13
0
0
70
47
31
166
137
95
217
183
119
239
201
118
253
217
123
255
223
130
255
237
143
255
246
148
254
253
145
252
255
137
246
250
127
251
246
126
255
252
138
253
225
126
201
176
109
174
166
145
158
159
161
150
151
155
142
145
152
142
146
157
145
149
161
134
140
156
114
121
137
107
114
130
118
124
140
140
144
156
164
168
179
184
187
194
192
193
197
186
187
189
178
179
181
171
171
171
158
158
158
158
158
158
176
176
176
188
188
188
186
186
186
186
186
184
193
193
191
212
212
210
216
216
214
199
200
195
172
173
168
173
174
169
201
202
197
217
218
212
210
211
205
194
190
165
214
209
190
116
113
104
1
0
0
4
3
8
9
8
13
25
24
22
68
64
53
91
83
60
129
118
86
144
131
96
83
70
36
10
0
0
10
1
0
19
14
11
6
0
0
55
40
21
149
127
90
206
178
115
221
189
106
244
206
107
255
220
114
254
225
123
250
231
129
255
247
146
255
255
154
246
255
136
239
245
121
255
255
136
255
255
144
253
221
120
216
187
117
160
152
129
146
147
151
141
144
149
134
137
144
131
135
146
142
148
162
138
145
163
114
121
139
107
114
132
116
123
141
133
139
153
153
157
168
168
171
178
172
175
180
170
171
175
165
166
168
144
144
144
137
137
137
141
141
141
162
162
162
182
182
182
189
189
189
191
191
189
193
193
191
203
203
201
196
196
194
173
174
169
152
153
148
160
161
156
192
193
188
214
215
209
217
218
212
214
208
182
181
176
154
46
42
31
1
0
0
6
5
10
14
13
18
34
33
31
69
65
54
84
78
56
120
111
82
83
74
41
23
14
0
10
3
0
7
2
0
7
4
11
38
33
29
123
111
71
186
167
99
202
177
85
221
190
81
241
207
84
252
218
94
255
245
128
255
245
133
253
251
140
247
254
140
246
255
134
253
255
133
255
255
133
255
243
125
254
221
116
244
212
139
163
152
130
144
145
149
134
137
142
121
124
133
116
120
132
139
145
161
143
150
168
115
122
141
100
107
126
104
111
129
114
120
136
125
129
141
134
137
146
140
143
148
145
146
150
146
147
149
128
128
128
122
122
122
122
122
122
137
137
137
159
159
159
176
176
176
181
181
179
180
180
178
177
177
175
163
163
161
144
145
140
133
134
129
143
144
139
169
170
165
197
198
192
214
215
209
213
207
183
135
130
111
3
1
0
17
16
12
11
10
15
17
18
23
41
41
41
60
60
52
96
90
74
51
45
19
14
7
0
20
11
0
16
9
0
7
0
0
38
31
21
128
117
95
186
167
108
211
187
101
206
179
76
242
212
96
252
223
97
246
218
92
255
255
136
255
246
131
255
255
145
247
255
143
252
255
143
253
255
139
253
251
130
255
255
137
255
245
135
239
214
130
182
173
132
160
158
145
141
140
138
114
114
124
104
105
123
131
136
156
137
144
163
103
110
129
88
97
112
91
98
114
94
102
115
98
104
118
107
109
121
118
118
126
127
128
132
135
135
135
133
133
135
124
124
126
115
115
117
118
118
120
139
139
141
164
164
166
174
174
174
172
172
172
155
155
155
139
139
139
124
124
122
122
122
120
130
130
128
149
149
147
181
182
177
209
210
205
142
136
122
36
32
20
3
0
0
9
8
6
3
4
8
21
24
29
54
55
59
47
47
47
40
40
30
17
14
0
8
1
0
14
4
0
41
28
0
80
63
17
135
117
67
187
163
103
208
176
99
220
185
95
231
199
100
240
213
106
248
226
114
254
238
124
255
248
137
255
254
147
255
255
155
249
255
153
247
254
150
250
255
150
255
255
148
255
253
143
255
245
134
248
236
138
203
195
122
204
197
151
183
175
162
122
114
125
103
98
128
126
126
160
111
117
141
85
94
111
69
82
90
68
81
87
77
85
98
104
110
126
135
136
154
138
138
150
133
131
134
138
136
137
145
143
148
135
132
139
125
122
129
128
125
132
147
145
150
166
164
169
170
169
174
164
164
166
147
147
149
128
128
130
119
119
121
126
126
126
130
132
131
136
138
137
160
162
161
191
193
190
45
41
32
4
0
0
3
0
0
22
22
20
16
17
19
23
24
28
34
35
39
18
20
17
4
4
0
4
1
0
21
14
0
66
52
13
115
98
46
152
131
68
181
154
83
200
169
89
223
183
96
231
190
98
238
204
107
245
218
115
247
230
124
249
241
132
252
249
142
252
255
152
253
255
158
249
255
159
248
254
158
250
254
159
255
255
155
255
253
150
250
248
139
245
240
136
217
210
120
224
214
152
210
198
176
147
136
144
113
104
135
117
115
152
99
103
130
80
89
104
69
83
86
72
86
87
84
94
104
117
123
139
153
154
172
159
157
170
151
149
152
156
152
151
166
164
167
155
153
158
147
145
150
157
155
160
179
177
182
193
191
194
183
181
184
163
163
165
153
153
155
139
139
141
130
130
130
132
132
132
135
135
135
143
143
143
167
167
165
193
193
191
4
0
0
4
0
0
9
5
2
19
18
16
15
15
15
15
15
15
13
13
11
2
3
0
3
1
0
33
27
3
83
73
38
130
113
69
161
140
83
182
157
91
198
170
97
210
177
96
234
194
107
241
202
109
247
213
115
250
225
122
252
235
129
252
244
137
253
250
145
252
255
152
253
255
160
250
255
161
249
254
162
251
255
161
255
255
160
255
254
154
252
249
144
248
243
141
230
221
130
235
224
158
229
215
188
173
158
161
127
117
142
115
110
142
96
98
121
89
97
110
89
100
102
94
105
107
106
114
124
138
144
158
174
176
191
181
179
190
171
169
170
172
168
165
190
186
185
179
175
174
174
170
169
190
186
185
218
214
213
227
223
220
203
199
196
171
170
166
161
160
156
150
149
145
140
139
135
138
137
132
145
144
139
160
159
154
182
181
176
201
200
195
15
9
11
14
10
11
10
6
7
8
7
5
9
8
6
5
4
0
4
4
0
11
10
0
57
53
28
99
90
57
142
127
84
162
142
91
170
146
84
186
157
87
208
176
101
223
188
106
240
203
114
246
210
114
252
220
121
255
230
127
255
239
133
254
246
139
255
252
147
254
255
155
253
255
162
250
255
165
250
254
167
252
255
166
255
255
163
255
254
159
254
250
151
253
245
147
235
224
134
231
216
147
223
207
173
179
164
157
142
129
146
127
121
145
112
113
131
115
122
132
131
141
142
132
142
143
134
143
150
155
162
172
185
187
199
190
189
197
179
177
178
180
177
172
199
196
189
190
187
178
187
184
175
205
202
195
234
231
224
245
242
235
224
221
214
196
193
186
177
174
167
163
160
153
148
145
136
147
144
135
163
160
151
188
185
176
207
204
195
217
214
205
3
0
5
8
3
9
7
2
6
10
6
5
12
9
4
5
1
0
16
13
0
50
45
16
124
116
80
144
131
87
161
144
90
170
148
88
188
161
92
214
182
107
233
198
117
238
202
116
243
206
115
248
214
117
253
223
124
255
233
129
255
242
135
255
248
141
255
253
150
255
255
158
253
255
165
251
255
170
251
254
171
253
255
172
255
255
169
255
253
164
255
251
159
255
248
155
241
227
138
223
207
132
207
190
147
175
158
142
151
139
143
146
138
153
136
134
145
144
147
152
169
177
177
165
173
173
157
165
168
164
169
175
182
185
194
187
186
192
180
179
177
183
180
173
196
194
181
192
189
174
193
190
175
208
204
192
233
229
217
250
246
234
244
240
228
229
225
213
209
205
193
186
182
170
164
160
148
165
161
149
189
185
174
216
212
201
228
224
213
228
224
213
3
0
9
9
3
13
11
6
12
12
6
6
10
6
0
17
12
0
57
50
22
112
102
66
143
131
83
164
147
91
183
162
99
193
166
97
205
173
98
226
191
110
244
206
123
252
215
127
245
210
116
247
217
118
252
227
124
255
236
131
255
244
136
255
249
143
255
254
153
255
255
162
253
255
169
252
255
174
252
255
176
254
255
179
255
254
174
255
253
172
255
252
168
255
252
164
251
235
147
228
209
132
208
188
138
174
157
131
155
142
136
154
145
150
146
144
149
157
158
160
181
185
184
178
184
182
166
171
174
164
168
171
176
177
182
179
179
181
178
177
173
184
181
172
190
187
172
193
190
171
198
195
178
210
207
190
231
228
211
249
246
229
255
252
235
251
248
233
237
234
219
208
205
190
183
180
165
189
183
171
212
206
194
228
222
210
229
223
211
225
219
207
20
13
28
18
12
24
14
7
14
10
5
1
23
15
2
59
52
26
113
103
67
154
142
94
159
143
84
182
161
94
206
179
106
216
184
107
217
182
100
225
187
102
242
202
115
255
218
127
249
216
119
251
223
123
254
231
127
255
239
133
255
244
139
255
249
143
255
253
153
254
255
162
252
254
170
252
255
176
253
255
182
254
254
182
255
254
180
255
252
178
255
254
175
255
253
170
255
243
155
245
224
145
228
207
150
187
169
133
158
142
126
150
139
135
144
138
138
157
155
156
169
171
168
171
175
174
164
168
167
162
163
165
169
171
170
172
172
170
172
171
167
181
178
169
185
182
167
194
191
172
205
202
185
218
215
198
236
230
214
251
245
229
255
249
235
253
247
233
241
235
223
212
206
194
192
186
174
202
194
183
216
207
198
216
207
198
208
199
190
205
196
187
19
12
27
12
6
16
8
1
6
15
8
0
50
41
23
112
101
69
154
141
96
161
144
88
197
176
109
199
173
98
203
175
92
219
184
100
234
197
109
245
206
115
251
210
120
253
214
121
251
221
123
251
228
126
254
235
130
255
242
135
255
246
140
254
249
145
254
251
154
253
253
163
252
254
171
253
255
180
254
255
187
254
255
187
254
254
184
255
253
182
255
254
181
255
255
177
255
246
161
255
237
156
247
227
164
200
183
137
158
144
117
145
133
119
140
133
127
156
152
151
154
154
152
163
165
162
162
164
161
161
161
159
166
167
162
168
167
163
166
165
160
175
172
165
182
180
167
195
192
177
210
207
192
225
222
207
241
235
221
250
244
232
249
243
231
243
237
225
227
220
210
201
194
184
190
181
172
202
193
184
209
200
193
197
188
181
185
176
169
185
176
169
17
11
23
10
5
12
5
0
0
35
27
16
100
90
65
153
139
102
170
154
103
176
156
93
190
166
92
203
175
92
219
187
100
233
198
108
243
204
111
248
208
113
255
213
119
255
217
122
252
224
124
253
231
129
255
239
133
255
246
138
255
250
143
255
253
150
255
255
159
255
255
168
253
254
176
252
253
183
252
253
187
252
252
188
253
252
187
255
252
185
255
252
183
255
251
178
255
252
171
255
240
161
251
234
165
229
214
159
173
161
123
138
127
105
151
143
132
152
147
144
163
161
162
164
164
164
169
170
165
161
162
156
146
146
138
147
147
139
154
151
146
148
145
140
173
170
161
185
182
173
206
203
194
229
225
216
238
234
225
233
228
222
223
216
210
214
207
201
194
185
180
177
168
163
186
176
174
212
202
200
208
197
195
174
163
161
161
150
148
176
165
163
13
8
14
8
2
4
16
9
1
61
52
35
126
115
85
164
149
106
179
160
104
192
169
101
202
175
96
214
182
97
228
194
104
239
203
109
246
208
111
251
211
115
255
215
119
255
220
123
253
228
127
252
235
131
255
242
135
255
248
142
255
251
145
255
254
151
255
255
160
255
255
170
253
254
178
252
253
183
252
252
188
252
252
190
253
251
190
253
252
187
255
252
185
255
251
179
255
255
177
253
237
160
255
242
171
232
220
159
200
189
143
137
128
99
149
141
128
165
160
157
188
183
187
189
187
190
192
191
187
174
174
166
145
145
135
139
136
127
144
141
136
142
138
135
154
150
147
163
159
156
181
177
174
200
196
193
208
204
201
203
198
195
192
187
184
187
179
177
171
163
161
170
160
159
189
179
178
214
204
203
209
197
197
178
166
166
164
152
152
173
161
161
7
4
0
14
10
1
41
33
18
99
89
64
157
143
108
178
160
112
186
164
104
204
177
106
215
184
104
226
192
105
237
202
110
245
209
113
251
213
116
253
215
116
255
218
119
255
222
122
254
232
130
252
239
134
255
245
137
255
250
143
255
253
146
255
254
151
255
255
160
255
255
170
253
254
178
252
253
183
252
252
188
252
252
192
252
252
190
253
252
188
253
252
185
255
252
181
255
255
185
250
238
164
255
250
178
240
231
164
231
224
170
145
139
103
143
135
122
173
167
167
205
200
206
211
206
212
216
212
209
194
191
182
155
153
141
136
134
122
139
134
130
138
134
133
139
137
138
143
141
144
155
153
156
170
168
169
176
174
175
173
169
170
165
161
160
163
157
157
157
148
149
171
162
163
200
190
191
222
212
213
217
205
205
193
181
181
177
165
165
177
165
165
4
2
0
33
30
13
77
71
47
130
119
89
173
158
117
187
167
116
192
166
105
207
177
107
221
188
109
231
195
109
241
204
113
248
212
116
250
214
117
252
217
117
255
221
119
255
226
122
252
235
131
252
241
135
255
247
140
255
250
143
255
253
146
255
253
150
254
254
158
254
254
168
254
255
179
253
254
184
253
253
189
253
253
193
253
253
191
253
253
189
254
253
186
255
253
184
255
253
186
255
247
178
255
252
178
247
243
172
248
243
185
172
167
129
131
125
111
160
154
156
196
190
200
205
199
209
220
216
215
211
208
199
180
178
165
159
155
144
153
148
144
145
141
142
137
136
141
133
132
137
138
137
142
149
148
153
154
154
156
152
150
153
150
148
149
155
151
152
160
154
154
182
173
174
208
200
198
223
213
212
222
211
209
208
197
195
192
181
179
181
170
168
9
7
0
61
57
30
111
105
73
148
135
100
178
159
116
194
171
119
201
172
112
211
178
109
222
186
110
230
194
110
240
203
114
247
211
117
249
215
117
251
217
117
254
222
119
253
229
123
249
234
130
249
240
135
253
246
139
254
250
142
254
251
144
254
252
151
253
253
157
253
253
167
254
255
179
253
254
184
253
253
189
253
253
191
253
253
191
253
254
188
253
254
184
254
254
184
253
247
185
255
255
195
251
248
177
251
251
179
248
248
188
207
205
164
125
119
105
138
131
136
171
164
179
181
175
187
207
201
201
223
219
210
213
210
195
199
195
183
186
178
176
167
162
166
141
140
145
129
130
135
125
126
131
131
132
136
135
136
138
137
137
139
144
142
143
157
153
152
175
171
168
193
188
184
209
202
196
215
206
201
216
207
200
212
203
196
195
186
177
176
167
158
35
35
0
89
85
48
134
126
89
156
143
101
182
161
114
202
176
123
212
182
122
218
185
116
223
187
111
230
193
112
240
203
115
245
210
116
247
215
116
248
219
117
253
224
120
253
230
124
248
235
130
248
241
135
251
247
139
253
250
143
253
252
146
254
252
151
253
253
157
253
253
165
255
255
178
254
255
185
254
254
190
254
254
192
254
254
190
254
255
189
254
255
185
254
255
187
250
248
189
255
255
202
247
248
178
252
255
184
247
249
186
235
236
194
132
128
116
131
124
131
155
148
164
158
151
166
186
180
180
218
214
205
230
227
212
230
224
212
215
207
205
192
185
190
152
153
157
131
134
139
117
120
125
118
122
125
124
125
127
128
130
129
143
143
141
162
161
157
193
192
187
206
203
196
213
209
200
213
206
196
214
206
195
211
203
192
193
185
172
172
164
151
85
83
42
116
113
70
143
134
91
163
149
104
189
169
119
208
182
129
217
187
127
227
192
126
227
191
117
234
197
117
241
205
119
247
212
120
246
216
118
248
221
118
250
226
120
252
231
124
247
236
130
248
241
135
252
248
140
254
251
144
255
254
148
255
254
153
255
255
159
255
255
167
255
255
178
254
255
185
254
255
189
254
254
190
253
255
190
253
255
187
253
255
183
253
255
187
254
255
198
254
255
198
251
254
185
250
255
184
254
255
195
246
249
206
152
150
137
144
139
146
157
150
168
149
142
158
167
161
163
199
195
186
223
217
203
231
225
213
224
214
213
204
197
202
165
166
170
136
141
144
114
119
122
110
114
115
112
116
115
120
122
119
140
143
136
164
165
157
200
200
190
213
211
199
220
216
204
218
212
198
212
206
190
203
198
179
184
179
160
165
160
140
125
124
78
134
131
86
146
138
92
169
155
108
197
177
126
210
183
128
217
185
126
231
196
130
231
194
123
238
201
123
245
209
125
248
214
124
248
218
120
249
222
119
251
227
121
251
233
125
248
237
131
249
242
136
253
249
141
255
253
146
255
255
149
255
255
154
255
255
161
255
255
169
255
255
178
254
255
183
254
255
189
254
254
190
253
255
189
253
255
187
253
255
183
253
255
187
255
255
206
243
246
191
255
255
191
249
255
183
255
255
200
248
251
208
170
168
156
163
157
167
165
157
178
148
141
157
154
148
150
181
177
168
205
199
185
218
212
200
220
210
209
206
199
204
167
171
174
133
141
143
108
114
114
100
106
106
101
105
104
108
113
107
133
136
129
160
161
153
194
194
184
209
207
194
220
217
202
217
214
197
207
202
183
191
186
166
171
166
144
155
150
128
