115
160
33
129
173
49
117
162
43
57
106
0
95
144
35
83
134
29
81
134
30
176
231
127
67
120
16
73
124
23
119
164
71
68
108
22
28
60
0
149
175
110
60
81
25
87
102
61
62
67
44
41
43
29
36
38
24
42
44
30
38
40
27
27
29
16
11
13
2
21
22
14
23
24
18
20
21
15
22
23
18
63
64
59
29
29
27
36
36
34
8
8
6
22
22
20
87
131
7
121
167
43
152
200
80
99
148
33
60
109
2
73
121
19
105
156
55
128
178
79
55
102
4
63
108
13
99
139
50
43
78
0
38
68
0
137
162
97
64
85
28
74
89
46
55
60
37
41
43
29
38
40
26
43
45
31
43
45
32
33
35
22
17
19
8
16
18
7
38
39
31
24
25
19
29
30
25
41
42
37
34
34
32
27
27
25
17
17
15
19
19
17
112
158
34
121
169
47
144
191
75
151
197
88
79
125
24
49
93
0
87
130
38
120
160
71
98
137
48
54
90
2
81
115
31
51
82
4
41
67
0
96
118
53
71
91
32
65
78
34
50
55
32
48
50
36
47
49
35
45
47
33
48
50
37
38
40
27
26
28
17
12
14
3
40
41
33
24
25
19
35
36
30
21
22
17
44
45
40
19
20
15
26
26
24
12
12
10
147
197
74
148
198
77
110
156
45
163
208
105
139
180
86
47
85
0
36
69
0
102
133
55
79
108
28
104
131
54
165
189
113
105
127
54
23
44
0
99
118
54
109
127
67
19
32
0
48
54
28
58
60
46
57
59
45
43
45
31
46
48
35
34
36
23
37
39
28
16
18
7
27
28
20
26
27
19
34
35
29
20
21
15
47
48
43
19
20
15
28
28
26
10
10
8
122
173
52
148
199
81
88
136
27
128
169
73
134
169
85
63
91
17
32
55
0
60
79
15
87
102
37
144
159
94
186
198
132
144
156
90
48
63
0
94
108
46
108
124
62
71
83
35
39
45
17
59
62
45
59
61
47
37
39
25
40
42
28
25
27
14
48
50
39
28
30
19
26
27
19
42
43
35
30
31
25
30
31
25
39
40
35
20
21
16
25
26
21
20
21
16
83
137
17
85
135
22
59
104
3
85
124
35
71
99
25
56
76
13
89
99
46
85
92
41
119
121
71
120
123
68
107
110
53
142
148
88
135
143
83
109
121
59
69
83
21
116
128
78
29
35
7
52
55
38
54
56
42
33
35
21
42
44
30
21
23
9
56
58
45
35
37
26
42
43
35
62
63
55
24
25
19
35
36
30
31
32
27
19
20
15
23
24
19
34
35
30
74
128
14
42
94
0
58
102
7
79
112
33
45
67
3
56
66
14
140
141
99
137
132
94
103
95
56
110
103
59
120
114
66
138
137
83
173
176
119
165
173
113
90
102
40
54
64
12
32
36
9
52
55
38
54
57
40
41
44
27
58
60
46
26
28
14
60
62
49
30
32
21
49
51
40
65
66
58
17
18
10
33
34
28
37
38
32
16
17
11
22
23
18
37
38
33
73
129
18
64
115
12
102
142
54
96
126
54
67
84
29
80
85
44
154
148
116
136
122
93
148
133
102
119
105
70
169
157
115
149
143
95
135
134
80
143
148
90
132
142
82
63
73
23
41
45
18
57
60
43
59
62
45
52
55
38
74
76
62
33
35
21
60
62
49
20
22
9
43
45
34
55
57
46
12
13
5
30
31
23
49
50
44
15
16
10
22
23
18
31
32
27
52
105
1
120
167
71
166
204
121
160
187
120
64
76
28
52
52
16
98
88
61
125
109
84
132
112
87
155
136
106
135
119
83
116
105
60
102
98
50
130
133
80
156
164
107
72
80
33
37
41
14
72
75
56
37
40
21
50
53
36
67
70
53
30
32
18
76
78
64
22
24
11
37
39
28
42
44
33
25
26
18
20
21
13
21
22
16
23
24
18
34
35
29
24
25
19
45
95
0
54
99
8
98
132
55
94
118
56
74
86
40
23
23
0
79
69
44
108
92
69
117
97
73
126
105
78
75
59
25
31
19
0
94
90
45
164
163
115
107
114
63
72
79
37
48
52
25
78
81
62
47
50
31
62
65
46
73
76
59
32
35
18
67
69
55
18
20
6
23
25
12
42
44
33
29
30
22
26
27
19
32
33
27
33
34
28
41
42
36
33
34
28
15
59
0
20
59
0
59
90
20
87
108
51
119
128
85
62
61
30
85
75
50
99
84
61
110
92
68
78
61
33
126
111
78
142
132
94
101
96
56
183
181
140
157
160
117
57
61
24
50
54
29
73
76
55
49
52
33
66
69
50
69
72
55
27
30
13
48
50
36
10
12
0
37
39
26
59
61
50
32
34
23
11
12
4
15
16
8
19
20
12
31
32
26
36
37
31
56
95
12
81
115
38
48
77
10
71
90
35
76
85
42
83
84
50
69
64
35
82
72
45
62
48
21
85
71
42
121
111
76
168
160
124
101
97
60
144
141
106
167
168
134
113
116
85
44
48
23
60
63
42
46
49
30
64
67
48
60
63
46
26
29
12
36
38
24
14
16
2
59
61
48
81
83
70
47
49
38
17
19
8
18
19
11
20
21
13
33
34
28
41
42
36
70
102
27
104
134
62
50
74
12
79
98
43
82
93
50
114
118
81
64
64
30
56
51
19
81
75
41
106
100
66
96
90
54
125
121
86
102
99
66
122
121
91
112
112
84
111
113
89
37
41
18
53
56
35
50
53
32
65
68
49
54
57
38
35
38
21
39
42
25
35
37
23
30
32
19
52
54
41
36
38
27
25
27
16
29
30
22
26
27
19
33
34
26
32
33
25
110
137
68
91
116
50
25
46
0
34
51
0
87
99
53
117
125
84
114
118
81
116
118
81
77
77
39
125
123
84
90
88
50
60
57
22
129
128
98
136
136
110
9
11
0
76
78
57
28
31
10
48
51
30
56
59
38
64
67
46
44
47
28
41
44
25
40
43
26
49
52
35
23
25
11
24
26
13
14
16
5
20
22
11
22
23
15
22
23
15
35
36
28
27
28
20
89
111
46
64
86
22
36
56
0
43
60
8
110
123
77
107
118
75
117
125
84
107
114
72
140
145
102
111
116
73
133
135
95
100
102
65
110
110
82
170
172
150
121
122
106
107
108
94
20
23
4
48
51
30
66
69
48
63
66
45
32
35
16
40
43
24
33
36
19
49
52
35
59
61
47
30
32
19
16
18
7
32
34
23
26
28
17
27
29
18
48
49
41
33
34
26
57
82
14
57
82
16
50
72
10
58
77
22
108
124
75
121
133
87
147
156
111
142
149
105
167
172
129
152
155
112
152
154
114
121
123
86
115
116
85
169
169
145
166
165
145
91
90
72
21
23
1
54
56
34
77
79
57
68
70
48
29
31
10
42
43
25
30
31
15
47
48
34
56
58
45
14
16
3
11
13
2
41
42
34
29
30
22
23
24
16
38
39
33
11
12
6
44
80
6
70
106
32
135
166
98
89
115
52
100
119
63
123
136
83
119
127
78
143
146
101
160
158
117
136
132
94
118
114
76
101
97
60
92
88
53
150
147
114
164
161
130
59
58
28
27
23
0
61
57
30
75
71
46
66
61
39
42
40
19
69
66
49
44
42
29
35
33
21
30
30
20
20
20
12
47
48
42
36
37
31
23
25
20
44
46
41
36
38
33
29
31
26
116
159
80
145
186
110
176
212
140
82
111
44
100
120
59
130
143
89
140
147
96
116
117
73
120
117
76
99
91
54
126
118
82
127
119
83
113
105
69
90
84
48
140
136
99
124
120
85
100
95
63
100
95
66
82
76
50
57
51
27
40
35
15
70
64
48
45
41
29
31
27
16
29
26
19
27
27
19
30
31
25
29
30
24
19
21
16
27
29
24
38
40
35
19
21
16
70
111
33
82
120
45
119
152
81
83
110
43
112
132
71
102
115
61
144
150
102
148
147
103
103
98
58
129
121
84
168
158
123
189
178
146
188
179
146
159
153
119
150
144
110
107
103
68
144
139
107
149
144
115
133
127
101
84
78
54
39
34
12
51
46
27
44
41
26
54
50
38
20
18
6
29
29
19
14
16
5
26
28
17
22
24
13
16
18
7
34
37
26
5
8
0
34
75
0
54
92
17
60
93
22
56
83
16
99
119
58
136
146
93
185
188
141
159
157
116
124
119
81
201
193
157
192
181
149
193
182
150
167
156
124
201
192
159
170
161
128
132
126
94
136
131
99
159
154
124
194
189
160
201
195
169
187
182
160
161
156
136
90
87
68
46
43
26
25
23
8
26
27
13
10
12
0
16
19
2
23
26
9
30
33
16
45
49
32
33
37
20
52
90
15
64
100
26
69
100
30
129
155
90
105
125
66
92
102
50
122
125
78
146
144
103
172
167
129
213
205
169
166
155
123
172
158
129
167
153
124
200
189
159
178
167
137
174
165
134
186
180
148
178
173
143
191
186
156
189
184
155
200
196
169
205
201
176
181
179
156
167
165
144
111
110
90
77
79
58
46
49
28
13
17
0
20
25
2
56
61
38
78
84
58
107
113
87
46
82
8
123
159
87
135
166
98
154
179
114
98
116
58
150
163
110
174
180
132
161
159
118
176
171
133
192
184
148
170
159
127
165
151
122
209
195
166
200
186
157
184
173
143
166
157
126
171
165
133
170
165
133
193
188
156
183
178
148
186
182
153
184
180
153
190
188
163
204
204
178
191
193
169
179
182
155
178
182
155
144
149
119
123
130
99
102
109
76
46
53
20
44
51
17
88
121
50
77
110
39
54
83
16
95
119
57
93
111
53
169
182
129
196
202
156
193
194
152
132
128
90
170
164
128
178
169
136
151
140
108
174
163
131
152
141
109
176
165
133
182
173
140
184
180
145
171
168
133
195
192
157
194
191
158
212
209
176
197
196
165
186
185
155
182
183
152
191
194
163
194
199
167
185
191
157
171
179
142
171
179
140
155
166
126
133
144
102
139
150
108
68
101
32
75
106
38
92
121
55
115
139
77
95
114
58
143
156
103
166
174
127
166
169
126
117
118
78
133
131
93
128
124
87
155
149
113
177
171
135
165
157
121
166
158
122
180
174
138
171
169
130
176
176
138
218
218
180
207
207
171
203
203
167
177
178
144
187
188
154
207
211
176
192
198
162
215
223
186
194
202
163
194
205
163
188
199
156
146
159
113
130
144
95
118
132
83
69
100
33
75
106
39
76
105
39
85
109
49
103
122
66
111
128
74
121
133
85
141
148
104
130
135
92
104
106
66
143
144
104
164
165
125
180
181
139
152
150
109
204
202
161
209
207
166
190
191
149
185
188
145
218
220
180
204
206
166
172
177
137
150
155
115
184
190
152
189
197
158
227
235
194
174
185
143
221
232
189
189
202
156
182
196
147
125
142
90
149
166
112
126
143
88
73
103
39
89
118
54
89
118
54
90
116
55
98
119
62
91
110
55
97
114
62
128
142
93
130
142
94
144
153
106
167
175
128
155
163
114
202
210
161
179
187
136
188
195
144
204
210
162
134
140
92
188
194
148
209
217
170
175
182
138
176
183
139
198
207
164
206
215
172
182
193
150
203
216
172
150
163
117
186
202
153
179
196
144
162
181
126
142
161
105
108
129
70
100
121
62
90
118
57
101
129
68
89
117
56
89
114
56
103
128
71
97
120
64
104
124
71
142
162
109
127
145
93
163
182
127
208
225
171
167
184
129
184
202
144
158
176
116
123
141
81
119
134
77
130
143
89
175
185
133
174
184
134
169
179
129
180
192
144
184
196
148
156
169
123
151
167
120
191
209
161
131
149
99
159
179
126
140
161
105
131
155
97
131
155
95
97
121
61
122
146
84
121
149
90
122
150
91
98
126
67
94
122
63
114
142
84
97
125
67
76
104
46
95
123
65
71
99
40
92
120
59
182
208
145
153
179
114
128
155
88
128
155
86
111
138
67
90
115
47
119
137
77
124
139
84
118
133
78
157
171
118
164
181
127
157
174
122
130
148
96
150
168
118
167
187
136
120
143
89
149
172
116
104
129
72
116
141
83
93
121
60
111
140
76
149
178
114
100
128
70
108
136
78
98
127
69
101
130
72
116
145
87
91
122
63
57
88
29
54
88
27
60
95
31
58
93
25
126
163
93
112
150
77
101
139
62
122
161
82
125
164
83
129
163
86
109
131
66
108
126
66
105
125
66
125
144
88
114
135
78
143
164
108
140
163
109
127
150
96
125
150
95
116
141
86
125
153
95
104
132
74
107
137
77
71
101
39
105
135
71
119
149
85
85
112
57
97
125
67
100
129
71
96
127
68
95
126
67
90
124
64
85
121
59
86
125
60
102
143
73
103
145
73
112
156
79
105
150
69
133
178
95
134
180
92
106
152
62
131
173
87
127
154
83
112
134
70
107
129
67
102
126
66
82
106
46
108
133
75
120
145
88
93
120
65
114
141
86
117
146
90
89
118
60
105
136
77
82
113
53
77
111
50
91
126
62
77
112
46
109
136
83
111
138
83
110
139
83
93
124
67
75
109
49
91
127
66
107
147
84
99
142
73
95
141
68
103
149
74
100
149
68
112
164
79
139
192
100
128
182
88
101
155
59
119
165
75
124
156
81
98
123
58
87
112
47
88
114
51
95
121
60
87
115
56
94
122
64
96
125
67
117
146
90
102
133
76
78
109
50
86
120
60
60
94
33
88
124
62
95
131
67
69
105
41
89
116
63
87
114
61
97
126
70
92
123
66
83
117
57
110
148
87
125
165
102
93
136
67
78
124
51
71
119
41
84
136
53
109
163
75
92
149
54
91
148
51
108
166
66
102
151
59
124
156
81
114
139
73
93
119
54
76
102
39
107
135
74
86
114
55
78
107
49
85
114
56
99
130
73
70
101
44
92
126
66
69
103
43
63
99
37
90
126
64
103
142
77
69
108
43
