135
138
57
138
141
62
141
142
66
140
138
64
136
131
63
139
131
68
148
138
77
159
144
87
162
145
91
164
144
91
163
142
87
162
136
83
157
130
75
153
126
71
154
125
69
153
127
68
146
126
67
141
126
67
137
128
69
138
132
74
143
132
78
149
128
81
152
120
79
149
115
78
154
121
86
149
125
89
141
129
91
135
130
92
133
125
89
132
117
84
132
107
77
128
105
73
113
110
65
104
112
61
105
113
62
108
116
65
107
116
63
104
113
58
107
116
59
112
121
64
103
113
53
103
113
52
105
115
52
107
117
54
110
121
55
113
124
56
116
127
59
118
129
61
120
131
65
119
130
64
119
130
64
122
133
67
125
136
70
124
135
69
118
129
63
113
124
58
114
125
59
116
127
61
118
129
63
116
127
61
113
124
58
112
123
57
114
125
59
117
128
62
127
129
53
132
134
58
139
139
65
139
139
67
138
135
68
139
133
71
147
136
78
154
141
86
156
140
88
155
138
86
155
135
82
152
131
78
149
126
74
149
123
70
149
122
67
148
123
67
147
126
69
143
126
70
142
127
72
143
127
75
145
127
77
146
125
78
143
120
76
140
115
74
138
115
74
135
116
74
132
119
77
130
118
78
125
116
75
123
111
73
120
106
69
114
105
64
107
109
60
101
109
58
102
110
59
107
116
63
109
118
63
108
117
60
110
119
62
113
123
63
111
121
60
112
122
59
114
124
61
116
127
61
118
129
61
121
132
64
122
133
65
123
134
66
118
129
63
119
130
64
120
131
65
122
133
67
123
134
68
122
133
67
118
129
63
116
127
61
113
124
58
113
124
58
113
124
58
112
123
57
110
121
55
111
122
56
114
125
59
116
127
61
122
125
54
130
131
61
138
139
69
141
140
75
138
137
73
138
133
75
140
133
78
145
135
82
145
133
83
145
131
82
145
129
80
146
128
80
149
129
79
150
128
78
149
127
77
147
125
75
145
123
73
145
121
73
150
117
72
150
116
71
148
117
73
139
117
70
127
117
66
119
116
65
119
116
65
123
115
66
130
113
67
131
113
67
128
114
67
120
117
66
110
121
65
105
123
65
112
123
67
109
118
65
109
118
65
116
125
70
121
130
75
120
129
72
118
128
68
118
128
67
111
121
60
113
123
60
115
126
60
118
129
61
119
130
62
120
131
62
120
131
62
120
131
63
116
127
61
118
129
63
120
131
65
121
132
66
120
131
65
119
130
64
118
129
63
118
129
63
115
126
60
113
124
58
111
122
56
110
121
55
111
122
56
113
124
58
113
124
58
113
124
58
119
121
55
125
127
61
131
133
68
133
133
71
129
129
69
125
122
67
126
120
68
127
121
71
126
118
71
129
118
72
132
119
74
138
124
79
142
128
81
143
129
82
143
127
78
141
123
75
137
114
70
141
112
70
144
109
69
142
109
66
135
111
65
126
112
63
115
114
58
109
114
56
121
124
67
126
124
67
133
120
67
138
121
67
135
124
68
127
131
70
117
140
70
115
142
73
119
135
73
118
127
70
117
126
69
123
132
75
128
137
80
125
135
75
120
130
69
117
127
64
110
120
57
112
123
57
115
126
58
117
128
60
118
129
60
117
128
59
116
127
58
114
125
56
114
125
57
117
128
62
120
131
65
120
131
65
117
128
62
116
127
61
118
129
63
120
131
65
119
130
64
116
127
61
114
125
59
114
125
59
116
127
61
116
127
61
112
123
57
108
119
53
111
115
52
115
119
56
118
122
61
119
120
62
115
116
59
112
112
60
112
110
61
113
111
63
106
102
57
109
105
60
116
109
65
121
114
70
125
117
71
124
116
70
119
111
65
120
105
62
126
101
60
130
102
62
128
107
64
124
112
64
119
116
63
117
120
63
117
123
63
119
123
62
133
133
71
133
132
68
134
130
66
133
130
63
129
132
63
123
135
61
117
140
62
118
140
65
116
131
66
113
123
63
111
121
61
118
128
68
122
132
71
120
130
67
114
124
61
111
122
56
116
127
61
117
128
60
120
131
63
121
132
63
122
133
64
121
133
61
119
131
59
117
129
57
114
125
57
117
128
60
119
130
62
117
128
60
114
125
57
114
125
57
116
127
59
120
131
63
118
129
61
117
128
60
117
128
60
118
129
61
118
129
61
115
126
58
107
118
50
101
112
44
114
118
57
116
120
59
118
122
63
117
120
63
115
118
63
114
117
64
114
116
66
115
117
68
104
103
57
108
107
61
112
111
65
114
113
67
111
110
64
107
104
59
104
101
56
106
99
53
113
99
54
116
103
58
113
113
61
111
120
63
111
127
65
116
132
69
126
135
72
134
136
71
134
133
68
132
133
65
126
132
60
120
131
55
115
129
50
113
127
48
112
125
45
112
124
50
111
122
56
107
117
56
107
117
56
113
123
60
117
127
64
116
127
61
113
124
58
113
124
56
119
130
62
120
131
62
121
132
63
123
134
65
123
135
63
122
134
62
121
133
59
121
133
61
117
128
59
117
128
60
116
127
59
114
125
57
113
124
56
113
124
56
115
126
58
117
128
60
115
126
58
115
126
58
116
127
59
117
128
60
115
126
58
110
121
53
103
114
46
98
109
41
122
128
66
124
130
68
125
131
71
125
130
72
124
129
71
122
127
71
120
125
69
120
125
71
109
116
64
113
120
69
115
122
71
112
119
68
105
112
61
104
108
58
106
110
60
109
116
64
105
112
58
105
119
60
101
127
62
99
132
63
102
133
63
109
135
64
124
135
67
134
137
68
128
129
59
125
131
57
116
133
55
111
133
51
110
129
48
113
124
46
120
118
44
120
115
47
116
121
55
109
119
56
110
120
57
114
125
59
116
127
61
114
125
57
114
125
57
117
128
59
120
131
62
120
132
60
121
133
61
121
133
61
122
134
62
122
134
60
122
134
60
122
134
62
121
132
63
118
129
61
114
125
57
112
123
55
112
123
55
113
124
56
113
124
56
113
124
56
113
124
56
115
126
58
116
127
59
115
126
58
111
122
54
108
119
51
105
116
48
105
116
48
123
132
67
125
134
69
127
136
71
126
135
72
123
132
69
119
127
67
114
122
62
111
121
61
111
120
63
114
125
67
116
127
69
110
121
65
103
114
58
102
112
59
112
122
69
118
133
76
101
130
64
99
135
63
100
136
64
101
134
61
102
130
56
107
127
55
116
126
55
121
129
56
119
130
54
115
132
54
111
136
55
112
137
56
116
135
56
121
132
56
130
126
55
130
125
59
119
124
58
113
124
58
113
124
58
114
125
57
112
123
55
109
120
52
110
121
52
115
126
57
123
135
63
123
135
63
123
135
63
123
135
63
124
136
62
125
137
63
126
138
64
127
139
67
123
134
65
118
129
61
112
123
55
110
121
53
111
122
54
113
124
56
112
123
55
111
122
54
115
126
58
116
127
59
117
128
60
114
125
57
110
121
53
108
119
51
111
122
54
114
125
57
130
142
70
125
137
65
118
130
58
115
126
57
116
127
58
117
128
59
116
127
59
113
126
57
109
121
55
105
120
55
106
121
56
110
124
62
110
124
62
108
122
61
114
128
67
116
143
76
95
143
65
90
142
60
103
134
58
118
131
59
127
128
58
126
126
56
122
130
55
120
137
59
110
138
54
112
144
61
116
143
62
114
137
59
119
132
60
126
136
65
130
137
69
127
134
67
123
132
65
118
129
61
113
124
56
112
123
54
114
125
56
117
128
59
118
129
60
118
130
58
125
137
65
122
134
62
120
132
60
122
134
62
126
138
64
129
141
67
130
142
68
129
141
69
122
133
64
121
132
63
119
130
61
117
128
59
115
126
57
117
128
59
122
133
64
126
137
68
121
132
63
122
133
64
123
134
65
124
135
66
123
134
65
122
133
64
120
131
62
119
130
61
128
140
64
124
136
60
121
133
57
119
131
55
119
131
55
121
133
57
120
134
59
120
134
59
117
133
60
110
126
55
107
123
52
109
126
56
110
127
59
107
123
58
106
122
57
101
128
59
87
138
59
87
134
54
107
124
53
125
122
55
138
120
56
140
122
56
135
131
58
130
141
63
117
140
58
103
132
50
104
128
50
116
137
62
127
143
72
127
142
73
123
142
74
127
144
76
124
137
68
120
131
62
113
124
55
110
121
52
112
123
54
116
127
58
119
131
59
120
132
60
125
137
65
122
134
62
119
131
59
120
132
60
123
135
63
126
138
66
128
140
68
127
139
67
127
138
69
126
137
68
124
135
66
122
133
64
120
131
62
121
132
63
125
136
67
129
140
71
130
141
72
130
141
72
130
141
72
130
141
72
129
140
71
127
138
69
126
137
68
125
136
67
132
145
66
132
145
66
131
144
64
128
141
61
126
139
59
126
139
59
127
142
61
129
143
64
126
140
61
117
131
54
109
125
50
113
129
56
117
133
62
116
131
62
112
127
60
105
126
57
91
122
52
97
122
54
119
123
60
142
128
67
154
125
67
151
119
60
143
118
54
136
121
52
134
134
60
125
136
60
121
137
62
120
141
66
121
143
71
117
143
72
113
143
73
116
141
73
125
140
71
122
133
64
115
126
57
112
123
54
112
123
54
116
127
58
121
132
63
123
134
65
124
135
66
121
132
63
118
129
60
117
128
59
119
130
61
122
133
64
124
135
66
125
136
67
129
140
71
129
140
71
127
138
69
124
135
66
122
133
64
122
133
64
125
136
67
128
139
70
132
143
74
132
143
74
130
141
72
129
140
71
128
139
70
128
139
70
128
139
70
128
139
70
141
154
75
143
156
76
143
156
76
140
153
71
135
148
66
132
145
63
133
146
64
135
148
66
133
146
66
124
138
59
117
131
54
117
131
56
119
132
62
119
132
63
116
129
60
113
125
61
105
114
57
101
106
52
101
98
45
110
97
44
123
97
44
135
100
46
149
108
52
159
119
60
147
113
50
162
137
73
160
149
83
139
140
72
121
134
64
120
142
70
119
145
74
116
139
69
127
142
73
126
137
68
121
132
63
118
129
60
117
128
59
119
130
61
122
133
64
124
135
66
123
134
65
121
132
63
117
128
59
115
126
57
116
127
58
118
129
61
121
132
64
122
133
64
126
137
68
126
137
68
125
136
67
123
134
65
120
131
62
119
130
61
121
132
63
123
134
65
124
135
66
123
134
65
122
133
64
121
132
63
121
132
63
122
133
64
124
135
66
125
136
67
142
153
77
145
156
78
146
157
79
144
155
76
140
152
70
137
149
67
137
149
67
139
151
69
138
149
70
133
146
67
126
138
62
119
131
59
115
126
57
113
124
56
112
121
56
114
114
60
109
97
59
109
96
62
107
105
64
116
115
69
127
119
70
142
116
67
164
112
65
182
111
67
172
91
46
183
107
58
179
124
68
164
130
67
146
136
67
139
143
69
136
146
73
132
145
73
130
141
72
129
140
71
128
139
70
127
138
69
125
136
68
123
134
66
123
134
66
123
134
66
122
133
65
120
131
63
118
129
61
116
127
59
115
126
58
116
127
61
119
130
64
121
132
64
122
133
64
123
135
63
124
136
64
122
134
62
119
131
59
118
130
58
118
130
58
120
132
60
117
129
57
117
129
57
116
128
56
116
128
56
118
130
58
120
132
60
122
134
62
124
136
64
132
142
69
134
144
71
138
149
73
139
150
72
139
150
71
138
149
70
139
150
71
139
150
71
134
145
66
136
144
67
132
140
67
126
133
63
122
129
62
121
127
63
118
124
62
118
116
67
113
97
71
111
99
77
107
110
79
113
121
82
118
121
76
128
110
64
148
95
55
169
85
49
199
89
56
193
75
39
187
80
38
190
104
55
181
127
65
161
132
62
145
137
62
141
145
69
131
141
70
132
143
74
133
144
75
132
143
74
128
139
71
125
136
68
123
134
66
123
134
66
120
131
63
120
131
63
120
131
63
118
129
63
117
128
62
117
128
62
119
130
64
121
132
64
123
134
65
125
137
65
126
138
66
126
138
66
123
135
63
121
133
61
121
133
61
122
134
62
118
130
58
118
130
58
119
131
59
120
132
60
121
133
61
123
135
63
124
136
64
125
137
65
126
136
65
128
138
67
130
140
69
134
144
71
140
148
73
141
149
72
139
147
70
137
145
68
132
140
65
134
140
68
132
138
68
128
133
66
127
131
68
124
128
69
112
115
58
99
100
56
91
88
69
71
71
59
45
57
35
33
46
18
33
43
6
53
44
3
91
47
8
132
49
15
189
64
36
213
59
35
221
55
29
212
59
27
197
82
35
186
114
53
165
137
61
145
144
64
134
142
69
133
144
76
134
145
77
131
142
74
127
138
70
123
134
66
123
134
68
124
135
69
118
129
63
120
131
65
122
133
67
122
132
69
120
130
67
119
129
66
120
130
67
122
133
67
124
135
66
127
139
67
129
141
69
130
142
70
128
140
68
126
138
66
125
137
65
126
138
66
120
132
60
121
133
61
122
134
62
123
135
63
123
135
63
123
135
63
123
135
63
122
134
62
129
139
68
128
138
67
129
139
68
134
144
73
138
148
75
138
149
73
134
145
69
132
140
65
138
146
73
136
142
72
132
134
68
126
127
67
123
122
68
113
111
62
89
85
40
64
60
25
30
25
6
23
21
9
16
22
10
17
26
9
17
27
3
25
18
0
51
8
0
85
0
0
159
13
0
232
50
28
255
56
35
211
23
0
186
37
0
213
104
47
213
147
73
177
144
65
146
138
66
136
143
73
132
143
74
129
139
70
127
132
66
127
129
66
129
129
69
130
131
73
116
126
63
119
131
65
121
136
67
123
136
66
123
133
62
121
131
62
120
132
68
122
134
70
123
136
67
127
138
69
130
141
72
131
142
73
130
141
72
128
139
70
127
138
69
128
139
70
120
131
62
121
132
63
122
133
64
122
133
65
121
132
64
119
130
62
117
128
60
116
127
59
124
134
61
122
132
59
122
134
62
126
138
66
125
137
65
121
133
61
119
131
57
121
133
59
132
142
69
114
121
51
121
125
62
122
121
67
126
121
79
78
67
35
48
33
10
23
5
0
45
23
0
23
2
0
36
23
17
16
10
10
18
19
14
31
14
4
68
13
0
118
13
0
179
9
0
238
34
7
255
54
24
233
39
3
200
40
0
202
63
6
223
98
31
239
148
77
164
130
58
159
159
85
127
138
62
144
151
81
133
127
65
139
122
68
148
126
79
134
120
73
125
133
76
116
135
67
113
136
54
114
134
47
121
129
44
122
129
51
117
132
65
115
133
71
123
138
71
123
136
67
121
134
65
118
131
62
117
130
61
118
131
62
119
131
65
120
132
66
120
132
68
119
131
67
117
129
65
115
127
65
114
126
64
114
126
64
115
127
65
115
127
65
115
126
50
113
124
48
113
125
51
116
128
56
115
128
58
111
124
52
109
123
48
111
125
50
107
119
45
117
127
56
127
131
68
122
122
68
79
74
34
38
26
0
23
7
0
38
16
3
58
30
8
46
17
0
44
20
16
35
19
22
43
33
34
37
12
8
91
34
17
166
66
40
229
76
45
243
60
26
236
47
9
226
40
0
217
47
0
210
45
0
216
47
0
223
83
24
206
128
66
164
130
66
134
127
55
130
133
62
134
133
69
129
120
65
138
122
73
126
116
67
116
127
67
106
132
61
103
132
50
106
130
46
113
124
45
116
122
50
112
124
62
110
126
64
119
134
67
117
132
63
113
128
59
110
125
56
107
122
55
107
122
55
107
122
57
107
122
57
111
125
63
112
126
64
113
127
66
113
127
66
113
127
66
113
127
68
112
126
67
112
126
67
112
123
45
110
121
45
110
122
48
114
126
54
112
125
53
108
121
49
104
120
45
108
122
45
102
116
39
111
123
49
107
114
47
114
117
60
70
67
24
50
44
12
31
20
0
50
34
19
44
20
7
66
40
27
40
15
8
17
0
0
33
8
3
43
9
0
105
53
39
129
57
33
215
116
85
250
126
88
247
102
57
230
65
19
228
50
4
226
38
0
224
27
0
215
36
0
218
82
42
174
86
38
170
130
68
132
128
57
116
131
62
90
113
45
104
123
59
113
132
66
100
128
54
97
129
54
95
128
57
96
125
59
104
119
64
107
116
63
108
116
59
108
116
56
112
124
58
110
123
53
106
119
49
103
116
47
100
113
44
98
110
44
97
109
43
97
109
45
102
114
50
104
116
54
107
119
57
109
121
59
110
122
60
109
120
60
108
119
59
107
118
58
121
132
54
119
130
52
119
131
55
122
134
60
121
134
62
116
130
55
113
130
52
115
132
52
113
130
50
108
122
45
99
110
41
111
117
57
94
96
47
79
77
39
53
47
21
51
39
23
25
5
0
45
20
13
23
4
0
33
12
0
68
41
22
100
69
51
181
144
126
152
107
86
200
145
115
255
184
146
255
151
107
241
88
44
239
52
11
239
33
0
241
31
0
239
40
11
209
35
8
180
52
15
189
127
70
142
133
66
98
129
61
81
128
60
86
127
61
101
134
63
99
126
47
101
125
47
98
124
59
98
122
70
100
118
78
103
116
73
107
114
60
108
114
50
104
115
47
102
115
45
99
112
42
97
110
40
95
108
39
95
108
39
94
107
38
94
106
40
94
106
40
95
107
43
96
108
44
97
109
47
98
110
48
98
110
48
98
110
48
98
110
48
128
141
61
126
139
60
127
139
63
130
144
69
129
143
68
123
139
64
121
138
58
122
141
59
116
135
53
116
133
53
130
144
69
119
130
64
105
112
58
65
68
25
47
48
14
41
34
15
43
22
19
23
0
0
27
15
0
96
88
51
115
103
65
122
108
73
216
202
176
182
166
143
174
153
126
250
199
168
255
155
117
241
89
52
250
53
19
244
29
0
244
39
8
249
51
24
223
33
7
196
46
13
182
107
52
146
135
71
90
131
73
99
162
107
88
138
83
86
121
57
110
121
42
117
118
38
113
119
55
106
120
69
98
120
84
97
119
80
103
119
56
106
119
47
99
112
40
99
112
40
99
112
40
99
112
42
99
112
42
100
113
43
101
114
44
101
114
45
97
110
41
95
107
41
93
105
39
92
104
40
92
104
40
93
105
41
95
107
43
97
109
45
129
142
62
127
140
61
127
141
64
131
145
68
128
144
69
124
141
63
121
140
59
123
142
60
119
139
54
120
140
55
139
156
76
121
137
66
113
125
63
66
76
24
52
59
17
41
40
12
55
40
33
46
32
23
65
65
29
114
118
67
102
101
47
99
97
48
180
180
146
132
131
103
77
71
45
216
180
154
249
158
129
219
78
48
231
44
13
246
41
10
252
59
26
238
49
17
240
45
15
224
62
23
200
111
51
167
148
82
82
124
74
87
156
112
88
146
108
93
129
81
117
119
46
128
115
36
124
117
49
115
118
63
103
121
81
101
124
78
108
125
54
111
126
43
105
119
42
105
118
46
106
119
47
107
120
48
108
121
51
109
122
52
110
123
53
110
123
53
106
119
50
104
117
48
100
113
44
98
110
44
98
110
44
100
112
46
103
115
49
106
118
52
128
141
61
126
139
60
126
140
63
130
144
67
127
143
68
123
140
62
120
139
58
122
142
57
122
142
55
119
139
52
121
140
58
120
138
62
118
133
66
99
113
54
80
92
42
67
75
38
56
55
35
83
85
63
96
108
62
97
111
50
93
104
38
104
112
52
157
163
115
105
107
70
23
18
0
164
132
107
192
112
89
173
49
25
190
29
0
208
29
0
233
61
21
238
65
22
243
56
11
232
71
17
222
124
49
196
162
91
98
129
85
55
119
93
83
145
130
98
141
114
122
123
65
136
118
42
136
118
42
129
120
51
116
127
71
112
132
71
121
135
48
125
136
44
119
132
53
119
131
59
119
131
59
119
131
59
118
130
58
117
129
57
116
128
56
116
127
58
115
126
57
114
125
56
112
123
54
111
122
54
112
123
55
114
125
57
117
128
60
119
130
62
129
142
63
127
140
61
127
141
64
131
145
70
130
143
71
124
140
65
123
140
62
124
141
60
119
137
51
122
142
55
114
134
49
126
145
66
109
126
56
113
129
66
98
113
58
98
114
69
83
99
63
104
120
83
97
114
60
92
108
43
113
124
55
104
114
45
123
131
71
99
101
52
75
71
33
107
84
53
75
19
0
106
16
0
151
26
0
139
0
0
188
29
0
255
94
45
252
68
16
226
61
0
228
113
22
217
161
74
135
150
95
51
107
80
77
145
144
76
131
126
115
131
92
132
126
64
138
124
53
138
125
55
126
130
69
126
137
68
135
142
47
138
144
46
133
142
63
129
141
69
128
140
68
126
138
66
123
135
63
120
132
60
117
129
57
116
128
56
117
128
59
118
129
60
119
130
61
120
131
62
122
133
64
124
135
66
125
136
67
126
137
68
127
139
63
131
143
67
133
145
73
131
142
73
130
141
72
129
142
72
129
143
68
128
142
63
121
136
53
120
138
54
121
139
55
119
136
56
114
130
59
111
126
61
110
125
66
106
127
71
95
128
73
98
129
72
114
132
74
118
126
66
115
117
51
117
118
48
119
120
50
110
111
45
130
129
73
131
123
77
109
91
55
82
41
9
78
3
0
108
0
0
186
30
0
255
80
33
245
56
0
225
52
0
206
69
0
232
151
34
181
173
92
67
112
69
27
105
105
46
126
135
92
140
126
113
137
101
132
132
80
138
129
70
133
131
72
134
134
62
142
137
43
144
141
44
135
142
62
130
141
72
129
140
71
126
137
68
124
135
66
122
133
64
121
132
63
121
132
63
122
134
62
122
134
62
125
137
65
128
140
68
127
139
67
123
135
63
124
136
64
129
141
69
132
144
70
131
143
71
128
139
71
125
136
70
125
134
69
127
136
69
128
138
69
128
138
65
127
140
61
127
140
60
128
141
61
127
141
62
126
139
67
124
136
70
119
133
72
113
133
72
117
148
81
116
145
79
124
133
76
126
127
70
125
127
62
126
130
56
126
134
51
130
137
57
136
139
70
132
135
78
131
136
93
131
123
87
108
72
36
99
16
0
164
22
0
248
75
33
251
77
24
227
66
0
225
88
0
252
162
24
210
187
81
92
126
65
11
87
85
2
88
111
59
123
135
102
141
138
129
139
115
128
123
85
130
124
76
136
133
66
136
137
43
133
137
40
131
140
61
129
140
72
130
141
73
129
140
72
127
138
70
126
137
68
126
137
68
126
137
68
125
136
67
125
137
65
125
137
65
124
136
64
121
133
61
124
136
64
139
151
79
156
168
96
141
152
84
133
144
78
126
135
72
121
129
69
124
129
71
127
133
73
129
133
70
130
135
68
119
125
51
120
127
50
122
130
53
127
135
60
128
138
69
130
139
74
128
138
78
126
136
76
129
140
72
132
138
74
125
122
69
123
122
68
128
139
73
115
136
57
109
134
40
128
149
54
138
147
64
131
138
70
135
149
100
154
162
123
148
135
101
137
82
52
176
58
30
222
78
44
217
78
35
210
83
4
246
132
0
255
194
43
239
210
84
135
153
77
35
97
92
25
101
137
32
94
141
81
123
163
115
126
143
125
120
114
135
131
102
132
137
79
120
140
51
125
149
53
119
133
56
123
132
67
124
133
68
124
133
68
123
132
67
122
131
64
123
132
65
125
134
67
133
143
74
136
146
77
138
148
79
134
144
75
126
136
65
129
139
68
149
159
88
170
180
109
125
135
72
115
123
63
105
113
56
106
111
57
111
114
61
116
116
62
118
117
60
120
120
58
119
120
52
122
123
53
126
128
55
126
129
58
125
127
61
123
127
66
125
128
71
129
130
72
125
119
57
134
124
63
124
112
60
126
125
71
138
154
89
115
142
63
96
127
33
119
143
47
127
137
50
131
137
65
130
140
87
127
135
96
131
130
99
156
126
100
183
105
83
178
82
60
189
106
76
181
107
46
224
157
40
242
196
59
218
206
88
140
160
89
37
88
89
21
83
130
22
75
141
61
95
159
97
100
141
126
114
128
149
137
121
134
136
89
106
133
56
116
148
62
121
137
66
125
134
71
124
133
70
121
130
67
118
127
64
118
127
62
122
131
66
126
135
68
130
139
72
136
146
77
142
152
83
142
152
83
133
143
74
127
137
66
134
144
73
146
156
85
114
122
65
104
111
57
102
106
55
109
111
62
121
118
73
126
122
75
132
126
76
136
131
75
148
142
80
154
149
85
156
151
85
149
146
79
139
135
72
131
129
70
133
130
77
141
134
82
148
128
75
155
134
81
141
128
76
148
147
93
165
181
118
143
169
95
122
148
61
141
159
71
132
135
54
153
149
78
154
152
95
127
124
81
106
105
75
128
120
99
144
117
106
114
87
80
134
124
115
106
105
74
121
128
48
139
153
58
156
181
100
126
161
118
40
83
102
13
55
113
20
53
130
57
71
144
92
79
125
120
93
112
150
123
112
148
138
102
114
136
74
102
132
62
115
129
67
118
126
66
113
121
61
105
113
53
99
107
47
100
109
46
106
115
52
113
122
57
116
125
60
119
128
61
126
135
68
131
140
73
127
137
68
118
128
59
114
124
55
115
125
56
108
115
63
103
107
57
106
108
61
121
120
76
134
129
89
142
135
93
150
142
96
160
150
99
168
157
101
176
164
104
181
171
109
178
168
106
168
159
100
161
152
97
160
153
101
166
156
107
175
158
112
174
158
109
162
152
101
171
168
113
196
197
139
193
195
132
179
180
112
185
185
113
171
167
93
168
161
91
172
164
102
159
153
103
134
135
103
130
139
122
112
131
129
67
97
107
74
120
136
61
119
121
58
127
96
64
137
92
85
155
121
85
148
140
51
105
143
41
82
146
5
33
106
50
55
119
94
70
106
115
71
84
145
95
84
174
137
108
158
153
113
126
134
85
120
127
73
119
127
68
114
122
63
105
113
53
98
106
46
98
106
46
107
115
55
115
124
61
114
123
60
110
119
54
110
119
54
116
125
58
119
128
61
116
126
57
111
121
52
110
120
51
98
102
52
92
95
48
96
97
55
111
107
69
123
115
79
128
118
82
141
128
86
154
140
95
159
143
92
166
151
96
175
160
101
180
165
106
178
165
110
172
159
107
165
153
105
157
150
104
153
159
113
145
153
104
145
148
93
168
157
103
204
172
123
222
179
134
215
172
129
199
167
118
186
174
113
157
154
85
159
156
87
165
164
107
149
155
119
136
158
145
97
150
158
40
114
141
46
130
176
60
163
206
40
164
188
19
150
168
10
132
155
6
113
149
24
105
161
38
98
160
3
42
97
31
41
77
87
60
69
123
65
54
136
58
38
167
89
67
185
129
112
166
134
109
143
136
90
138
143
87
136
141
85
131
136
78
125
130
72
126
131
73
134
140
80
142
148
88
129
135
73
121
127
65
116
122
58
117
123
59
119
126
59
116
123
56
114
121
54
114
121
54
109
116
64
101
108
56
104
108
58
113
115
68
120
117
74
122
117
75
134
127
81
150
142
93
142
132
79
145
136
79
151
142
83
160
151
92
162
153
96
152
145
91
135
128
76
116
115
67
113
129
82
104
122
72
114
123
68
142
132
79
176
142
96
201
154
112
197
149
111
169
132
88
157
142
83
138
137
70
148
148
78
143
144
86
116
122
84
110
133
117
90
143
149
41
117
151
16
109
176
39
152
228
8
147
206
0
132
185
0
114
169
0
95
157
13
104
175
25
92
160
21
68
120
11
31
68
66
49
68
117
68
74
107
27
28
114
21
16
161
74
65
182
117
97
142
114
77
133
127
79
133
131
82
128
131
78
123
128
74
124
129
73
135
135
81
143
142
86
143
142
86
134
135
78
124
129
71
120
128
71
114
123
66
107
116
59
103
110
56
103
110
56
95
107
43
111
123
59
114
126
64
127
137
76
124
134
73
116
124
64
129
137
77
131
139
79
127
133
71
126
132
70
113
119
57
144
150
88
155
161
99
142
150
90
115
123
64
133
142
85
105
119
66
111
125
74
101
110
57
101
101
49
138
128
77
164
148
97
145
125
72
109
92
36
99
91
28
112
108
44
139
137
76
137
135
84
143
144
110
119
126
106
104
123
119
73
109
141
24
90
176
12
101
201
14
124
199
6
124
186
0
84
150
0
100
172
2
83
162
8
74
150
1
54
120
10
44
108
75
84
151
83
63
126
95
41
93
124
41
67
117
15
1
146
53
22
131
76
46
107
78
46
121
107
70
111
108
65
94
98
48
90
92
43
97
91
43
138
125
80
124
109
66
98
89
46
92
93
51
97
105
64
108
120
82
97
111
75
78
88
54
96
103
72
98
114
43
104
120
49
104
119
50
120
135
66
120
135
66
105
120
51
111
126
59
111
126
59
125
140
73
113
128
61
87
102
37
112
127
62
129
144
79
132
147
82
105
119
57
112
128
66
105
120
63
111
125
72
99
112
59
93
102
49
114
119
65
128
129
72
111
109
48
89
85
22
69
65
1
88
87
23
127
126
69
135
137
88
146
150
115
130
134
111
132
136
122
112
132
157
36
90
180
14
90
200
17
107
193
6
100
174
0
80
157
14
97
177
11
79
160
2
59
136
0
47
110
11
52
114
63
92
166
80
88
163
94
69
137
112
56
95
111
24
14
130
39
10
127
54
35
135
80
60
142
105
78
147
124
90
126
117
74
107
103
55
126
120
70
145
137
88
129
118
72
110
102
56
104
101
58
101
103
63
107
115
76
98
110
74
80
91
59
95
106
74
121
138
68
123
140
70
115
132
62
125
142
72
120
137
69
99
116
48
97
114
46
90
107
39
124
140
75
112
128
63
80
96
31
89
105
40
97
113
50
111
127
64
95
111
48
98
114
52
94
114
55
101
120
64
95
112
57
92
105
51
106
115
60
116
121
63
112
116
53
112
114
49
79
81
15
87
92
26
118
126
66
135
143
92
151
162
122
129
139
112
123
136
118
103
128
148
34
86
170
17
88
196
29
108
200
6
84
169
4
75
167
21
82
171
23
71
153
7
50
116
11
54
96
30
73
105
58
102
141
80
113
158
89
99
148
88
77
109
90
55
53
102
45
28
137
57
48
141
54
45
186
113
96
172
116
89
163
129
91
171
158
106
133
137
76
151
163
97
143
155
89
147
153
89
157
153
92
139
133
75
126
121
66
112
115
60
96
111
54
114
135
78
123
140
70
138
155
85
130
147
77
124
141
71
112
129
61
99
116
48
101
118
50
87
104
36
117
133
68
117
133
68
92
108
43
84
100
35
72
88
25
90
106
43
89
105
42
94
112
50
86
108
46
93
114
55
89
109
50
86
104
46
96
110
51
107
118
58
121
132
66
141
150
83
113
123
54
101
112
43
116
131
66
131
146
91
148
165
121
119
136
104
98
117
95
69
101
114
21
79
153
21
93
195
47
121
218
12
82
178
12
69
172
16
62
158
26
59
138
22
49
102
47
80
97
60
101
103
54
105
109
70
119
133
74
114
140
66
92
115
83
90
96
89
70
64
117
60
53
145
68
60
139
61
49
164
93
75
182
127
97
176
143
100
168
162
104
128
139
70
115
136
61
139
157
81
161
169
94
135
135
63
105
105
35
93
99
27
90
108
34
122
144
71
86
106
35
122
142
71
122
142
71
103
123
52
90
109
41
97
116
48
110
129
61
94
113
45
104
123
57
108
127
61
91
110
46
82
101
37
64
83
19
86
105
41
90
109
45
92
113
48
86
111
46
90
114
52
83
105
43
73
93
32
74
92
32
83
99
36
104
119
52
132
147
78
111
127
56
97
114
43
107
128
61
114
135
76
125
149
101
93
119
80
80
106
77
55
96
100
13
81
144
16
96
191
42
122
221
12
80
187
18
68
183
17
50
155
26
44
120
28
42
81
83
104
97
87
122
92
55
108
78
59
120
102
58
119
122
50
103
117
74
116
128
73
96
101
90
90
80
83
55
41
126
72
62
120
50
40
152
74
61
191
125
99
140
101
58
127
116
58
80
96
23
95
124
42
113
142
58
92
117
33
79
99
14
83
98
15
90
105
22
122
135
55
67
87
16
106
126
55
107
127
56
89
109
38
81
100
32
95
114
46
110
129
61
90
109
41
93
112
46
89
108
42
77
96
32
80
99
35
69
88
24
97
116
52
97
116
52
86
107
42
88
110
45
92
117
51
84
106
42
71
91
28
71
89
27
76
95
31
93
110
42
115
132
62
90
110
38
87
109
36
101
124
54
91
117
54
89
118
64
62
93
49
67
98
64
55
104
101
11
92
147
3
97
187
15
102
205
2
75
188
18
68
189
22
53
159
22
32
103
32
36
65
97
109
85
97
124
73
63
112
57
58
119
75
54
118
101
46
110
110
65
119
129
58
103
108
70
103
92
96
109
91
101
85
72
118
78
68
132
74
63
134
75
57
143
100
66
120
98
51
101
105
44
90
114
40
86
119
38
72
107
23
79
111
26
93
118
34
90
107
26
106
119
39
73
95
23
92
114
42
87
109
37
87
109
37
93
115
43
101
123
51
104
125
56
79
100
31
80
101
32
76
97
30
72
93
26
83
104
37
69
90
23
94
115
48
96
117
52
86
107
42
89
110
43
101
122
55
99
120
55
91
110
46
95
114
50
102
118
53
105
122
54
112
129
59
93
113
41
89
111
38
91
117
46
71
100
34
72
101
45
57
89
40
70
102
61
55
108
100
6
98
147
0
100
188
0
93
197
0
79
195
6
66
186
19
54
158
17
28
92
49
50
70
99
104
72
98
113
54
75
110
42
63
111
51
56
110
74
55
107
92
62
107
104
54
96
95
72
118
107
70
113
94
105
140
120
93
114
95
93
96
75
111
101
76
98
78
51
118
98
63
129
118
73
106
106
54
83
101
39
63
93
23
70
103
30
75
109
33
64
90
17
76
98
26
76
98
26
74
96
24
65
87
15
87
109
37
110
132
60
111
133
61
104
126
54
79
100
31
71
92
23
75
96
27
82
103
34
93
114
47
64
85
18
81
102
35
91
112
45
93
112
46
95
115
44
115
132
62
118
134
69
113
129
64
121
135
73
124
139
74
114
129
62
107
124
53
107
128
53
91
113
38
81
104
32
60
87
20
76
104
45
78
106
55
85
116
72
57
109
97
2
94
143
0
105
194
0
94
204
0
88
206
0
59
177
7
49
147
13
30
86
72
74
87
99
100
68
96
104
44
80
106
33
64
99
31
58
98
46
62
102
65
64
96
73
58
91
74
59
100
82
61
110
88
74
130
103
78
133
102
77
122
89
75
105
71
75
82
49
83
77
43
133
121
83
112
108
63
92
102
50
67
91
31
64
94
30
62
94
27
58
83
18
78
100
36
69
89
17
80
100
28
83
103
31
90
110
38
106
126
54
107
127
55
89
109
37
77
97
26
82
102
31
88
108
37
85
105
34
76
95
27
77
96
28
91
110
42
101
120
52
102
119
51
103
116
46
117
128
59
119
130
62
112
123
57
120
130
67
138
148
85
134
146
80
115
128
58
117
133
60
105
123
49
86
106
34
74
97
27
78
102
40
89
114
57
88
114
66
65
109
96
20
99
155
2
99
196
2
96
210
0
80
199
2
69
182
0
45
135
9
31
80
63
70
80
83
83
57
86
91
37
79
96
28
72
95
23
69
96
29
73
97
37
80
94
43
77
90
47
66
85
55
64
97
66
59
111
72
55
121
75
58
126
75
64
122
71
64
102
53
60
79
33
73
78
35
79
82
37
80
90
40
78
92
39
73
94
37
74
93
37
79
94
39
85
95
42
93
111
35
108
126
50
113
131
55
113
131
55
118
136
60
110
128
54
92
110
36
83
100
29
87
104
33
92
109
38
90
107
36
83
100
30
88
105
35
102
119
49
110
127
57
109
125
54
109
121
47
119
127
54
118
125
57
112
119
52
117
123
59
128
137
72
126
135
68
112
123
54
116
128
56
110
124
49
100
116
43
94
111
41
96
115
51
98
118
59
88
108
55
62
96
82
15
75
135
6
79
184
3
79
201
0
68
189
4
66
175
0
45
125
8
33
74
71
82
88
68
70
48
77
80
35
79
91
29
80
98
24
84
105
26
96
110
31
103
110
33
103
105
40
90
98
47
88
105
60
82
116
65
76
124
66
75
131
68
78
133
68
80
122
59
79
109
49
83
98
43
92
101
46
99
106
52
101
110
55
101
112
54
99
113
54
100
114
55
102
116
57
107
124
46
128
145
67
137
154
76
137
154
76
136
153
75
125
141
66
112
128
53
111
127
52
104
120
47
106
122
49
103
119
46
99
115
42
105
121
50
117
133
62
120
136
65
117
130
58
126
134
57
127
134
57
123
129
57
121
126
59
123
127
64
127
133
69
125
132
65
118
128
59
117
127
56
115
127
53
111
125
50
111
124
54
112
127
60
110
126
63
99
114
57
76
98
85
19
52
121
19
62
177
12
63
191
1
56
182
11
64
166
0
43
114
8
34
65
82
96
97
92
97
75
102
107
67
105
119
60
106
127
52
114
134
45
122
139
43
129
136
41
127
131
44
123
129
55
126
131
64
128
130
64
124
129
62
123
133
64
125
138
68
121
141
69
117
139
66
108
125
54
115
128
58
125
130
63
131
133
67
129
134
68
124
135
67
117
139
67
114
140
67
120
135
54
138
153
72
147
162
81
147
161
82
147
161
82
138
152
73
131
145
66
136
150
73
128
142
65
126
140
63
121
135
58
118
132
57
122
136
61
128
142
67
125
139
64
119
131
55
133
142
63
130
137
59
127
135
60
129
136
66
130
137
70
127
133
69
121
130
63
121
131
62
120
130
59
116
128
54
113
125
51
114
126
52
118
131
61
120
132
66
118
129
69
106
120
103
31
48
117
32
57
175
22
59
191
9
54
179
17
66
161
1
42
104
11
39
60
95
110
103
124
129
106
132
137
96
132
146
87
132
150
74
135
156
61
141
159
57
147
155
56
145
149
55
151
153
69
154
151
72
158
144
69
155
139
64
150
136
61
146
140
62
140
147
67
138
151
69
133
144
65
139
143
66
148
142
68
149
141
69
142
142
68
133
146
67
118
152
66
110
154
65
135
148
66
144
157
75
143
156
74
140
153
71
141
154
74
133
146
66
126
139
59
132
145
65
134
147
68
131
144
65
126
139
60
123
136
57
125
137
61
126
138
62
121
133
57
114
127
48
119
131
47
116
128
44
118
129
51
124
134
63
123
134
66
115
126
60
110
121
53
111
122
53
117
129
57
112
126
51
108
122
45
110
124
47
115
128
56
119
132
63
123
135
71
121
133
113
40
54
115
34
54
166
24
57
186
15
57
177
17
64
154
2
43
95
19
48
56
107
122
103
126
129
98
133
135
88
132
142
79
129
146
66
131
152
57
138
158
59
146
156
69
149
151
68
157
152
68
159
148
66
160
145
64
157
142
61
148
140
59
141
139
56
137
142
58
140
143
60
149
144
63
153
140
62
157
133
59
155
133
60
144
138
60
128
146
60
107
157
60
97
162
60
136
150
65
137
151
66
131
145
60
128
142
57
130
144
59
122
135
53
117
130
48
124
137
55
123
136
54
120
133
53
117
130
50
116
129
49
117
130
50
116
129
50
113
126
47
109
122
40
105
121
33
106
122
34
110
125
44
115
129
54
113
128
59
106
121
54
101
116
47
100
116
45
108
124
51
104
121
43
103
120
40
108
122
45
110
124
49
112
125
55
117
128
62
115
129
104
42
62
115
19
46
149
14
54
175
13
60
174
8
59
142
0
44
86
30
59
55
114
129
98
131
132
92
137
136
82
134
139
72
129
140
61
128
144
53
132
148
60
138
145
75
140
141
73
145
142
65
145
140
58
146
139
59
148
143
62
143
144
64
138
141
60
133
141
58
137
142
60
139
138
58
140
134
56
140
131
54
139
132
54
136
137
57
129
145
57
117
150
57
112
153
57
131
143
57
133
145
59
128
140
54
126
138
52
128
140
54
119
131
47
115
127
43
125
137
53
116
128
44
115
127
45
114
126
44
113
125
43
113
125
43
111
122
43
111
122
43
110
124
39
103
122
32
107
127
38
108
130
47
108
129
52
107
127
55
105
125
54
101
121
50
97
117
45
104
125
50
99
120
41
98
117
36
101
118
38
101
117
42
104
117
45
112
125
56
113
132
102
43
76
117
0
43
132
0
55
166
5
66
173
0
54
129
0
43
78
39
69
57
117
129
89
142
139
88
150
142
80
146
144
70
138
141
60
133
141
56
131
139
66
133
131
83
128
125
80
131
137
73
124
134
61
124
136
62
130
144
69
135
147
73
132
144
70
129
141
67
126
142
67
117
141
63
112
144
61
108
146
61
114
148
62
127
146
65
138
142
65
149
132
62
151
126
59
136
148
62
140
152
66
136
148
62
133
145
59
129
141
57
116
128
44
111
123
39
123
135
53
119
131
49
118
130
48
117
129
47
116
127
48
114
125
46
111
122
43
112
123
44
114
127
47
106
124
38
110
132
47
112
134
52
106
127
50
104
124
52
106
126
55
105
125
54
99
119
48
109
129
57
100
121
46
95
113
37
93
111
35
95
111
38
100
116
45
116
129
60
122
144
108
49
89
114
0
45
116
1
56
157
13
68
171
0
46
122
0
39
74
45
74
56
115
129
78
131
133
70
140
136
63
141
139
62
136
137
59
132
137
57
131
133
67
127
124
79
120
119
75
123
133
70
112
129
58
109
129
57
118
138
66
126
143
72
124
140
69
120
136
65
116
136
64
114
146
70
108
150
68
106
156
69
114
158
73
129
153
75
141
143
70
152
127
63
157
117
58
135
148
68
131
144
64
120
133
53
118
131
51
124
137
57
118
131
51
111
124
45
116
129
50
119
131
55
115
127
51
112
124
48
112
124
48
114
126
52
113
125
51
110
122
48
105
119
44
96
112
37
97
115
41
96
114
40
95
112
41
98
115
45
104
121
53
106
123
55
103
120
52
106
123
55
102
119
51
103
118
51
103
118
51
94
109
42
89
104
39
104
119
54
118
141
99
72
109
115
0
39
89
0
31
125
37
68
174
10
38
121
0
26
66
68
93
71
105
127
65
126
140
63
124
136
52
126
135
56
133
140
63
133
140
63
128
134
62
130
132
69
132
136
73
121
131
60
124
136
60
122
136
59
120
134
57
122
136
59
125
139
62
120
134
59
108
124
49
109
130
53
113
137
59
115
142
63
119
143
65
124
142
66
128
140
66
130
131
61
125
122
53
133
147
68
131
145
66
120
134
55
117
131
52
121
135
56
115
129
52
109
123
46
116
130
55
113
127
52
113
127
52
112
126
51
110
123
51
108
121
49
106
119
47
106
119
47
107
120
50
100
115
46
102
117
48
101
116
47
100
115
46
102
117
50
107
122
55
106
121
54
102
117
50
105
120
55
99
114
49
97
111
49
98
112
50
94
108
46
90
104
42
99
113
51
107
128
83
81
116
109
3
39
75
3
27
113
42
60
162
26
43
125
10
28
68
75
97
72
102
127
61
111
133
48
111
130
40
117
130
50
124
135
59
129
137
62
128
134
60
129
135
63
132
140
67
124
135
59
127
138
60
127
138
60
124
135
57
123
136
57
125
138
59
122
134
58
115
127
51
118
132
57
120
134
59
117
133
58
115
131
56
116
132
59
117
133
60
111
127
54
103
119
46
131
145
68
128
142
65
118
132
55
114
128
51
118
132
55
111
125
50
106
120
45
113
127
52
109
122
50
112
125
53
113
126
54
109
122
50
103
116
46
100
113
43
103
116
46
106
119
49
101
116
47
103
118
49
102
117
48
99
114
45
100
115
48
104
119
52
102
117
50
98
113
46
106
121
56
99
114
49
96
110
48
99
113
51
98
112
50
94
108
46
97
111
49
98
120
73
89
123
109
4
39
67
0
22
100
31
47
142
32
48
123
18
34
68
79
102
74
101
124
56
106
128
43
107
125
37
110
125
44
114
125
49
114
125
49
113
121
48
112
119
49
112
122
51
118
129
53
121
132
54
120
133
54
116
129
50
114
126
50
114
126
50
113
127
50
111
125
48
117
131
56
115
129
54
108
124
51
105
121
48
107
123
50
109
125
52
104
120
47
96
112
39
128
142
67
121
135
60
107
121
46
105
119
44
114
128
53
109
123
48
101
115
40
103
116
44
108
121
49
109
122
50
109
122
50
106
119
49
102
115
45
99
112
42
100
113
43
102
115
46
97
112
43
97
112
43
94
109
40
90
105
36
92
107
40
97
112
45
98
113
46
95
110
43
101
116
51
97
112
47
97
111
49
98
112
50
96
110
48
91
105
43
92
106
44
92
111
63
93
126
107
10
43
62
0
15
82
14
31
113
32
46
111
24
40
66
84
105
74
98
121
51
105
127
42
107
125
37
108
122
43
109
121
45
107
119
43
103
115
41
101
112
43
101
112
43
112
123
47
115
126
48
114
127
48
110
122
46
105
117
41
105
117
41
106
120
43
108
122
47
108
122
47
106
120
45
100
116
43
99
115
42
104
120
47
108
124
51
104
120
47
96
112
39
123
136
64
112
125
53
95
108
36
96
109
37
111
124
52
109
122
50
95
108
36
92
105
35
110
123
53
107
120
50
104
117
47
104
117
48
104
117
48
102
115
46
99
112
43
95
108
39
93
108
39
92
107
38
86
101
32
82
97
28
85
100
33
93
108
41
97
112
45
97
112
45
90
105
40
91
106
41
93
107
45
92
106
44
85
99
37
80
94
32
82
96
34
83
103
52
98
128
102
25
55
65
0
13
66
5
20
87
26
39
91
36
52
68
91
111
74
99
121
49
102
124
41
105
125
38
108
125
45
110
124
49
110
124
47
112
126
51
111
124
55
110
123
54
114
126
52
114
126
50
114
126
50
112
124
48
108
120
46
107
119
45
109
123
48
114
128
53
101
117
44
101
117
44
99
115
42
99
115
42
102
119
48
106
123
52
101
118
47
94
111
40
116
129
57
106
119
47
91
104
32
94
107
35
111
124
52
108
121
51
93
106
36
88
101
31
110
123
53
107
120
51
104
117
48
105
118
49
107
120
51
105
117
51
98
110
44
91
103
37
90
105
36
88
103
34
83
98
29
79
94
25
83
98
31
92
107
40
98
113
46
99
114
47
88
103
38
91
106
41
92
106
44
88
102
40
80
94
32
77
91
29
81
95
33
83
101
49
100
127
94
49
75
74
3
21
59
10
23
75
22
34
70
56
71
76
99
117
75
101
123
51
102
124
42
107
127
42
109
126
48
107
123
48
106
123
45
108
124
49
107
122
55
104
119
52
113
126
54
112
124
48
111
123
47
113
125
51
111
123
49
109
121
47
110
124
49
115
128
56
102
118
45
104
120
47
103
119
46
99
115
44
98
115
44
99
116
45
95
112
41
89
106
35
107
123
52
103
119
48
94
110
39
98
114
43
110
126
55
105
121
50
92
107
38
90
105
36
104
119
50
106
121
54
107
122
55
108
123
56
106
121
54
101
116
51
95
110
45
90
105
38
86
101
32
86
101
32
83
98
29
81
96
27
85
100
33
92
107
40
96
111
44
94
109
42
94
109
44
93
108
43
90
104
42
84
98
36
81
95
33
82
96
34
86
100
38
86
103
48
96
121
81
70
94
80
16
32
55
21
34
68
20
31
51
76
89
80
104
122
72
100
120
48
103
122
43
107
126
45
106
124
48
101
119
43
99
118
39
100
118
42
98
115
47
93
109
44
109
122
50
105
117
43
103
117
42
108
122
47
110
123
51
108
121
49
108
121
49
110
126
53
103
119
48
106
122
51
102
119
48
95
112
42
89
106
36
89
106
36
89
106
36
87
104
34
102
118
47
104
120
49
101
117
46
104
120
49
111
127
56
103
119
48
93
108
39
97
112
43
101
116
49
107
122
55
113
128
61
113
128
61
107
122
57
99
114
49
94
109
44
93
108
43
81
96
29
83
98
29
83
98
29
82
97
28
86
101
34
91
106
39
91
106
39
87
102
35
95
110
45
90
105
40
82
96
34
77
91
29
79
93
31
84
98
36
85
99
37
81
99
41
91
112
67
82
104
79
24
39
46
30
41
59
19
30
34
86
99
79
104
121
66
99
117
43
96
114
38
101
119
43
102
120
46
99
117
41
98
119
40
103
124
47
103
122
56
101
117
54
109
122
52
103
115
41
101
115
40
108
121
49
113
126
54
111
124
52
107
123
50
109
125
54
101
117
46
104
119
50
100
117
47
90
107
37
82
99
29
83
100
30
87
104
34
89
106
38
107
124
53
108
125
54
106
123
52
104
121
50
108
125
54
112
129
58
104
121
51
92
109
39
106
123
55
113
130
62
116
133
65
109
126
58
97
113
48
92
108
43
98
114
49
107
123
58
91
106
39
88
103
34
94
109
40
93
108
39
84
99
32
88
103
36
100
115
48
101
116
49
79
94
29
84
99
34
90
104
42
93
107
45
92
106
44
87
101
39
83
97
35
80
95
36
101
121
68
86
106
71
46
59
52
19
29
31
44
54
45
86
97
67
100
115
56
96
112
39
100
116
43
105
121
50
100
117
46
97
115
41
102
124
42
99
120
43
94
115
50
100
118
56
106
121
52
112
125
53
115
128
56
110
123
53
100
116
45
96
112
41
100
116
45
105
120
51
100
117
47
105
122
52
108
125
57
102
119
51
90
109
41
84
103
35
85
104
36
89
108
42
109
126
55
110
127
56
109
126
55
108
125
54
110
127
56
112
129
58
106
123
53
97
114
44
107
124
54
105
122
54
105
122
54
108
125
57
111
128
60
112
128
63
110
126
61
107
124
56
102
117
48
97
112
43
99
114
45
98
113
44
90
105
38
94
109
42
104
119
52
104
119
52
96
111
46
97
112
47
98
112
50
98
112
50
97
111
49
95
109
47
92
106
44
89
105
43
103
123
64
93
112
67
59
72
54
33
43
32
53
63
39
84
95
55
92
106
44
86
102
29
100
115
46
104
119
52
98
113
44
92
110
36
97
116
35
95
116
39
94
112
50
102
120
60
100
115
48
105
118
48
107
120
50
107
120
50
102
118
47
100
115
46
98
113
44
98
113
44
93
110
40
96
113
45
97
114
46
94
111
43
88
107
39
88
107
41
94
113
47
100
119
53
109
127
53
111
129
55
110
128
54
105
123
49
102
120
46
99
116
45
94
111
40
88
105
34
96
113
42
96
113
43
99
116
46
105
122
52
110
127
57
110
127
59
103
120
52
97
114
46
106
121
52
98
113
44
99
114
45
98
113
44
91
106
39
95
110
43
103
118
51
100
115
48
101
116
51
97
112
47
93
107
45
91
105
43
93
107
45
95
109
47
94
108
46
91
107
44
92
112
49
90
108
56
63
78
47
43
56
30
60
72
36
86
98
48
96
108
42
96
109
39
94
106
42
101
113
51
95
110
43
91
107
34
92
111
30
89
107
31
86
104
44
94
112
54
90
105
40
91
106
37
94
109
40
98
113
44
102
117
48
102
117
48
97
114
46
93
110
42
96
113
45
94
111
43
87
106
40
82
101
35
79
98
32
81
100
34
85
106
41
90
111
46
102
120
46
105
123
49
106
124
50
103
121
47
97
115
41
93
111
37
91
109
35
90
107
36
89
106
35
98
115
44
107
124
53
109
126
56
103
120
50
95
112
42
90
107
37
90
107
37
104
119
50
96
111
42
98
113
44
100
115
46
95
110
43
97
112
45
101
116
49
95
110
43
97
112
47
90
105
40
84
98
36
84
98
36
88
102
40
92
106
44
91
105
43
88
104
41
87
106
42
87
106
50
69
84
45
54
66
30
68
80
34
88
102
43
101
114
45
107
120
50
91
102
42
102
113
55
102
114
50
97
113
40
97
114
34
88
106
30
82
97
38
88
103
48
83
98
33
85
100
31
88
103
34
93
108
39
98
113
44
100
115
48
97
114
46
95
112
44
98
115
47
94
110
45
86
105
39
81
100
34
79
98
32
79
98
34
81
102
37
83
104
39
95
116
39
99
120
43
104
125
48
105
126
49
103
124
47
102
123
46
104
125
48
108
129
54
96
117
42
103
124
49
111
132
57
114
134
62
110
130
58
103
123
51
97
117
45
96
113
43
101
116
47
96
111
42
101
116
47
106
121
52
101
116
49
102
117
50
103
118
51
94
109
42
99
114
49
94
109
44
88
102
40
88
102
40
91
105
43
93
107
45
90
104
42
85
101
38
88
107
41
92
112
51
84
100
55
76
89
45
85
98
44
92
106
44
97
110
40
105
116
48
104
113
58
112
121
68
108
118
57
101
114
44
101
116
35
93
109
34
87
101
42
94
107
53
88
103
38
90
105
36
92
107
40
93
108
41
91
108
40
91
108
40
93
109
44
95
111
46
86
105
39
85
104
38
85
104
40
86
105
41
87
108
43
89
110
45
92
112
49
93
113
50
105
126
47
105
126
47
108
129
50
110
131
52
108
129
50
104
125
48
106
127
50
111
132
55
108
129
54
102
123
48
101
122
47
109
130
55
121
141
69
123
143
71
112
132
60
102
119
48
95
110
41
92
107
38
100
115
46
105
120
51
98
113
46
98
113
46
98
113
46
91
106
39
100
115
50
96
111
46
92
106
44
90
104
42
90
104
42
89
103
41
86
100
38
82
98
33
79
98
30
89
109
46
94
111
59
98
112
63
106
120
61
106
118
52
101
113
41
104
115
49
113
122
69
113
121
70
101
111
50
93
104
35
96
109
29
94
108
31
93
104
46
98
111
58
99
113
51
100
115
46
100
115
48
96
111
44
91
108
40
89
106
38
90
106
41
92
108
43
80
99
33
83
102
36
87
106
42
88
107
43
88
109
44
88
109
44
90
110
47
92
112
49
112
134
52
109
131
49
108
130
48
111
133
51
108
130
48
103
124
45
102
123
44
106
127
50
111
132
55
101
122
45
94
115
38
100
121
46
113
134
59
117
138
63
109
130
55
99
116
45
95
110
41
93
108
39
99
114
45
100
115
46
90
105
38
89
104
37
93
108
41
89
104
37
90
105
40
88
103
38
85
99
37
83
97
35
81
95
33
81
95
33
82
96
34
82
98
33
75
96
27
85
106
41
92
109
55
101
115
62
111
125
63
107
120
50
101
113
41
106
117
51
110
117
66
109
115
67
98
106
47
93
103
34
100
113
33
100
112
36
95
106
48
100
110
58
104
118
56
102
117
50
101
116
49
101
116
49
100
116
51
98
114
49
93
112
46
90
109
43
89
108
44
93
112
48
94
115
50
92
113
48
86
106
43
82
102
39
83
103
40
86
106
43
106
128
46
102
124
42
103
125
43
110
132
50
113
135
53
111
133
51
113
134
55
118
139
60
110
131
54
107
128
51
103
124
47
100
121
44
99
120
45
98
119
44
97
118
43
97
114
43
103
118
49
100
115
46
104
119
50
102
117
48
89
104
37
88
103
36
95
110
43
94
109
42
80
95
30
80
95
30
78
92
30
76
90
28
76
90
28
79
93
31
85
99
37
88
104
39
89
110
41
92
113
48
90
107
53
93
108
53
99
114
49
95
108
38
92
104
32
100
110
47
105
111
63
108
114
66
104
112
53
106
116
47
117
130
50
115
127
51
102
113
55
99
109
57
101
115
53
98
113
46
97
112
45
103
118
51
109
125
60
110
126
61
101
120
54
94
113
47
98
117
53
102
121
57
104
125
60
100
121
56
91
111
48
87
107
44
91
111
48
96
116
53
