42
56
0
46
64
0
68
96
0
97
136
9
100
149
0
77
130
0
58
109
0
58
106
0
70
108
0
77
108
0
73
97
0
55
74
0
38
56
0
43
60
0
66
86
15
92
110
26
115
127
15
104
119
0
73
102
0
42
83
0
25
75
2
23
73
18
24
66
28
24
54
26
43
56
36
50
53
32
54
52
27
49
53
18
39
55
10
27
58
1
16
62
0
14
62
4
26
60
25
28
56
33
26
55
35
30
53
37
41
52
38
52
51
33
55
46
17
47
44
0
49
65
0
86
123
45
106
164
80
88
145
74
62
97
55
57
60
49
71
33
58
65
22
50
43
34
37
48
60
50
39
51
47
27
41
41
40
54
57
41
52
58
26
33
41
27
27
35
29
24
30
32
25
30
31
25
27
28
24
25
33
34
36
47
52
56
56
67
73
56
71
78
46
58
0
73
92
11
106
135
29
122
162
30
121
168
12
117
169
0
128
180
9
145
193
31
137
179
35
124
158
35
102
130
27
82
107
16
75
98
16
84
107
27
99
124
43
111
135
49
124
144
45
97
119
19
49
80
0
14
52
0
9
51
0
30
72
6
54
94
34
68
101
48
42
64
15
48
61
15
46
58
10
38
50
4
26
43
0
15
41
0
11
44
0
12
47
5
13
40
7
22
46
20
31
54
34
37
55
41
44
50
40
49
47
35
57
46
26
56
50
14
60
71
15
85
114
47
92
140
66
67
116
50
46
79
34
50
57
39
63
37
48
56
25
40
52
49
44
95
107
93
108
121
112
73
88
83
49
65
64
38
52
53
31
41
43
34
38
41
26
24
25
32
28
25
33
30
25
29
28
24
29
31
28
26
34
34
17
31
32
9
24
27
83
96
16
95
114
22
108
135
20
116
153
14
131
177
16
151
204
28
162
215
39
162
214
44
171
217
66
134
176
42
89
126
10
66
99
0
67
99
0
75
110
10
80
115
15
79
114
22
58
94
24
50
86
24
45
77
12
44
74
4
55
83
6
67
95
8
70
101
5
65
100
0
81
118
13
77
115
14
67
103
13
54
86
13
43
65
16
39
54
25
44
50
40
48
54
44
44
57
29
41
56
23
36
49
29
35
43
32
37
35
36
42
33
36
49
35
34
53
41
27
76
77
45
89
105
58
81
112
53
48
84
23
32
60
11
41
57
21
51
48
29
42
36
22
51
59
36
89
103
80
95
112
93
63
81
65
38
58
46
35
52
42
38
51
42
43
53
44
43
46
35
42
44
30
38
39
25
30
32
18
25
31
19
23
35
23
20
36
26
14
34
25
63
74
6
56
70
0
54
76
0
72
103
0
107
148
10
139
185
35
143
192
41
133
182
38
125
172
42
87
130
15
44
82
0
24
60
0
27
63
0
36
72
0
39
75
0
36
73
0
42
78
28
45
80
38
57
85
36
71
95
33
89
110
31
103
127
31
111
139
26
111
147
21
119
165
31
105
156
27
87
137
24
69
112
23
59
88
30
56
70
44
59
59
57
59
58
56
56
62
36
42
53
19
32
41
20
34
40
28
43
43
41
51
45
45
57
43
40
60
42
30
94
77
49
110
96
57
105
97
48
76
75
21
58
60
11
63
66
23
61
62
30
46
51
21
40
51
19
55
70
39
55
74
46
38
60
35
31
55
33
36
59
39
42
61
41
43
58
37
42
54
30
47
55
31
47
56
29
40
48
24
30
42
18
27
42
21
27
46
27
29
50
35
26
30
5
26
33
0
34
48
0
48
69
4
59
88
6
66
101
11
74
113
22
84
124
38
63
101
26
47
83
21
34
68
17
32
65
18
34
66
19
36
65
17
38
68
16
43
69
21
60
82
44
62
82
45
70
87
42
78
98
39
94
115
38
118
143
49
143
177
65
162
202
79
142
189
59
125
176
49
103
153
38
84
129
34
72
107
39
63
88
46
56
71
50
50
61
45
51
64
38
44
59
30
41
57
31
42
57
36
42
53
36
41
44
23
46
39
11
60
35
2
93
49
10
125
66
22
139
72
27
124
60
16
96
47
6
74
40
3
45
30
0
19
18
0
47
55
18
76
92
55
87
107
72
67
91
59
63
89
60
87
113
84
84
109
79
53
77
45
37
57
22
59
75
39
81
95
59
84
98
63
65
82
50
40
59
31
25
47
22
21
45
23
29
31
28
32
38
28
41
50
29
46
62
26
37
59
12
25
52
0
27
57
5
39
71
22
37
69
30
47
78
47
65
95
71
78
106
84
74
98
76
62
82
57
58
77
47
65
82
46
43
60
18
46
64
16
53
73
20
63
87
25
74
104
30
91
127
40
115
157
59
133
181
72
142
195
81
130
184
70
114
167
59
98
148
53
85
127
51
70
106
45
54
85
41
46
70
34
48
62
29
51
58
27
50
53
26
48
44
17
40
30
3
47
26
0
79
45
7
119
66
22
188
110
62
216
115
69
236
119
76
227
109
73
189
88
57
143
63
36
95
45
20
63
37
10
64
61
26
96
108
70
98
115
79
60
81
48
72
99
66
136
165
134
128
158
124
53
81
43
34
59
19
57
78
37
84
102
62
90
108
70
72
92
57
46
70
38
33
59
32
34
60
35
29
38
35
32
42
34
36
47
31
41
55
30
47
64
32
49
71
35
44
68
34
36
61
31
37
63
38
54
79
60
81
104
88
99
117
103
93
106
89
78
85
65
79
81
57
87
94
53
78
98
35
64
94
20
58
91
20
57
97
26
62
107
38
71
123
51
86
142
67
99
160
82
112
174
89
114
174
86
111
170
80
100
156
69
81
134
52
62
110
34
45
90
21
44
75
16
44
56
10
51
41
5
63
32
3
80
30
3
99
34
6
130
51
20
179
91
53
228
127
81
252
131
84
254
113
68
255
97
60
251
87
59
223
70
52
184
50
38
154
47
39
131
62
47
132
108
82
135
141
107
121
132
100
74
93
63
79
104
74
138
167
136
125
156
122
41
71
35
26
54
14
33
58
18
43
65
26
48
70
32
42
66
32
41
66
37
50
78
53
66
94
71
40
56
43
52
66
51
52
67
48
43
57
34
46
60
34
56
72
43
49
68
40
30
50
25
36
58
37
50
68
52
74
88
73
93
102
85
96
95
77
91
83
62
105
89
63
125
107
69
157
143
82
149
139
70
149
141
79
152
151
95
150
157
106
136
152
103
118
146
97
106
145
90
113
161
99
119
174
106
123
181
105
114
171
94
95
146
71
75
118
46
62
99
30
61
90
26
76
90
31
80
68
18
102
52
17
143
59
33
182
73
53
209
86
68
231
107
81
249
124
92
229
99
63
202
64
28
184
33
2
185
26
4
181
25
12
173
28
21
178
53
47
181
91
83
246
209
190
241
235
211
236
238
216
188
200
176
145
165
140
143
169
142
120
151
120
63
94
60
39
69
31
36
64
24
35
61
22
39
65
30
47
72
42
59
85
60
80
108
86
100
129
111
48
73
43
40
64
32
41
60
28
51
68
34
56
71
38
48
63
30
38
53
22
31
47
18
44
60
33
43
57
31
78
86
62
163
161
136
192
178
149
212
187
156
181
146
114
162
108
74
199
113
80
234
133
103
226
124
101
245
148
129
230
144
129
180
113
96
161
119
94
112
98
63
78
94
47
78
113
55
84
130
66
83
132
67
79
117
58
73
97
47
72
80
39
69
77
28
68
90
18
86
87
17
149
95
49
177
75
52
204
65
60
213
60
63
183
40
42
187
62
58
217
111
98
199
104
86
154
57
38
129
28
8
141
34
18
135
25
10
125
17
5
130
43
33
135
89
76
170
151
137
219
209
197
240
241
227
213
226
209
184
205
186
153
181
156
92
122
94
36
67
35
41
71
37
50
77
44
41
67
38
52
78
53
71
96
77
74
100
87
94
120
109
41
72
40
45
72
41
49
73
41
55
71
42
48
61
35
40
50
25
39
49
25
42
54
32
43
55
33
74
84
60
110
112
90
202
194
171
251
227
203
210
173
147
133
81
57
150
72
50
180
58
45
195
48
41
204
51
53
202
47
55
197
45
57
189
49
60
164
45
49
138
48
40
106
49
29
80
51
19
60
52
13
53
60
18
55
66
26
54
64
29
51
54
25
41
52
12
44
75
5
69
83
8
132
91
43
155
67
45
144
19
17
141
1
12
166
40
52
214
107
117
240
158
162
246
178
175
200
135
129
129
61
52
106
27
20
113
28
21
117
28
20
111
32
25
97
42
39
138
103
99
180
157
151
202
192
183
210
212
201
221
235
220
193
216
196
108
136
111
61
90
60
34
63
32
34
60
31
41
67
40
58
83
62
74
98
84
72
95
87
82
104
99
37
68
50
39
68
50
45
65
53
46
59
49
41
48
41
35
40
36
37
42
38
44
50
46
51
60
55
56
61
54
44
41
34
83
68
61
122
89
82
112
63
58
89
24
22
136
48
47
152
30
29
163
18
21
187
26
41
192
16
39
190
0
30
198
0
33
204
3
39
207
16
47
192
23
42
162
21
29
125
22
17
95
27
14
67
36
15
47
45
20
40
59
31
39
73
36
34
75
19
62
87
30
129
117
77
178
136
112
152
81
75
114
32
36
138
58
67
165
93
104
199
139
149
216
160
169
187
131
140
115
55
65
77
11
21
91
21
31
102
30
41
90
20
28
81
19
24
137
85
87
193
153
153
230
205
201
243
234
227
252
255
246
227
244
225
144
168
142
91
118
87
39
66
35
37
64
33
53
77
51
59
82
62
67
89
76
64
85
78
67
87
85
46
78
63
40
68
56
37
57
48
39
51
47
46
50
51
48
49
53
44
48
51
41
47
47
36
47
43
34
43
38
41
42
36
49
38
32
60
29
27
93
43
46
100
33
40
83
0
5
125
22
25
122
6
9
140
14
25
180
41
60
181
27
53
170
0
33
189
0
38
193
0
35
197
0
32
189
5
31
176
18
33
152
27
31
115
35
28
95
52
36
108
96
74
131
142
112
212
234
198
211
231
194
235
238
209
255
254
230
228
201
184
184
144
134
203
155
151
199
144
147
134
74
82
132
66
78
126
53
72
107
30
50
91
9
32
97
13
37
105
21
45
99
18
37
91
14
24
120
51
54
166
112
112
223
185
182
246
228
218
251
249
234
234
246
222
177
198
167
89
115
78
40
66
27
45
71
34
56
80
48
44
66
41
48
69
50
50
70
59
49
68
62
36
68
47
34
61
42
32
50
38
31
41
33
34
39
35
36
38
35
30
37
30
23
35
25
22
40
24
23
42
23
32
45
25
41
42
24
97
77
66
185
146
141
236
177
179
215
149
151
138
71
65
80
20
10
124
77
69
182
141
135
201
161
159
203
151
153
190
113
121
220
114
128
192
53
72
188
26
47
181
10
28
175
11
22
162
19
23
152
34
32
161
71
62
172
112
101
208
184
174
204
200
188
205
208
189
205
209
184
157
157
129
137
126
98
180
148
125
183
127
114
122
43
39
121
21
31
127
14
32
139
16
44
135
10
40
132
7
41
133
9
43
129
12
39
127
27
37
106
22
20
105
38
32
151
101
92
199
170
154
240
230
205
253
255
227
211
229
189
105
129
81
62
89
38
66
92
44
66
89
45
50
72
36
57
77
49
55
74
54
43
61
45
41
71
47
52
77
56
61
75
60
54
62
51
43
46
39
36
39
32
35
43
32
32
49
31
33
59
34
47
76
46
45
70
40
68
81
55
167
160
141
214
186
175
225
177
175
228
176
178
180
136
135
90
61
55
175
166
157
198
204
190
188
202
187
194
198
184
146
123
113
216
157
151
255
160
162
231
86
93
194
23
31
191
10
17
194
19
24
182
19
22
161
19
17
134
31
26
95
52
43
92
86
70
100
110
83
96
113
77
78
95
53
91
93
54
121
98
66
118
68
45
113
37
24
136
41
39
144
38
42
140
24
33
140
16
27
144
13
27
148
10
25
143
9
20
152
38
38
137
40
33
115
37
25
118
59
41
143
107
81
199
185
150
238
241
198
208
222
171
131
152
93
86
110
50
75
99
41
64
87
33
56
77
32
63
83
45
48
67
37
32
50
24
83
109
84
99
121
100
112
124
110
107
113
103
96
97
91
89
90
82
82
93
79
75
97
76
47
80
49
43
81
44
41
77
39
76
101
69
178
183
160
200
184
171
202
167
163
212
171
177
113
80
91
57
35
47
141
134
139
192
197
193
196
204
193
211
209
194
207
180
161
255
203
183
255
157
139
226
90
76
200
36
27
208
29
24
214
34
33
198
22
24
177
12
16
143
26
17
103
70
35
68
82
33
60
85
30
50
75
20
66
84
32
100
103
58
100
82
46
90
55
27
90
44
21
124
74
51
128
77
50
122
61
32
139
60
27
152
52
18
157
28
0
156
20
0
149
28
11
154
48
34
144
57
37
126
60
34
106
66
31
131
112
69
173
173
119
160
174
112
109
130
61
68
91
19
53
76
6
47
69
5
49
70
13
50
69
21
41
59
19
52
69
33
98
126
104
109
130
111
121
132
118
125
128
119
125
126
120
122
125
116
107
118
104
91
110
91
81
109
84
45
80
50
63
100
66
100
129
98
163
173
148
187
174
157
208
167
161
180
134
136
82
52
64
52
34
48
66
56
67
172
162
170
212
197
194
219
186
177
255
203
186
234
149
129
196
79
62
197
49
37
209
35
26
226
37
31
218
23
21
191
0
3
182
0
12
166
39
33
84
52
11
47
66
10
55
80
25
50
75
20
80
100
47
109
121
75
83
83
47
75
69
43
75
67
52
104
97
79
107
102
72
122
105
59
163
124
57
170
103
24
162
60
0
167
49
0
153
35
0
143
35
9
134
43
12
133
64
23
107
64
13
108
87
24
142
142
68
144
157
77
81
103
20
50
78
0
46
73
0
53
78
10
64
85
28
64
83
37
76
92
56
126
141
110
61
94
77
70
97
82
87
99
89
96
101
94
95
100
93
89
94
87
77
87
78
70
81
73
79
90
82
51
69
57
42
71
51
88
114
89
152
162
137
183
161
140
167
101
89
120
49
43
68
37
34
46
31
34
43
27
38
127
97
109
242
187
193
252
167
170
198
84
81
186
48
46
180
24
28
198
21
29
217
18
25
226
13
19
224
5
11
215
1
11
197
4
23
158
23
29
91
50
22
55
62
21
72
83
51
81
98
66
77
100
58
93
121
80
85
119
86
37
73
59
34
72
83
26
64
77
61
94
87
109
130
89
147
143
54
191
161
39
209
151
8
182
98
0
177
75
11
159
55
16
140
52
2
132
64
1
120
77
0
106
85
0
103
103
3
110
125
22
89
116
13
89
120
26
80
112
29
60
86
21
71
93
46
142
157
128
209
220
204
229
236
228
44
78
64
53
79
68
68
79
71
75
80
73
72
79
71
65
72
64
55
65
57
52
58
54
47
51
50
42
51
46
26
50
36
43
65
44
105
109
84
166
136
112
172
86
73
116
23
15
74
20
10
55
17
14
56
14
24
109
51
66
181
91
103
187
66
75
169
20
24
178
13
20
184
9
26
194
6
28
207
4
23
215
0
16
215
0
9
204
0
11
185
3
26
148
21
32
115
70
47
83
84
50
99
109
85
110
128
106
107
134
101
115
151
115
98
141
111
45
95
84
22
74
95
18
71
102
49
98
113
74
113
95
86
106
35
134
130
20
197
168
32
225
168
35
209
129
30
198
112
27
176
102
13
167
111
18
153
117
21
122
104
6
110
110
14
128
143
50
128
152
68
107
135
61
145
173
114
178
204
159
177
196
166
204
219
200
206
216
208
143
149
147
23
53
41
31
54
44
44
54
46
51
54
47
46
54
43
40
50
41
35
45
37
32
41
36
24
29
25
32
42
34
22
43
28
23
38
19
61
59
34
127
86
64
167
71
59
153
39
29
151
55
43
121
36
31
110
24
33
128
31
46
149
29
41
153
9
19
164
0
7
184
9
22
177
3
26
178
0
28
183
0
21
186
0
17
187
0
13
179
4
19
160
10
35
129
25
34
101
64
35
71
73
33
74
90
63
78
106
81
78
113
81
94
129
96
93
124
93
57
88
73
21
54
71
21
57
91
41
85
122
49
91
113
37
67
55
69
80
37
145
130
61
199
166
63
213
165
18
213
161
0
194
150
1
190
155
25
176
154
45
128
118
31
119
119
55
167
176
131
210
226
197
190
209
190
217
237
225
238
255
249
204
221
211
167
183
172
126
138
126
65
76
62
11
37
26
17
37
28
30
35
29
36
37
31
33
41
30
30
40
29
28
40
30
28
38
30
26
31
25
30
37
29
30
47
31
36
45
26
47
35
11
87
36
15
167
59
47
227
92
86
222
94
83
169
46
39
136
19
27
140
15
29
146
4
16
158
0
10
177
1
12
182
1
18
179
2
31
173
0
31
172
0
24
174
0
20
175
3
17
169
11
25
152
18
42
126
31
39
100
61
30
82
79
36
87
106
74
92
125
98
93
129
99
101
134
103
105
124
94
85
98
80
37
52
57
22
43
70
21
59
106
29
73
122
21
61
96
35
63
75
88
94
82
135
126
59
185
165
14
193
171
0
173
155
0
164
152
16
150
143
39
104
104
32
124
129
86
217
226
207
245
255
255
242
255
255
222
241
247
196
215
219
160
179
173
91
109
95
49
67
45
66
82
56
13
33
24
19
32
25
28
30
25
32
31
26
30
36
26
27
39
27
26
39
29
28
40
30
32
37
30
28
34
24
31
42
26
43
45
24
49
27
4
85
20
0
185
61
51
255
121
116
246
92
84
182
33
29
142
5
13
147
7
20
156
0
13
174
2
16
192
6
20
182
0
17
184
2
40
177
0
38
172
0
30
170
0
23
173
2
18
168
10
24
155
18
38
131
30
38
112
61
34
87
74
32
71
86
53
60
90
62
54
90
62
69
98
68
99
106
73
108
107
79
74
72
59
38
46
57
10
43
86
9
57
119
12
65
133
25
71
130
63
93
127
102
120
96
142
150
38
162
166
19
149
155
23
132
140
31
109
118
35
69
80
22
106
120
87
214
228
213
224
240
237
224
244
243
203
223
222
173
194
187
128
151
133
56
78
53
27
48
15
59
81
43
22
35
28
24
34
26
31
30
25
34
31
26
28
34
24
24
36
24
23
36
26
24
36
26
32
37
30
34
36
25
30
37
21
37
30
11
62
27
5
121
42
25
213
72
65
255
104
102
235
60
57
188
18
21
160
6
18
165
12
30
173
6
23
188
7
22
205
10
27
198
0
27
191
0
43
181
0
42
176
0
35
170
0
23
171
0
13
167
5
16
155
13
29
137
24
30
116
47
29
90
59
28
66
65
34
48
67
39
40
66
41
50
68
44
80
79
48
105
94
62
89
78
50
56
59
50
21
48
77
9
56
112
6
63
140
7
66
142
29
80
133
60
103
110
83
114
55
120
146
57
134
158
80
128
153
85
99
122
68
50
73
31
61
81
53
128
150
129
142
165
147
137
160
144
172
195
175
168
192
168
86
111
81
39
65
26
52
79
36
59
86
41
27
33
29
30
32
27
35
30
26
34
29
23
29
32
23
24
34
23
22
36
23
23
35
23
31
34
25
39
39
29
36
37
21
40
27
8
77
32
11
144
52
37
217
64
59
254
65
69
211
17
26
184
0
12
165
0
21
171
9
33
177
6
24
185
0
16
201
0
18
205
0
27
198
0
42
191
0
46
183
0
35
175
0
21
172
0
6
168
0
2
159
5
13
145
16
21
131
38
31
129
70
54
134
107
80
143
136
108
140
143
124
119
122
103
105
98
72
106
93
61
92
83
40
69
72
41
35
59
59
16
56
89
4
60
121
0
56
122
0
60
107
11
75
103
28
77
84
61
103
99
85
125
117
93
130
120
76
110
93
39
71
48
26
57
26
45
75
39
48
76
36
44
71
28
93
120
75
105
133
85
48
77
29
49
79
29
99
129
79
104
133
85
26
28
25
29
28
24
36
26
24
36
29
23
32
34
23
29
37
24
26
38
26
28
38
27
28
29
21
38
35
26
42
40
25
53
34
17
83
32
13
137
36
24
202
38
37
238
38
48
213
4
23
194
0
18
174
0
27
179
13
37
191
16
31
195
8
19
206
0
14
211
0
21
204
0
40
195
2
46
187
3
37
178
0
22
172
0
4
166
0
0
159
2
9
150
10
19
139
24
31
136
46
45
138
76
55
147
107
82
148
125
109
125
111
98
105
91
78
102
92
67
108
103
61
82
87
47
43
60
44
18
48
59
10
54
99
0
58
114
0
65
108
4
77
118
7
70
114
13
70
113
18
71
105
22
70
93
23
67
76
22
61
56
24
59
39
26
60
27
38
66
25
28
56
8
27
55
4
34
62
11
44
74
22
73
103
53
101
133
86
108
140
93
89
90
85
95
91
88
119
108
106
132
121
117
114
114
104
89
95
83
62
72
61
40
48
37
37
37
29
43
39
30
72
66
52
96
75
58
154
98
83
196
92
81
198
28
31
228
20
34
205
0
8
208
0
25
210
32
56
176
9
26
177
4
8
221
33
32
225
15
18
212
0
11
209
1
33
190
0
33
180
1
31
181
12
33
177
10
18
162
0
4
152
0
9
151
4
22
145
9
31
147
25
36
143
39
26
135
53
32
119
61
50
94
56
53
76
57
59
79
74
70
87
91
64
81
88
55
65
73
50
40
55
52
20
47
76
11
54
97
0
61
103
0
59
103
0
63
116
9
78
133
6
70
116
0
47
84
13
63
86
27
71
82
13
49
47
26
58
43
21
49
24
36
61
31
32
56
22
24
50
11
30
58
18
76
106
68
153
185
146
179
211
174
148
147
143
143
138
134
143
129
126
137
124
118
131
129
117
142
145
134
139
147
136
121
127
117
127
124
117
131
124
116
100
92
81
121
97
84
151
95
82
165
60
54
217
46
52
229
24
39
219
13
34
202
13
33
186
30
41
177
33
33
187
34
18
199
27
5
204
3
0
210
0
0
205
0
19
208
13
43
195
16
45
177
8
31
181
10
26
193
25
40
182
18
43
158
0
30
148
0
27
163
14
34
169
30
23
158
38
22
129
39
31
91
30
35
62
35
50
61
58
69
50
57
49
56
65
46
55
56
38
39
40
35
25
33
56
15
43
83
0
53
100
0
53
107
0
47
110
0
46
112
12
81
138
11
73
120
7
59
96
25
70
93
12
49
58
5
35
33
33
59
48
17
40
20
71
93
70
120
143
115
42
67
38
31
57
28
111
142
111
143
174
143
116
113
108
112
104
101
105
90
85
95
80
73
102
95
85
131
133
122
141
147
137
122
125
116
115
110
106
137
128
123
120
111
102
121
97
87
123
66
55
146
43
38
213
46
54
208
20
34
182
15
25
194
51
55
162
54
44
158
58
34
194
79
35
217
75
25
225
44
1
209
9
0
206
6
8
200
4
24
190
8
33
189
10
39
191
9
34
189
4
36
188
0
50
185
1
53
169
0
37
180
10
36
188
20
19
180
29
18
157
35
30
114
29
36
68
28
54
51
41
68
37
43
57
52
57
61
60
52
50
43
31
35
30
21
48
27
35
81
16
52
114
0
56
127
0
65
138
0
44
116
4
69
135
3
62
118
8
59
102
25
69
98
27
62
81
78
107
113
140
165
161
101
123
111
95
116
99
141
163
142
75
99
77
37
62
40
36
64
41
39
67
44
107
104
99
107
100
94
110
93
86
100
83
76
95
86
77
112
109
100
116
117
109
100
99
94
104
94
93
122
110
110
147
138
133
98
75
67
74
21
13
137
39
36
188
26
37
191
21
34
139
12
23
163
73
73
127
70
53
133
84
44
193
124
59
226
120
46
238
83
16
215
31
0
216
25
6
201
11
13
194
12
25
201
20
39
198
8
33
187
0
25
195
0
47
213
11
71
192
5
50
188
8
35
190
5
11
191
20
13
187
44
38
152
47
51
90
35
56
52
29
55
46
43
64
57
56
70
62
50
54
43
26
32
29
16
36
31
31
69
26
48
108
12
54
130
0
40
124
0
34
119
0
41
115
0
42
107
35
81
130
27
65
101
17
50
69
146
173
180
220
242
237
150
170
158
87
106
87
120
139
117
64
86
63
39
63
39
34
59
37
58
83
61
119
119
111
126
119
111
144
127
120
147
130
122
134
124
115
133
129
120
141
138
131
141
136
132
159
147
149
170
155
158
195
185
183
153
134
128
123
76
70
156
64
65
176
24
36
155
6
25
126
42
65
107
74
85
63
64
50
98
101
58
166
143
67
184
119
27
209
84
0
218
56
0
211
34
0
207
25
3
192
15
5
185
5
6
192
1
9
203
0
24
209
0
40
200
0
42
195
3
44
188
4
30
187
0
9
190
10
11
197
40
31
170
49
41
111
37
38
68
28
36
44
28
41
46
38
49
48
36
36
36
25
23
30
21
26
32
30
51
25
39
84
11
39
110
24
67
161
17
67
166
10
55
144
0
37
109
26
63
116
19
54
86
27
56
70
158
183
180
193
216
200
95
115
90
88
108
80
188
209
178
112
133
102
56
79
50
39
64
35
32
57
28
145
145
135
159
155
144
195
178
170
212
193
186
196
183
175
181
172
165
174
169
163
171
163
161
166
151
156
169
154
159
147
139
137
161
143
139
155
111
108
141
56
59
175
29
42
134
0
25
113
54
98
76
74
111
34
65
70
49
82
51
115
122
45
168
126
28
209
104
0
227
80
0
231
68
1
199
31
0
180
18
0
198
34
7
216
39
21
206
16
15
196
0
15
193
0
22
186
0
29
191
7
33
193
4
22
193
10
15
193
29
17
173
41
20
132
41
20
104
47
30
52
23
17
41
27
24
41
33
20
45
42
25
53
52
34
50
55
48
37
48
66
18
40
89
9
44
128
3
43
139
12
50
133
2
37
105
5
37
86
50
79
111
124
150
163
203
225
223
206
227
212
138
158
133
99
118
88
139
159
124
87
109
73
51
73
37
42
66
32
47
71
39
113
115
102
127
123
112
157
140
132
167
148
141
156
141
134
145
134
128
127
117
115
103
93
94
126
109
117
134
119
126
98
89
90
101
86
83
112
72
70
118
38
41
163
25
40
144
14
52
99
45
121
59
61
136
33
71
108
27
68
60
89
103
42
180
149
56
234
139
31
247
114
9
255
113
27
213
65
0
206
69
1
250
114
52
251
106
49
196
39
0
175
6
0
199
23
25
179
2
20
189
11
37
192
8
34
191
11
22
198
32
16
190
50
14
166
60
10
145
71
22
91
48
14
56
37
7
42
38
3
55
62
20
70
84
33
66
81
38
50
63
43
33
51
63
11
41
95
16
50
121
22
56
120
25
56
110
6
33
76
23
46
77
98
119
136
141
160
164
156
173
167
169
186
170
115
133
109
83
102
72
68
88
53
52
74
36
53
75
37
77
99
61
55
58
47
65
62
53
82
67
60
93
72
67
111
92
86
140
125
120
143
129
126
116
105
103
105
90
93
151
139
141
185
177
174
154
136
132
153
113
111
170
95
99
152
28
39
125
15
52
92
59
136
25
42
122
23
65
113
43
83
90
97
114
69
173
152
69
219
147
39
255
150
38
227
105
4
225
98
3
242
122
28
255
145
55
243
111
28
181
38
0
160
5
0
182
17
0
179
10
13
182
10
24
177
2
17
179
11
8
199
47
8
202
74
9
181
84
3
156
90
12
114
79
25
61
49
7
32
37
0
47
60
16
70
84
31
69
78
31
57
57
31
46
44
47
37
39
78
45
55
108
5
26
73
14
39
79
18
43
74
7
27
52
89
105
121
177
190
198
188
203
200
124
140
127
59
77
55
51
70
40
66
86
48
72
95
49
76
104
55
50
78
27
95
96
88
88
85
78
103
89
86
124
103
100
128
104
102
131
107
105
140
123
116
145
132
124
126
119
109
145
138
128
148
140
129
186
166
157
191
148
142
178
108
110
140
39
47
105
27
51
54
57
102
16
57
109
26
70
109
47
81
91
92
109
77
147
140
70
184
146
45
218
155
41
238
154
40
249
149
37
252
141
26
241
119
8
224
88
0
208
59
0
204
45
0
206
41
9
213
47
31
193
29
19
170
10
0
173
27
0
228
105
27
223
127
24
198
137
20
137
105
2
61
53
0
40
48
7
33
49
22
42
56
33
53
56
29
60
47
30
70
40
42
81
37
60
86
35
76
56
20
64
26
25
56
30
48
72
4
29
47
21
40
55
77
85
98
189
194
200
114
125
121
55
69
54
47
65
39
38
58
21
61
80
32
88
116
57
58
95
26
55
97
25
96
97
91
104
101
96
121
107
104
147
127
126
180
154
153
197
171
170
191
172
166
179
166
157
137
134
119
123
121
106
118
110
95
138
116
103
190
145
140
200
134
135
132
45
53
94
37
56
47
71
109
1
58
103
12
57
96
40
72
85
103
118
89
163
160
91
180
159
52
192
153
26
221
161
31
237
158
27
238
144
12
231
119
0
227
102
0
230
92
0
225
76
7
215
57
10
199
34
6
193
27
5
187
29
2
191
49
3
227
113
27
230
146
34
224
175
54
166
148
38
73
79
7
43
62
17
27
50
21
34
52
30
48
50
28
57
39
27
75
33
43
97
37
63
113
35
74
99
37
74
53
38
59
30
42
54
24
46
57
69
87
97
100
104
115
150
151
156
57
66
61
33
47
30
48
67
39
38
58
20
44
64
13
56
82
21
38
78
5
65
112
34
72
71
66
93
88
84
100
86
83
114
94
93
157
133
131
180
156
154
170
151
145
157
147
137
163
161
146
151
149
134
164
158
142
150
130
119
197
156
150
199
137
138
126
45
51
90
41
63
26
58
109
0
57
115
14
61
107
40
69
83
95
107
71
156
151
67
178
158
33
195
161
12
210
163
13
226
165
14
227
153
2
221
137
0
234
137
0
251
141
20
240
116
26
221
77
16
199
29
0
195
16
0
193
22
5
192
37
7
201
73
12
209
113
29
208
150
51
136
110
17
90
91
23
47
65
13
24
50
5
32
55
13
43
54
12
47
40
11
65
36
30
96
42
56
111
30
62
108
37
69
59
36
54
17
24
32
15
34
40
56
73
80
59
62
69
65
66
70
31
40
35
22
36
21
35
53
27
31
51
14
46
63
18
50
73
17
40
77
10
85
128
57
59
58
53
69
64
60
61
47
44
84
64
63
153
129
127
182
161
158
168
151
144
161
151
142
163
161
148
150
151
135
169
166
151
147
131
118
166
128
123
160
104
103
136
64
68
94
46
68
32
49
101
7
53
115
24
60
112
37
62
84
78
91
61
135
138
59
169
159
35
197
176
25
196
160
1
212
163
0
221
160
0
228
157
0
244
164
5
255
165
25
236
135
27
214
94
8
247
98
30
228
69
14
214
61
19
205
67
21
187
73
10
199
114
34
190
140
51
99
79
0
88
95
27
41
64
8
19
49
0
33
61
12
45
61
16
45
41
12
57
33
29
92
39
55
121
32
60
117
37
64
81
51
61
39
40
42
21
35
35
23
39
39
19
23
26
34
35
37
31
42
34
28
45
29
29
49
24
26
45
13
46
61
22
49
68
22
50
81
24
108
146
85
43
42
37
44
39
35
48
37
33
109
91
89
201
180
177
225
206
202
193
178
171
178
169
160
147
148
134
104
106
92
88
86
71
93
81
69
118
88
80
148
100
98
200
138
141
143
90
108
72
55
97
37
40
93
28
38
91
29
44
77
62
82
73
116
135
80
149
160
58
182
178
42
188
163
8
203
161
0
220
162
0
236
168
0
246
173
0
241
165
4
221
141
16
208
121
6
255
167
37
244
141
13
230
129
23
217
126
33
177
104
10
187
137
42
180
157
61
92
95
6
84
106
34
39
73
13
16
55
2
30
61
17
43
58
25
42
38
26
55
31
47
92
37
68
122
26
54
126
35
53
100
61
66
56
51
47
34
44
36
21
34
27
22
24
23
43
45
42
20
31
23
32
50
36
35
54
34
28
44
18
34
45
15
27
41
5
41
67
22
107
136
88
30
29
24
55
50
46
91
82
77
148
133
130
192
174
172
177
159
155
135
124
118
123
116
106
111
111
99
68
70
56
36
37
23
70
62
49
100
75
68
146
108
105
228
176
178
185
129
140
96
46
71
67
26
66
50
28
77
37
32
72
42
59
69
73
99
72
106
132
61
155
168
63
177
168
39
196
165
13
219
169
0
236
175
0
239
173
0
234
163
0
225
153
15
222
153
16
232
164
1
225
157
0
218
152
16
206
149
33
145
100
0
144
118
23
142
136
48
78
92
13
85
115
51
45
84
31
20
59
14
24
56
19
34
49
26
38
34
31
54
32
55
94
39
71
120
16
41
133
32
46
107
59
57
45
32
23
31
37
25
29
39
28
29
31
26
30
32
27
19
32
23
26
44
32
24
42
26
25
40
21
35
43
20
28
38
11
30
50
15
59
83
47
74
71
66
101
96
92
133
123
121
145
131
130
129
114
111
97
83
80
71
62
55
62
58
49
57
59
46
48
50
37
33
33
21
76
70
58
103
84
77
138
109
105
184
144
144
191
132
134
131
46
53
107
22
41
86
28
68
62
31
75
38
39
69
36
56
63
56
86
60
107
134
79
139
147
70
173
160
56
206
172
36
223
173
14
231
170
0
237
166
0
238
160
10
229
157
10
208
153
0
206
158
0
201
155
20
199
159
46
134
105
9
124
109
28
112
115
46
62
80
22
73
104
60
44
80
44
23
58
28
22
50
27
29
43
28
34
33
31
52
34
50
90
36
59
133
25
41
149
40
46
119
66
58
46
29
13
36
39
20
35
43
28
36
37
29
27
30
23
27
40
31
21
38
28
14
30
19
23
35
21
39
43
29
40
44
27
30
44
21
18
36
12
122
119
114
117
112
108
110
102
99
95
84
82
80
69
65
79
70
65
72
65
59
49
46
37
39
41
30
47
49
38
38
38
28
79
75
64
125
110
103
162
138
134
161
130
128
205
151
149
168
79
73
130
33
40
99
23
53
82
31
70
64
44
79
45
51
73
33
58
62
58
90
77
87
113
86
131
145
96
174
169
85
191
168
52
208
166
18
228
168
10
234
156
4
219
141
0
211
149
0
204
151
0
193
146
8
204
164
43
151
121
22
138
121
39
112
111
46
60
73
20
57
82
42
38
67
37
25
55
29
26
49
29
30
42
28
34
35
27
45
35
34
78
32
35
130
20
29
142
29
31
118
62
49
49
31
11
36
38
16
24
31
13
30
32
19
37
40
31
21
33
23
24
40
30
24
40
30
27
39
29
25
28
19
28
29
21
30
41
27
15
27
13
102
99
94
77
74
69
63
58
54
59
51
48
48
38
36
43
35
32
48
43
37
50
47
40
24
25
17
37
38
30
69
69
61
93
89
80
136
125
119
185
167
163
192
168
166
200
161
156
167
100
92
131
53
53
116
41
61
93
30
57
82
38
61
79
60
79
43
50
68
23
52
70
13
57
82
33
81
95
78
119
101
135
156
99
181
172
69
206
166
34
221
150
6
231
143
0
224
137
0
237
157
0
218
144
0
216
152
18
191
140
23
168
132
35
162
143
66
92
88
27
69
77
30
34
50
14
30
49
21
26
44
20
27
39
17
40
45
22
42
42
14
73
37
15
136
31
28
142
30
29
119
61
47
58
38
14
39
39
15
30
37
17
37
38
24
36
38
27
24
36
26
20
36
26
21
34
25
22
32
24
28
29
24
29
28
24
25
30
24
23
33
25
62
59
54
46
43
38
41
38
33
44
39
35
41
36
32
47
42
38
55
52
45
52
52
44
46
46
38
44
44
36
66
66
58
94
89
83
142
133
128
191
177
174
203
185
183
213
188
183
195
155
147
145
94
90
129
71
83
112
53
71
87
37
49
63
32
47
38
36
58
40
66
101
15
68
122
0
64
116
5
72
98
53
107
93
127
149
85
181
171
73
205
160
43
207
140
7
213
134
0
231
152
0
215
146
0
224
166
22
203
158
31
167
134
29
161
143
61
121
113
50
71
75
25
36
46
9
35
48
22
35
47
25
31
40
19
37
43
17
38
43
3
74
43
12
130
31
25
140
32
32
117
64
48
54
36
12
34
36
12
28
35
15
35
36
22
32
34
23
26
36
27
23
36
27
24
35
29
26
32
28
31
30
28
33
29
28
28
33
29
27
33
29
41
40
35
35
34
29
38
37
32
45
42
37
51
48
43
66
63
58
73
72
67
65
64
59
29
28
23
65
62
57
93
88
84
89
81
78
130
122
119
198
188
186
190
179
177
149
138
132
127
119
106
79
65
56
70
41
46
73
35
46
68
31
38
56
30
39
34
31
50
27
49
86
6
56
117
0
59
121
0
60
106
0
72
85
46
101
72
101
132
75
139
142
71
157
136
43
190
150
26
210
165
20
195
160
8
209
183
38
193
175
49
142
133
28
134
133
53
125
131
69
69
79
29
32
44
8
32
44
22
38
46
33
35
38
29
33
35
21
35
36
4
74
44
16
126
33
28
137
37
39
115
69
54
49
37
15
30
35
12
27
36
17
34
34
22
29
29
21
26
33
25
24
34
26
23
32
27
26
30
29
32
28
29
33
29
30
27
31
30
25
34
31
43
42
37
41
40
35
45
44
39
47
48
42
52
53
47
70
71
65
79
78
73
67
66
61
56
53
48
50
45
41
72
64
61
91
81
80
104
96
94
102
94
92
73
65
63
60
57
50
51
58
42
38
42
28
42
31
35
44
24
33
44
21
27
50
33
41
38
37
51
14
33
63
4
47
102
5
67
128
0
74
124
0
64
92
0
63
61
23
80
61
57
97
73
81
101
63
130
131
61
151
148
55
135
140
37
144
155
53
139
154
69
95
116
49
86
107
62
96
118
82
67
89
53
24
43
15
24
36
22
33
39
35
33
33
35
32
28
25
34
29
9
72
39
20
126
38
37
132
42
44
109
71
60
43
38
18
27
36
15
26
37
20
34
34
24
30
27
20
26
28
23
22
28
24
23
28
24
26
26
26
30
24
26
31
25
27
25
29
28
22
31
28
36
37
31
34
35
29
36
37
32
34
36
31
35
37
32
53
55
50
65
66
61
60
56
53
42
37
34
62
52
51
74
62
62
51
39
41
57
47
48
90
81
82
82
76
76
65
62
55
95
100
80
108
112
97
117
112
116
99
91
104
59
52
60
37
34
41
35
42
52
25
42
62
25
54
94
20
62
110
6
61
102
0
53
83
0
57
73
0
69
84
4
68
95
0
57
84
31
79
93
51
97
97
41
91
79
44
98
85
55
109
111
44
96
109
42
90
110
52
96
109
61
100
95
18
48
36
16
33
27
28
33
36
32
28
42
36
26
35
37
26
20
71
37
28
124
43
50
121
42
48
95
66
58
34
37
20
24
37
19
24
36
22
33
33
25
31
26
22
27
28
23
26
28
25
25
27
24
27
26
24
32
23
24
31
25
25
24
29
25
21
32
26
29
30
24
26
27
21
28
30
25
27
29
24
24
29
23
41
43
38
59
60
55
63
59
56
52
44
42
37
25
25
58
43
46
81
66
69
94
82
84
102
93
94
118
112
112
161
158
153
159
158
140
159
155
143
163
154
159
169
159
170
129
119
127
71
66
70
48
52
55
28
40
52
27
50
81
20
53
94
6
51
90
0
48
86
0
55
88
0
65
104
0
60
120
0
51
117
0
56
116
0
69
120
0
71
108
0
71
110
11
82
134
23
92
149
28
91
145
32
88
123
55
103
105
18
54
40
16
39
23
25
35
27
31
28
37
41
29
41
44
30
30
72
38
37
123
50
61
104
37
46
76
55
50
25
33
18
22
39
23
21
35
22
33
30
25
36
28
26
35
31
30
32
31
29
31
30
28
32
28
27
35
26
27
32
28
27
25
31
27
22
33
27
31
32
27
26
27
22
29
31
26
30
35
29
24
29
23
32
37
31
57
56
52
70
65
62
50
40
41
72
57
60
94
78
81
81
65
68
85
73
77
118
107
111
126
122
123
135
130
127
151
138
130
138
117
112
127
100
109
155
127
139
156
130
131
121
102
96
92
85
77
46
51
55
19
39
66
18
50
91
16
58
106
7
58
105
0
50
97
0
46
102
5
48
124
10
57
135
0
61
128
0
62
119
1
75
122
2
76
125
6
77
143
22
91
160
31
93
152
31
87
120
39
89
77
15
55
18
21
48
7
25
38
8
27
28
22
38
32
34
44
34
32
71
41
43
127
61
75
94
34
46
61
47
44
22
34
22
25
45
33
22
38
28
35
31
28
44
34
35
38
32
32
36
32
31
35
31
28
33
29
26
35
27
25
32
28
25
22
32
24
21
34
25
31
33
28
23
25
20
27
32
26
30
35
29
19
24
18
22
24
19
44
43
39
63
58
55
73
63
62
86
72
72
103
87
88
93
77
78
97
82
85
121
111
112
132
123
124
147
137
136
122
103
99
113
87
88
85
54
62
95
62
69
113
84
80
127
102
95
134
121
112
91
91
91
30
42
64
24
49
87
23
60
105
21
63
113
12
55
108
1
42
106
2
39
119
6
47
127
1
52
117
0
45
100
0
67
122
2
78
140
0
72
151
7
84
164
21
90
159
27
86
126
22
71
65
13
47
14
29
47
5
30
36
0
25
23
8
34
29
25
40
35
31
64
44
45
124
74
85
85
38
48
56
45
43
26
36
27
35
51
41
29
40
32
37
36
34
49
43
43
35
34
32
33
33
31
31
32
27
30
29
25
30
26
23
26
27
22
20
30
22
18
31
22
16
21
15
34
39
33
23
28
22
16
21
15
34
39
33
34
36
31
29
28
23
48
45
40
90
82
79
96
86
84
92
81
79
89
75
74
110
96
93
143
129
126
149
138
134
138
124
121
105
87
85
95
75
74
92
70
72
97
76
75
95
71
67
87
68
62
95
82
76
110
104
106
56
60
72
13
27
53
28
52
86
25
58
101
26
67
119
0
42
104
0
39
113
0
46
114
7
44
96
5
47
97
0
59
120
0
73
148
0
81
169
0
82
172
2
87
167
26
95
152
8
53
76
21
41
39
38
39
21
35
25
0
43
32
14
41
33
22
24
25
20
65
61
60
93
68
72
78
49
53
52
38
37
44
39
35
39
40
35
32
34
29
29
30
25
30
32
27
26
31
27
25
31
27
25
31
27
24
30
26
24
30
26
23
29
25
21
30
25
20
31
25
22
29
22
29
34
28
23
28
22
24
26
21
28
30
25
20
21
16
25
24
19
56
53
48
77
70
64
96
87
82
114
103
99
131
117
114
147
134
128
156
141
136
137
122
117
110
95
90
93
78
75
92
77
74
97
79
75
96
78
74
81
62
56
67
49
45
80
66
63
103
94
95
58
57
65
19
26
44
29
46
74
23
51
90
30
67
119
11
57
117
0
50
118
0
42
104
12
41
83
9
41
82
0
50
110
0
65
138
0
76
161
0
81
168
0
86
163
22
91
150
13
53
86
13
30
40
34
30
21
42
29
12
50
39
21
45
42
27
24
31
24
47
53
51
77
67
66
64
46
46
45
31
30
41
30
28
39
31
29
33
29
26
28
30
25
30
35
29
25
31
27
23
32
27
22
31
26
21
32
26
21
32
28
22
31
28
22
31
28
22
31
28
27
32
26
20
25
19
25
27
22
31
33
28
25
26
21
17
16
12
40
37
32
78
73
69
107
100
94
113
104
99
121
110
106
133
119
116
141
126
121
137
122
117
119
101
97
100
82
78
103
88
83
101
86
81
106
88
84
105
88
81
87
70
63
66
51
44
66
52
49
78
69
70
50
49
55
18
25
41
26
43
69
18
43
81
17
53
101
5
50
107
0
40
103
0
28
85
13
37
75
10
34
70
0
39
87
0
54
114
0
69
137
0
79
148
11
85
146
29
87
133
31
69
92
22
41
47
33
35
24
31
26
7
28
27
7
38
42
27
33
49
39
43
56
49
72
64
61
57
42
39
38
27
23
34
24
22
33
28
24
28
27
22
29
30
24
30
35
29
24
31
24
24
31
24
22
32
24
22
31
26
22
31
26
25
31
27
25
31
27
25
31
27
28
30
25
19
21
16
25
27
22
34
35
30
27
26
22
34
30
27
68
63
59
102
94
91
112
103
98
106
95
91
107
93
90
122
107
104
143
128
123
161
143
139
171
153
149
176
158
154
179
164
159
150
135
128
121
104
97
104
87
79
92
75
67
74
59
52
64
51
45
60
52
50
48
47
52
23
31
44
34
50
73
29
53
87
18
52
97
7
48
100
0
43
101
4
45
97
13
33
68
11
28
58
0
30
69
0
42
87
4
62
112
14
76
127
25
82
125
36
83
113
15
47
60
28
48
47
61
71
60
67
71
54
41
50
31
33
48
29
29
51
38
25
42
32
67
64
57
53
42
38
37
28
23
35
28
22
34
31
24
29
28
23
28
29
23
31
34
27
25
30
23
24
31
24
24
31
24
25
32
25
25
32
25
26
31
27
26
31
27
27
32
28
29
30
25
24
25
20
27
28
23
28
27
23
28
24
21
48
43
40
81
76
72
102
94
91
122
113
108
121
110
106
135
121
118
162
147
144
191
173
169
207
189
185
217
198
194
223
205
201
203
188
181
187
173
164
174
160
151
170
156
145
158
144
133
125
111
102
82
71
65
53
48
44
45
45
47
15
22
32
18
33
52
25
49
77
16
48
87
13
51
98
1
44
95
17
53
101
16
35
67
14
28
54
4
25
54
3
32
64
13
48
80
24
60
92
30
66
90
32
64
79
38
63
67
50
71
66
97
113
100
127
144
125
84
103
83
29
53
31
23
52
32
38
61
45
56
58
47
46
39
31
33
29
20
34
31
22
36
36
26
32
33
25
29
32
23
31
34
25
26
32
22
26
31
24
26
31
24
26
31
24
26
31
24
28
30
25
28
30
25
28
30
25
31
27
24
34
30
27
30
26
23
24
20
17
31
26
23
53
45
43
77
69
66
95
85
83
155
144
140
159
145
142
170
155
152
188
170
168
199
181
177
199
181
177
194
175
171
188
169
163
168
151
143
183
169
160
210
196
185
228
214
203
218
204
193
185
172
163
149
139
130
126
121
117
79
79
81
40
47
55
25
38
54
28
48
73
19
45
78
25
58
99
2
40
85
4
37
80
20
39
71
21
33
59
11
25
51
10
25
48
16
33
53
25
42
58
26
44
54
22
40
44
80
99
97
79
99
90
122
143
128
187
210
190
154
179
157
57
85
62
27
57
33
44
68
46
46
52
38
38
36
24
29
27
15
32
32
20
37
39
28
34
36
25
31
34
23
34
37
28
30
33
24
30
33
24
29
32
25
29
32
25
28
31
24
29
30
24
29
30
24
28
29
23
28
23
20
36
31
28
29
24
21
30
25
22
47
42
39
58
50
48
76
66
64
109
98
96
146
135
131
145
131
128
142
127
124
145
127
125
153
134
130
162
143
139
165
146
142
164
145
139
166
149
141
170
156
145
172
158
147
165
151
138
152
140
126
150
138
126
164
155
146
180
175
169
138
138
138
114
121
127
88
100
114
62
79
99
28
52
80
45
74
108
20
52
91
10
39
79
21
41
78
23
36
70
19
29
56
17
22
42
23
25
37
32
33
38
31
33
32
23
28
24
51
62
54
65
81
71
99
119
107
178
203
184
199
224
203
127
153
128
64
90
63
32
52
27
53
60
42
41
42
28
31
32
18
33
35
22
37
39
26
33
37
23
32
36
22
34
37
26
32
35
24
32
33
25
32
33
25
30
31
23
29
30
22
29
29
21
28
28
20
28
28
20
23
18
15
32
27
24
28
23
20
42
34
32
67
59
57
67
57
56
84
73
71
134
123
121
135
121
118
127
113
110
113
98
95
104
86
84
112
93
89
130
111
107
144
125
121
146
129
122
158
144
135
149
135
124
130
116
103
101
89
75
75
63
49
67
57
45
81
74
64
98
95
88
147
147
145
154
159
163
131
141
151
76
92
108
20
38
60
44
65
94
29
54
85
18
42
80
19
40
83
21
39
79
23
32
65
24
25
46
31
25
35
41
31
32
41
32
27
32
27
21
27
30
23
39
51
41
22
40
28
66
89
73
145
168
148
167
189
164
137
156
126
78
92
66
67
74
56
52
54
40
37
39
25
35
39
24
36
40
26
32
36
22
31
35
21
35
37
24
34
36
25
33
35
24
32
33
25
31
32
24
30
30
22
29
29
21
28
28
20
27
27
19
32
24
22
34
26
24
42
34
32
52
44
42
59
49
48
74
64
63
113
102
100
153
142
140
175
161
158
171
157
154
145
130
127
119
101
99
115
97
93
120
102
98
127
109
105
136
119
112
131
117
106
118
104
91
95
83
69
75
63
49
64
54
42
63
55
44
63
59
48
63
60
53
125
125
123
127
131
134
58
67
74
22
34
46
26
42
58
43
59
82
19
36
62
30
50
85
17
40
90
15
37
87
19
31
71
26
27
55
34
26
41
43
28
33
46
32
31
46
35
31
33
30
25
25
30
23
28
41
32
25
41
28
44
58
41
108
122
97
136
145
116
94
100
72
60
65
45
61
65
50
58
62
47
50
54
39
39
43
29
32
36
22
32
34
21
34
36
23
35
35
25
34
34
24
33
33
25
33
33
25
33
33
25
32
32
24
29
29
21
27
27
19
35
27
25
36
28
26
31
23
21
32
24
22
65
55
54
126
116
115
183
172
170
211
200
198
186
172
169
181
167
164
167
153
150
150
135
132
124
109
104
91
73
69
80
62
58
95
80
73
101
87
76
94
80
67
80
68
54
64
54
42
54
46
33
51
45
33
51
47
38
50
49
44
61
61
59
74
78
79
47
52
58
27
35
45
34
43
58
43
54
72
29
42
61
31
47
80
14
40
91
12
37
93
19
33
78
25
28
61
32
25
43
39
26
35
46
30
31
48
34
33
39
34
30
23
24
19
25
32
25
24
34
25
26
34
19
61
66
46
81
81
55
54
54
28
38
43
23
43
50
34
49
56
40
48
54
40
43
47
33
36
38
25
31
33
20
31
31
21
34
34
24
33
33
25
32
32
24
31
31
23
31
31
23
31
31
23
30
30
22
29
29
21
42
34
32
38
30
28
37
29
27
63
55
53
121
113
111
182
172
171
205
195
193
202
191
189
216
205
201
196
185
181
161
150
146
136
122
119
116
103
97
89
74
69
73
58
53
78
63
56
69
55
46
70
56
45
68
56
44
60
50
38
51
43
32
44
37
27
42
39
32
43
42
37
30
30
28
45
46
48
54
57
62
40
44
53
43
47
58
39
45
59
40
46
62
28
39
67
14
37
87
13
38
94
19
36
82
24
30
66
29
25
48
35
24
38
41
28
35
46
34
36
40
31
32
20
16
13
24
25
20
32
33
27
23
23
11
31
29
14
46
41
21
38
36
15
25
29
12
29
37
22
38
44
30
42
48
34
41
44
33
38
40
29
37
37
27
36
36
28
37
34
27
35
32
25
32
31
26
30
29
24
28
29
23
29
30
24
29
30
24
30
31
25
30
22
20
34
26
24
65
57
55
118
110
108
161
153
151
173
165
163
170
160
158
167
157
155
174
165
160
169
158
154
131
120
116
89
78
74
79
68
62
85
74
68
83
72
66
83
70
62
56
42
33
59
45
34
63
51
39
59
51
40
50
43
33
40
36
27
38
35
30
40
41
36
39
41
40
42
43
45
65
66
70
50
51
56
46
46
56
38
38
50
53
53
65
30
36
60
18
37
80
16
38
87
22
37
80
23
31
67
25
25
51
28
23
41
36
28
39
42
32
40
41
32
35
25
19
19
29
25
22
38
35
30
32
28
19
31
27
16
44
38
24
45
42
27
30
34
20
29
35
23
31
37
25
33
36
25
34
36
25
37
37
29
42
42
34
49
46
39
40
37
30
39
36
31
35
34
29
31
30
25
28
29
23
26
28
23
28
30
25
30
32
27
40
35
32
54
49
46
75
70
67
81
76
73
60
55
52
33
25
23
29
21
18
42
34
31
63
56
50
92
83
78
96
87
82
71
62
57
51
42
35
47
38
31
61
52
45
82
72
63
68
55
46
67
53
44
64
51
42
59
50
41
49
42
34
38
33
27
34
33
29
38
38
36
39
41
40
31
32
34
54
55
59
46
45
51
45
42
49
43
40
49
64
58
68
39
38
56
26
37
67
23
37
74
23
36
70
23
32
63
22
28
54
24
27
46
30
28
42
34
31
40
45
38
43
37
31
31
36
28
26
34
26
23
29
24
20
33
28
24
36
33
28
33
32
27
35
38
29
31
37
27
30
33
24
27
30
21
28
29
21
33
32
27
41
38
33
46
43
38
44
41
36
43
39
36
39
38
34
34
33
29
28
29
24
25
27
24
24
29
25
27
32
28
38
33
30
51
46
43
53
48
45
39
34
31
31
26
23
37
32
29
43
38
34
44
36
33
27
20
14
39
32
26
55
48
42
64
57
51
51
44
36
29
22
14
49
42
34
99
90
83
112
99
91
94
81
73
74
64
55
63
54
47
53
46
40
40
37
32
37
36
34
41
41
41
33
34
36
26
26
28
42
41
46
45
43
48
47
42
48
52
45
53
62
52
61
39
33
45
35
38
57
30
36
60
26
34
57
22
32
55
20
30
53
21
29
48
23
29
45
28
28
40
40
38
43
42
36
36
36
28
26
28
20
17
28
23
20
31
29
30
28
29
31
22
26
27
28
33
27
30
33
24
30
33
24
30
31
25
30
29
24
32
29
24
33
28
24
33
28
25
43
39
36
43
39
36
40
39
35
34
34
32
27
29
26
22
27
23
22
28
24
25
31
27
44
40
37
42
38
35
32
28
25
26
22
19
36
32
29
50
46
43
45
42
37
30
25
21
48
43
37
35
30
24
32
27
21
46
41
35
47
43
34
41
37
28
79
75
66
149
140
133
162
149
141
126
113
105
86
75
69
65
56
49
52
47
43
43
39
36
40
39
37
43
43
43
34
34
36
31
30
35
34
32
37
46
41
47
46
36
44
57
46
54
54
41
50
41
30
38
44
39
45
37
36
44
28
32
44
22
31
46
21
34
51
21
34
51
21
30
45
19
26
36
32
31
36
38
32
32
35
27
24
32
24
21
31
29
30
26
30
33
20
29
36
24
33
38
23
29
25
27
30
23
29
30
24
30
31
25
31
30
26
31
27
24
29
24
21
26
21
18
37
31
31
39
35
34
38
37
35
34
34
32
25
29
28
20
26
24
20
29
26
23
32
29
36
32
29
30
26
23
33
29
26
41
37
34
39
35
32
30
26
23
33
30
25
45
42
37
41
36
30
45
40
34
42
37
31
35
30
24
29
25
16
45
41
32
111
107
98
191
184
176
188
175
167
141
128
120
88
77
71
58
51
45
46
41
37
38
34
33
35
33
34
38
38
40
28
27
32
32
30
35
24
19
25
40
33
40
36
27
32
57
44
51
51
36
43
50
38
42
50
40
41
39
35
36
27
30
37
22
30
43
22
35
52
20
36
52
17
30
46
15
23
34
30
29
34
35
29
29
35
27
24
38
30
28
35
33
36
18
23
29
8
21
30
22
35
43
25
31
29
27
30
23
27
28
22
28
27
22
31
27
24
32
28
25
32
27
24
31
26
23
31
25
25
34
30
29
35
34
32
31
33
30
24
28
27
20
26
24
20
29
26
22
33
29
