187
196
209
173
182
195
113
123
133
163
173
183
161
171
181
190
200
210
191
200
213
170
179
192
167
179
193
171
183
197
171
184
200
163
179
195
151
168
186
144
161
179
142
160
180
144
163
180
136
153
169
131
149
163
151
167
180
120
137
145
100
115
122
61
76
81
85
99
102
143
157
158
130
144
145
133
147
150
128
143
148
128
143
150
131
148
156
125
141
154
119
137
151
124
142
156
124
140
153
120
137
147
112
126
139
102
115
131
101
114
131
110
123
142
114
126
148
110
122
146
106
120
146
117
135
159
113
133
158
113
135
159
121
145
171
112
138
163
106
134
158
125
150
172
130
146
162
131
140
153
122
135
144
118
131
139
124
139
146
141
158
166
162
180
192
174
193
210
163
183
208
156
175
207
152
171
204
151
169
205
149
169
202
145
166
195
144
164
189
146
166
190
160
169
182
146
155
168
114
124
134
141
151
161
128
138
148
148
158
168
165
174
187
177
186
199
168
180
194
170
182
196
168
181
197
159
175
190
151
167
183
145
162
180
146
163
181
150
167
185
153
170
186
131
147
162
132
146
159
120
134
145
114
127
135
81
94
100
65
76
80
88
99
101
97
108
110
125
136
140
144
157
163
141
154
162
130
144
155
129
143
156
120
136
151
105
121
136
114
131
141
121
135
146
129
143
154
122
134
148
107
119
133
108
119
136
117
128
146
117
128
148
120
132
154
120
135
156
115
131
154
112
130
152
110
131
152
106
128
151
107
132
154
123
146
164
129
142
158
117
126
139
108
121
130
125
138
146
152
167
174
167
184
192
164
182
194
154
173
190
167
184
210
156
175
205
150
169
202
149
168
201
147
168
199
146
167
196
148
168
193
152
172
196
197
205
216
174
182
193
174
182
193
170
178
189
152
162
172
155
165
175
161
171
181
180
189
202
166
178
190
166
178
192
162
175
191
157
170
186
149
165
181
148
164
180
150
167
183
154
171
187
161
174
191
139
150
167
126
138
152
127
136
149
121
129
140
109
118
125
85
92
98
107
114
120
130
137
143
119
126
132
120
129
136
120
128
139
116
125
138
131
143
157
140
151
168
122
135
151
101
115
124
101
114
122
113
126
135
113
123
133
95
103
114
101
109
122
119
125
139
114
121
137
117
124
140
112
121
136
117
129
143
121
133
147
110
124
137
99
115
130
95
113
127
91
107
120
112
124
138
120
129
142
134
147
156
152
165
173
161
176
181
162
179
186
170
188
198
182
199
215
171
189
213
161
178
206
149
168
200
145
164
197
144
163
195
143
163
190
146
166
190
150
171
192
156
164
175
128
136
147
158
166
177
143
151
162
158
168
178
172
182
192
160
170
180
160
170
180
162
174
186
161
173
185
158
172
185
155
168
184
152
165
181
149
165
180
151
167
182
152
168
184
160
171
189
147
155
174
132
141
158
140
148
161
131
137
149
133
137
148
106
110
119
128
131
138
134
137
144
91
95
104
94
98
109
119
125
137
117
125
138
119
128
145
132
140
159
124
135
152
120
133
141
101
112
118
100
111
117
100
109
116
92
99
107
111
115
124
132
135
144
125
128
137
118
121
130
105
109
118
117
121
130
131
136
142
122
129
135
118
127
132
114
123
128
95
106
112
104
113
126
100
109
122
112
122
131
137
150
156
158
171
177
159
174
179
155
172
180
155
173
187
176
192
215
164
181
209
154
170
203
146
165
197
141
160
190
137
157
184
137
157
181
139
160
181
181
188
198
136
143
153
146
154
164
97
105
115
127
137
146
177
187
196
189
199
209
194
204
214
164
176
188
162
174
186
160
172
184
159
171
185
158
170
184
154
168
181
151
165
178
149
162
178
159
167
186
147
154
173
135
142
160
149
155
171
147
151
163
144
146
158
94
97
106
94
94
102
108
108
116
79
82
91
93
95
107
111
115
127
91
97
113
92
99
117
123
130
149
137
146
163
136
146
155
114
125
129
103
112
117
95
104
109
88
93
97
99
102
107
117
118
122
117
117
119
108
108
110
86
84
85
87
85
86
102
101
99
108
108
106
122
122
120
131
131
129
116
120
121
119
126
136
120
128
139
132
143
149
150
161
165
159
170
172
158
172
175
161
174
182
167
181
194
178
193
214
168
184
210
160
175
206
154
171
201
148
165
195
139
156
182
132
153
174
132
153
172
184
191
199
164
171
179
191
198
206
147
155
165
159
167
177
187
197
206
185
195
205
180
190
200
176
188
200
172
184
196
168
180
192
166
179
188
165
178
187
161
174
183
154
167
176
149
161
173
147
155
174
146
153
172
148
153
172
148
154
170
146
150
162
138
141
150
105
105
113
109
109
117
106
106
114
99
99
107
101
104
113
96
100
112
90
96
112
116
121
140
143
150
169
141
150
167
132
142
151
132
143
147
124
135
139
109
119
121
94
99
102
82
83
85
83
83
83
95
94
92
96
92
89
81
76
72
78
73
67
89
84
78
99
95
86
108
104
95
110
106
97
101
100
96
109
113
122
121
129
140
131
140
147
124
134
136
112
122
123
121
133
133
155
166
170
186
199
208
179
192
209
170
185
208
164
178
205
160
175
204
154
169
198
143
160
186
136
154
176
132
153
172
146
151
157
128
133
139
143
150
156
124
131
139
130
138
148
163
171
181
189
199
209
212
222
232
196
209
218
189
202
211
182
192
202
177
187
196
175
185
194
171
179
189
163
171
181
156
164
175
145
154
171
147
154
173
159
166
184
143
149
163
144
148
159
131
134
143
116
119
126
125
128
133
93
96
101
101
104
111
107
110
119
114
118
129
133
139
153
152
159
177
145
152
171
120
129
146
135
149
158
151
166
171
144
158
161
132
143
145
126
134
136
98
102
101
80
80
78
96
95
90
101
98
91
103
99
90
103
96
86
106
98
87
110
102
91
101
93
82
90
84
70
89
86
79
116
121
127
119
127
137
123
132
137
130
138
140
149
157
157
175
185
184
193
203
205
194
204
213
183
192
207
174
185
205
167
179
205
161
175
202
153
169
195
141
157
182
132
150
170
129
148
165
94
99
105
105
110
116
161
166
172
202
209
215
215
224
231
215
223
233
208
218
228
214
224
234
211
224
233
203
213
222
191
201
210
184
193
200
181
190
197
177
184
190
172
177
183
163
170
180
162
171
186
148
157
174
154
163
178
137
145
156
155
162
170
131
136
142
93
98
102
73
77
80
96
100
103
97
102
106
95
100
106
102
109
117
119
127
138
127
136
151
132
141
158
141
153
167
127
144
154
145
162
169
131
146
151
125
139
142
142
152
153
114
120
118
81
83
78
93
94
88
95
92
83
104
100
89
96
90
78
88
80
69
90
82
71
79
71
58
75
67
54
90
87
78
57
60
65
103
110
118
154
162
165
181
189
189
195
204
201
207
216
213
206
214
214
197
204
210
187
195
206
177
185
204
167
177
200
159
171
195
148
163
186
134
150
173
125
142
160
121
140
157
81
84
89
80
83
88
148
153
157
157
164
170
202
211
218
224
232
242
213
223
232
221
234
242
212
222
231
210
220
229
207
216
223
211
220
225
207
212
216
211
214
219
216
220
223
190
195
201
174
184
194
169
181
193
157
170
179
146
157
163
142
151
156
133
141
143
102
110
110
66
72
70
91
97
95
82
90
90
89
97
99
113
122
127
139
150
156
146
159
168
141
153
165
133
147
158
138
156
166
147
167
176
136
153
160
112
127
132
113
124
126
125
133
133
105
110
106
66
69
62
95
95
87
93
91
79
78
74
63
96
89
79
68
61
51
73
67
55
88
82
70
101
98
91
124
128
131
127
134
140
165
170
173
190
196
194
201
208
201
213
220
213
214
220
216
216
221
224
205
209
220
177
183
199
169
175
197
165
173
196
138
150
172
114
129
150
97
114
132
77
94
110
81
85
88
36
40
43
53
57
60
91
96
100
145
152
158
179
188
195
191
201
210
225
238
246
226
236
245
230
241
247
225
234
239
222
230
233
245
249
252
254
255
255
202
204
203
194
198
199
182
191
196
165
178
184
169
180
184
155
166
168
131
141
140
115
124
121
99
106
99
91
98
91
92
99
92
79
86
79
75
84
81
91
101
100
112
123
125
129
140
144
146
159
165
162
177
184
141
159
169
158
176
186
155
172
179
125
138
144
101
112
114
101
109
109
106
112
108
104
107
100
57
58
50
61
61
51
65
63
51
82
78
67
77
73
64
104
101
92
108
105
96
113
112
108
138
142
145
169
174
180
193
199
199
186
191
187
196
201
194
228
231
224
231
233
228
217
219
218
203
206
213
183
187
199
168
173
192
166
172
194
148
159
179
105
118
137
75
91
107
76
93
109
43
44
46
53
54
56
70
74
77
97
102
106
134
141
147
180
189
196
201
211
220
209
222
230
210
221
227
221
230
237
216
224
227
215
220
223
252
254
253
250
250
248
141
140
136
154
154
152
186
192
192
188
198
199
204
212
212
151
160
157
110
117
110
127
132
125
114
120
110
90
96
84
54
60
48
55
61
51
74
79
72
103
110
103
118
127
124
123
131
131
137
147
148
157
168
172
156
171
178
152
166
175
142
155
161
127
138
142
110
118
120
98
104
102
94
99
93
96
99
90
76
78
67
70
70
60
75
75
65
70
67
58
72
69
62
100
99
94
72
71
66
65
65
63
80
83
88
138
143
147
176
180
181
182
187
181
204
207
198
229
231
220
225
226
218
205
205
203
196
195
200
193
193
203
173
176
191
163
168
187
154
162
181
111
124
141
75
91
107
80
98
112
74
76
75
63
65
64
86
90
91
148
153
156
196
204
207
190
199
204
208
219
225
219
232
240
215
226
232
227
236
241
226
234
237
242
246
247
251
251
249
215
214
210
105
102
97
118
115
110
128
130
127
141
146
142
170
172
167
112
115
108
71
73
62
103
103
91
90
91
77
61
62
48
92
93
79
72
73
59
60
60
48
62
64
53
61
64
57
64
66
61
88
93
89
121
127
127
161
170
175
133
142
147
112
120
123
111
117
117
105
110
106
91
94
87
83
85
74
88
88
76
100
98
86
74
72
60
80
77
68
72
69
60
103
102
97
155
154
150
137
136
134
150
152
151
130
133
138
168
173
176
193
197
196
219
222
215
233
235
224
224
224
212
219
219
209
219
218
213
196
194
197
194
193
201
179
181
194
159
165
181
148
157
174
132
143
160
108
124
139
91
109
123
112
112
110
93
95
92
95
99
100
112
117
120
179
187
190
198
207
212
232
243
249
217
230
236
215
226
232
222
231
236
229
234
237
253
255
254
211
210
206
141
138
133
79
72
64
72
65
57
103
98
92
113
110
103
154
150
141
139
135
124
105
99
85
105
97
82
108
99
82
122
113
96
104
95
78
74
65
48
49
41
26
47
41
27
57
53
42
80
76
67
122
119
112
161
160
156
172
172
172
154
154
154
141
141
139
131
130
125
109
106
99
87
83
72
99
96
81
131
125
111
133
127
113
91
85
73
83
79
68
67
63
54
104
101
96
140
136
133
127
126
124
158
158
160
186
190
193
197
202
205
196
201
197
218
221
212
223
223
211
208
206
193
219
217
204
223
220
213
212
208
209
184
181
188
173
173
185
164
167
182
142
149
165
135
147
161
129
143
156
104
120
133
76
77
72
145
145
143
185
187
186
127
132
135
130
138
141
178
187
192
226
237
243
215
228
234
237
248
254
234
243
248
241
246
249
235
237
236
170
169
165
102
97
91
84
75
66
53
44
35
62
52
43
115
105
96
147
134
125
129
115
102
99
83
68
94
78
62
118
101
83
139
122
102
139
122
102
123
106
88
111
95
79
115
99
84
121
107
94
126
113
104
132
122
113
142
131
125
166
157
152
164
155
150
165
156
149
156
146
137
125
115
103
96
84
70
96
85
67
112
103
85
107
98
81
89
80
65
97
89
76
93
86
76
130
125
119
131
127
124
115
111
110
135
135
137
137
141
144
169
173
174
186
188
183
212
213
205
213
211
198
205
202
187
203
199
187
156
152
143
210
204
204
171
169
174
158
158
168
159
163
175
140
148
161
123
135
149
119
133
146
112
128
141
64
63
59
123
123
121
196
198
197
208
214
214
154
162
165
152
161
166
164
175
181
232
245
251
226
237
241
213
223
225
216
222
222
146
148
145
103
100
95
72
65
57
62
54
43
23
10
1
60
43
35
151
133
123
142
122
111
100
78
64
87
64
48
99
76
58
135
110
90
130
105
83
134
109
87
129
104
84
123
100
82
129
106
90
141
119
105
151
131
120
155
137
127
153
134
127
140
123
115
139
122
112
141
123
111
143
125
111
136
119
103
119
102
82
100
83
63
87
72
51
103
88
69
111
98
81
113
101
87
96
86
76
119
112
104
95
90
86
83
79
78
91
89
92
137
141
144
174
178
179
199
201
196
224
224
214
210
208
195
201
198
183
188
182
168
92
85
75
158
153
150
173
168
172
152
150
161
131
133
146
137
145
158
126
138
152
108
122
133
115
132
142
77
76
71
81
82
76
116
118
113
187
192
188
162
168
168
196
204
206
149
159
161
205
215
217
232
240
242
214
220
220
211
215
214
86
87
82
74
71
66
82
75
67
61
52
43
20
7
0
88
71
63
160
142
132
113
94
80
87
65
51
101
78
60
108
81
60
144
116
94
140
112
88
133
105
81
137
109
87
140
112
91
143
116
97
152
126
111
158
134
121
153
129
117
140
118
105
147
123
110
143
120
104
139
116
100
141
118
100
154
132
111
166
146
122
165
145
121
156
136
112
159
139
115
173
155
133
145
128
110
99
85
72
112
103
94
97
92
88
117
116
114
132
132
134
162
162
164
166
166
166
163
162
157
176
173
164
154
151
136
162
156
140
177
169
154
87
79
66
99
92
84
181
177
174
155
154
159
98
101
108
133
140
150
146
154
165
112
124
136
119
131
143
68
68
58
85
85
75
138
139
131
135
136
130
139
140
134
188
190
185
161
163
160
194
196
193
185
187
184
213
214
209
194
193
188
90
87
82
68
63
57
79
74
68
80
73
65
20
11
2
84
75
66
125
117
106
72
63
48
86
73
56
97
79
59
115
93
70
152
126
101
144
117
90
146
116
90
135
105
79
141
111
87
161
130
110
161
134
115
145
119
102
137
114
98
148
122
105
147
121
98
150
122
98
143
117
94
160
136
112
159
135
111
174
150
126
168
144
118
173
147
122
179
153
126
179
153
128
136
114
91
98
81
63
113
103
91
138
135
128
140
142
139
141
143
142
150
146
147
146
138
136
186
179
173
173
164
155
90
82
69
34
27
9
135
128
109
92
85
67
69
63
47
124
122
110
162
162
154
141
141
139
142
146
149
164
168
177
145
149
160
150
156
168
47
47
35
72
72
60
85
85
75
68
68
58
96
96
88
99
99
91
90
90
82
141
140
135
158
157
152
159
156
149
132
129
122
81
77
68
89
82
74
123
116
108
120
113
105
67
60
52
52
48
39
59
55
44
63
55
42
95
83
67
105
88
68
132
112
88
141
115
90
147
117
91
158
127
99
148
116
91
152
120
97
168
137
116
169
141
120
153
126
109
145
119
104
150
125
105
151
121
95
145
115
87
138
111
84
165
139
114
163
139
115
165
141
117
152
126
101
160
133
106
151
121
93
160
133
104
134
108
83
101
80
59
105
93
79
121
118
109
134
139
135
158
160
159
197
189
187
179
168
166
187
176
170
150
140
130
65
56
41
17
8
0
81
72
54
104
97
78
38
33
14
76
73
58
158
156
144
102
101
96
159
159
159
161
162
167
164
164
174
155
157
169
54
54
44
79
79
69
56
56
46
41
41
31
105
102
93
90
87
78
100
97
88
165
162
155
89
86
79
99
95
86
84
77
69
73
64
55
86
77
68
142
133
124
122
113
104
62
53
44
30
26
15
32
26
14
80
72
59
100
88
72
103
86
66
150
130
106
133
107
84
151
121
95
164
133
105
158
126
101
161
131
107
174
143
122
174
146
125
163
136
119
154
128
113
155
130
110
157
130
103
143
113
85
131
104
77
160
134
109
158
134
110
155
131
107
138
112
87
147
120
93
127
97
69
145
118
91
135
109
84
107
86
65
97
85
71
99
95
86
121
123
120
163
165
164
148
140
137
179
168
162
201
188
180
159
146
137
60
48
34
27
15
0
39
30
13
108
101
83
77
69
54
87
81
69
138
135
126
66
65
60
146
146
144
156
156
158
164
165
170
140
140
148
53
53
43
66
66
56
52
52
42
57
54
45
109
106
97
100
97
88
59
55
44
83
79
68
78
71
61
105
98
88
83
75
64
80
70
60
92
79
70
165
153
141
117
105
93
33
23
13
49
43
31
75
69
57
110
100
88
97
85
69
105
88
68
158
138
114
133
107
84
152
124
100
157
127
101
159
127
102
165
135
111
174
143
122
175
147
126
168
141
122
160
134
117
157
132
112
167
140
113
150
123
94
128
102
77
144
120
96
141
119
95
149
127
103
136
112
88
139
113
88
124
97
70
144
117
90
140
114
91
119
98
77
100
88
74
83
79
70
98
100
97
143
145
142
110
103
97
185
175
165
210
197
188
162
150
138
32
20
8
29
17
3
57
45
31
132
123
108
154
144
132
150
142
131
100
96
87
54
51
46
102
101
97
147
147
147
154
154
156
123
124
128
106
106
96
80
80
70
73
70
61
75
72
63
85
81
70
137
133
122
62
56
44
45
37
26
86
76
64
115
105
93
84
72
60
93
79
68
106
92
79
168
154
141
107
91
78
39
25
12
95
87
76
123
115
104
100
90
78
102
89
73
137
120
102
160
139
118
132
108
84
155
127
103
149
119
93
160
130
104
171
141
117
175
144
123
173
145
124
168
141
122
160
134
117
153
128
108
165
138
111
159
132
105
134
108
83
134
110
86
130
108
85
152
130
107
139
115
91
127
101
76
128
101
74
142
114
90
137
113
89
122
104
84
108
96
82
81
77
68
80
81
76
115
116
111
149
142
132
198
189
174
213
201
187
186
174
162
36
22
11
16
2
0
61
47
36
102
89
80
152
139
130
165
155
146
65
58
50
50
45
39
71
68
63
118
117
112
146
147
142
120
120
118
114
114
104
73
70
61
70
67
58
70
66
55
48
44
33
151
145
133
87
79
66
54
45
30
52
40
26
107
94
78
104
88
73
129
113
98
130
112
98
138
120
106
83
65
51
85
69
54
129
119
107
115
107
94
63
51
37
116
103
87
174
157
139
157
136
115
128
104
80
154
128
103
141
113
89
164
134
110
180
150
126
176
148
126
168
141
120
163
138
116
153
131
110
145
120
98
157
129
105
161
134
107
138
112
89
130
108
85
124
103
82
149
128
107
130
108
85
109
85
61
122
96
71
133
107
82
128
103
81
119
101
81
110
98
84
83
76
68
70
71
66
94
95
89
193
187
173
170
161
144
186
174
158
199
187
173
77
63
52
15
0
0
42
25
17
52
35
28
86
71
64
121
108
100
60
49
43
44
37
29
62
58
49
72
69
60
121
121
111
107
107
99
92
89
80
82
79
70
97
93
82
100
96
85
71
63
52
145
135
123
107
95
81
68
55
39
75
59
43
147
130
114
146
127
112
156
137
122
153
134
119
127
108
93
82
63
48
130
113
97
131
119
105
77
67
55
47
35
21
132
116
100
167
150
132
144
123
102
127
105
82
153
127
104
128
100
76
160
132
108
182
154
132
175
149
126
163
136
115
158
133
111
149
127
106
139
114
92
156
128
104
156
128
104
131
106
84
125
103
82
114
96
76
131
113
93
115
94
75
99
77
56
117
93
69
132
108
84
126
104
81
115
96
79
105
91
78
77
70
62
62
61
57
82
82
74
175
169
153
104
96
75
149
138
120
175
162
146
122
106
93
52
34
24
52
33
26
61
42
36
56
37
33
82
64
60
69
56
48
42
32
23
56
49
39
52
48
36
79
77
64
87
85
72
76
73
64
85
81
72
80
76
65
70
64
52
52
42
30
111
99
85
139
126
110
132
116
100
149
132
114
198
179
162
149
128
111
123
102
85
146
125
108
136
115
98
91
70
53
127
110
94
116
102
89
52
40
26
61
48
32
138
122
106
133
116
98
128
107
88
132
110
89
151
126
104
114
88
65
152
126
101
179
153
130
172
146
123
157
132
110
154
129
107
147
125
104
137
112
90
164
136
112
151
123
99
121
96
74
116
95
76
102
83
66
113
96
80
101
82
65
99
78
59
118
96
73
139
114
92
134
112
91
115
96
79
97
83
70
69
60
51
54
53
48
74
74
66
87
82
63
40
32
11
153
142
124
187
174
158
189
171
159
116
96
87
67
47
40
64
40
36
67
46
41
71
52
46
72
55
48
44
31
22
45
37
26
66
60
46
50
47
30
79
78
60
115
111
102
83
79
70
109
102
92
78
70
59
72
60
46
76
63
47
153
136
120
159
140
123
176
155
138
207
186
167
108
85
67
137
114
98
147
126
109
140
118
104
73
54
39
102
84
70
92
78
65
66
52
39
55
39
24
137
120
104
152
133
116
125
104
85
119
97
76
135
110
88
91
67
43
157
133
109
157
133
109
152
128
104
161
137
113
150
125
103
150
125
103
145
120
98
147
119
95
141
115
92
131
109
88
116
95
78
107
90
74
101
83
69
86
68
54
100
81
64
117
95
74
130
108
87
122
100
79
120
101
84
99
85
72
57
48
39
49
46
41
57
54
47
53
48
29
57
49
28
111
100
82
187
171
155
198
180
166
166
146
135
133
109
99
98
73
66
121
96
91
142
119
113
65
47
37
87
73
62
40
31
16
52
44
29
84
81
62
64
61
42
107
103
94
76
69
59
93
85
74
66
56
44
64
50
37
62
46
30
135
116
99
157
136
119
157
134
116
159
136
118
100
77
59
123
102
85
111
89
75
105
86
72
56
38
26
66
48
36
92
76
63
64
48
35
64
46
32
144
125
110
145
126
109
122
101
84
120
99
80
130
108
87
90
65
43
154
130
106
155
131
107
143
119
95
149
125
101
149
125
101
158
133
111
159
133
110
153
125
103
142
116
93
137
115
94
104
85
70
110
94
81
74
58
45
89
73
60
99
81
67
118
97
80
122
101
82
110
89
70
115
96
81
101
87
76
60
50
41
46
41
37
48
45
38
55
49
33
39
30
12
84
73
55
177
161
145
203
184
169
172
150
136
150
124
111
129
102
91
161
134
123
152
128
116
97
75
62
161
143
129
84
71
55
48
39
22
69
64
45
67
62
43
102
95
85
77
70
60
94
84
74
83
71
59
82
66
51
58
41
25
108
87
70
139
116
98
162
139
121
131
108
90
118
97
80
129
107
93
95
77
65
90
73
63
58
44
35
49
35
24
93
77
64
62
44
30
81
63
49
157
138
123
139
118
101
119
98
81
124
103
84
125
103
82
83
61
40
151
129
106
163
141
118
147
125
102
151
127
103
160
136
112
172
148
124
173
147
124
154
126
104
142
115
94
137
116
97
94
76
62
110
96
85
43
29
18
94
80
69
105
89
76
119
100
85
118
97
80
103
82
65
114
95
80
107
93
82
65
55
46
44
39
35
43
38
32
52
46
32
28
19
2
69
57
41
175
159
143
205
186
169
173
150
132
173
146
129
174
147
130
176
149
132
152
125
108
122
99
83
164
145
130
77
61
46
59
47
31
79
71
56
60
52
37
108
99
90
86
78
67
99
87
75
98
84
71
99
81
67
69
50
33
105
84
65
147
124
106
161
138
120
118
95
79
124
102
88
113
95
83
86
69
59
75
62
54
46
35
29
40
27
19
99
83
70
67
48
34
103
84
69
171
152
137
135
114
97
122
101
84
129
108
89
121
100
81
71
49
28
145
123
102
179
157
134
165
143
120
163
139
115
172
148
124
177
153
129
172
148
124
146
120
97
143
116
97
129
108
91
96
78
64
103
89
78
29
16
7
94
81
72
112
98
87
120
102
88
118
99
84
106
84
70
119
100
85
111
97
86
67
57
48
47
39
36
44
39
33
40
33
23
28
18
6
69
57
43
175
158
142
201
180
161
171
146
126
190
162
140
201
171
147
203
173
149
140
112
90
145
120
98
119
98
79
45
28
12
58
44
31
84
74
62
62
54
41
118
108
98
90
80
70
88
76
64
89
73
60
91
72
57
80
59
42
121
98
80
167
144
126
149
126
108
119
97
83
118
99
85
95
78
68
87
74
66
65
56
51
32
24
22
41
32
27
106
89
79
75
53
39
121
99
85
181
159
145
134
113
96
129
108
91
133
112
95
119
98
79
61
40
19
131
110
89
184
162
139
175
153
130
164
142
118
172
150
126
172
148
122
165
141
117
139
113
90
147
122
102
119
97
83
104
88
75
85
72
63
29
19
10
81
71
62
112
99
90
115
99
86
124
105
91
115
96
81
122
104
90
110
94
81
66
53
45
48
41
35
46
41
37
30
23
17
28
18
9
61
47
36
163
146
130
199
177
156
183
157
134
206
176
148
196
165
136
199
168
139
115
85
57
169
143
118
101
79
58
56
37
22
59
43
30
94
81
72
107
97
88
106
96
86
87
75
63
88
74
61
91
75
60
84
65
50
82
61
42
111
88
70
133
110
92
124
101
85
119
97
83
111
93
81
96
81
74
91
82
77
61
53
51
29
25
26
48
40
38
105
87
77
76
54
40
125
103
89
177
155
141
134
113
96
137
116
99
133
112
95
117
96
79
62
41
22
121
100
79
183
161
138
179
157
134
164
142
118
171
149
125
168
144
118
166
142
116
139
113
90
149
124
104
111
92
77
103
87
74
64
51
42
35
25
16
65
55
46
104
91
82
107
91
78
128
110
96
124
105
90
121
103
89
100
84
71
59
46
37
46
39
33
46
38
35
34
24
23
29
18
14
46
32
23
150
132
118
206
184
163
206
180
153
226
197
165
189
159
123
179
149
113
149
119
85
203
176
147
96
72
48
61
40
23
56
39
29
93
80
72
99
88
84
85
73
61
76
64
52
95
81
68
107
89
75
87
68
51
91
70
51
100
77
59
83
60
42
75
52
36
90
71
57
92
75
65
102
89
83
77
69
66
40
36
35
24
22
25
33
27
27
95
77
67
71
47
34
117
95
81
163
141
127
131
109
95
141
119
105
126
107
90
112
93
76
58
40
20
108
87
66
178
158
134
182
162
138
166
144
120
170
149
122
163
139
113
164
140
114
138
112
89
141
116
96
109
90
75
88
71
61
47
37
28
38
29
22
55
44
38
98
85
77
103
86
76
134
116
102
131
112
97
117
99
85
92
76
63
58
45
36
48
39
32
42
34
31
35
25
26
29
17
17
38
23
16
143
125
111
202
180
157
205
178
149
233
203
167
199
167
128
211
179
138
228
196
158
192
163
131
78
52
27
48
27
10
50
32
22
96
81
78
80
66
65
72
60
46
67
55
41
92
79
63
106
90
74
85
66
49
104
83
66
113
90
74
79
55
42
48
26
13
73
55
43
90
73
65
123
109
106
73
65
63
35
31
30
34
32
35
30
24
24
84
67
59
63
41
27
108
86
72
151
129
115
128
106
92
141
122
107
121
104
88
109
92
76
44
28
12
87
71
55
167
150
132
181
163
141
166
146
122
168
144
118
153
127
100
154
128
101
135
110
88
128
107
90
108
90
78
70
56
47
41
30
24
40
31
24
55
44
38
97
84
76
104
87
77
140
121
107
136
117
102
115
97
83
89
73
60
60
47
38
49
42
36
38
33
30
22
16
18
21
12
15
31
20
18
135
121
110
183
162
141
179
152
122
225
193
155
209
174
134
233
199
161
235
205
171
109
83
58
59
38
19
63
44
30
70
50
39
149
129
118
161
138
128
56
44
28
80
68
52
80
67
50
79
63
47
65
49
34
79
61
47
110
90
79
75
55
44
33
15
5
87
70
62
96
81
76
87
73
70
46
36
34
24
16
14
48
42
42
26
18
15
64
50
41
58
40
26
101
84
68
134
115
100
98
79
64
163
145
131
122
108
95
86
74
62
51
41
31
49
41
30
136
126
114
153
140
124
138
120
100
135
109
86
155
124
96
153
123
97
116
95
76
100
84
71
83
70
61
64
53
47
43
36
30
34
27
21
54
45
38
85
72
63
99
81
69
149
130
115
143
121
107
97
78
63
84
70
59
47
37
28
50
45
41
21
19
20
24
23
29
3
2
8
24
22
23
87
80
72
180
163
143
157
130
101
198
160
123
220
178
140
235
196
165
190
159
138
94
76
64
46
33
25
35
21
12
85
63
49
186
155
127
192
156
122
89
76
59
80
67
50
104
91
74
77
61
45
116
100
85
132
114
102
137
119
107
78
60
50
37
18
11
99
82
75
113
98
93
75
62
56
38
27
23
56
47
42
87
77
75
64
55
48
87
75
63
52
36
23
93
75
61
135
118
102
112
95
79
142
126
111
100
88
76
71
62
53
55
48
40
42
37
31
110
103
95
138
126
114
126
107
90
125
99
76
133
99
71
125
95
69
102
83
68
95
82
73
75
65
56
54
45
40
42
34
31
33
26
20
44
35
28
75
62
53
89
71
57
131
112
97
143
122
105
100
81
66
73
59
48
40
29
23
42
37
34
25
25
27
15
15
23
9
12
19
18
22
25
57
54
49
179
166
149
182
157
127
198
158
122
228
184
147
220
180
152
161
129
114
61
46
43
35
25
24
29
16
10
90
69
50
183
147
111
187
143
98
107
92
73
61
46
27
85
70
51
70
54
38
122
105
89
139
120
106
118
99
85
81
61
50
67
47
36
80
62
52
76
59
51
30
16
7
33
20
12
91
81
72
100
91
82
70
60
50
78
66
54
55
39
26
114
96
82
145
128
112
119
102
86
111
95
80
80
66
53
57
47
37
48
41
33
29
24
18
77
70
62
126
116
104
121
104
88
128
103
81
123
92
64
118
88
62
94
75
60
97
84
75
69
59
50
43
34
29
44
36
33
35
28
22
34
25
18
64
51
42
84
66
52
109
90
75
144
123
106
105
86
71
61
47
36
35
24
18
35
30
27
37
35
36
21
20
26
18
19
24
14
15
19
21
18
13
162
149
132
198
174
146
182
144
108
216
173
138
204
164
138
135
106
90
40
25
22
36
26
25
29
16
10
110
89
70
190
154
118
186
143
100
127
110
92
76
59
41
62
45
27
96
79
61
107
88
71
118
96
82
95
73
59
115
93
79
83
61
48
58
39
25
68
50
38
51
35
22
73
59
46
119
107
95
80
70
58
45
36
21
78
66
52
62
48
35
113
97
82
115
98
82
103
86
70
93
77
62
77
63
50
39
29
19
33
26
18
20
15
9
56
49
41
122
112
102
121
104
88
128
106
83
122
92
64
122
94
70
97
78
63
103
90
81
66
56
47
36
27
22
47
39
36
38
31
25
29
20
13
58
45
36
89
71
57
97
78
63
142
121
104
110
91
76
53
39
28
35
24
18
32
27
24
46
44
45
61
59
62
22
20
25
14
14
16
5
2
0
129
117
101
192
170
146
170
134
100
197
157
122
190
153
126
135
106
90
48
33
28
43
33
32
27
14
8
129
108
91
200
164
130
191
148
106
126
108
88
100
82
62
60
42
22
107
86
67
103
82
63
96
73
57
98
75
59
125
102
86
118
95
79
104
83
66
129
110
93
93
76
58
83
68
49
113
100
83
91
78
61
91
80
62
119
107
93
70
56
43
77
61
46
72
55
39
96
77
60
96
79
63
81
67
54
29
19
9
28
21
13
25
20
14
52
45
37
118
108
98
117
101
86
119
97
76
116
89
62
121
95
70
105
88
72
103
90
81
60
50
41
31
22
17
46
38
35
38
31
25
26
17
10
53
40
31
93
75
61
96
77
62
134
113
96
111
92
77
51
37
26
37
26
20
30
25
22
51
47
46
114
108
110
20
15
19
17
17
17
15
14
9
96
87
72
181
161
137
181
148
117
195
156
123
181
145
119
150
121
105
73
58
53
48
36
36
23
10
4
128
107
90
189
154
122
180
138
98
98
77
58
105
84
65
76
55
36
83
60
42
105
82
64
94
69
49
109
84
64
94
69
49
140
115
95
145
123
102
169
148
127
109
91
69
75
59
36
105
90
67
105
90
67
114
101
82
134
122
108
81
67
54
79
63
48
91
74
58
117
98
81
99
82
66
80
66
53
40
30
20
28
21
13
29
24
18
48
41
33
103
94
85
120
104
89
119
98
79
129
103
78
129
105
81
109
92
76
91
78
69
48
38
29
29
20
15
43
35
32
34
27
21
24
15
8
46
33
24
85
67
53
102
83
68
124
103
86
110
91
76
53
39
28
35
24
18
27
22
19
47
43
42
137
128
129
16
7
8
15
13
14
23
22
18
63
57
45
159
142
122
192
163
133
195
160
130
182
148
123
163
136
119
98
80
76
51
40
38
32
19
11
119
98
81
164
129
97
161
119
79
93
71
50
116
94
73
107
85
64
95
70
50
114
89
69
122
95
74
111
84
63
92
65
44
122
95
74
132
107
85
161
137
113
134
112
88
107
87
62
111
94
68
93
77
51
85
70
47
118
105
89
96
82
69
100
84
69
115
98
82
124
105
88
106
89
73
93
77
62
60
48
36
30
23
13
24
20
11
29
24
18
77
68
59
121
107
94
126
107
90
149
124
102
138
113
91
107
89
75
72
59
50
36
26
17
32
23
18
42
34
31
32
25
19
24
15
8
40
27
18
68
50
36
112
93
78
119
98
81
114
95
80
61
47
36
34
23
17
27
22
19
46
41
38
134
123
121
23
12
10
14
10
9
18
17
13
36
32
21
132
119
102
183
157
130
186
152
124
180
148
125
158
131
114
99
81
77
51
40
38
56
43
35
111
90
73
136
103
72
143
104
65
99
74
52
125
100
78
120
95
73
123
96
75
104
77
56
139
111
90
90
62
40
110
82
60
148
120
98
129
103
80
137
111
86
130
106
80
106
85
58
97
77
50
100
83
55
118
104
78
116
103
87
107
93
80
90
74
59
87
70
54
102
83
66
121
104
88
114
98
83
66
54
42
36
27
18
19
15
6
13
8
2
49
42
34
115
103
91
124
107
91
150
128
107
127
104
86
104
86
72
59
46
37
30
20
11
37
28
23
43
35
32
32
25
19
26
17
10
37
24
15
54
36
22
120
101
86
119
98
81
119
100
85
69
55
44
35
24
18
30
25
22
47
42
39
131
116
111
43
28
23
20
15
12
12
11
7
24
21
12
114
105
90
168
146
122
171
141
115
172
140
119
140
112
98
84
67
60
47
33
32
74
59
52
104
85
68
115
84
53
131
93
56
117
90
69
107
80
59
132
105
84
144
117
96
113
85
63
131
100
79
113
82
61
123
92
71
161
131
107
150
122
98
162
136
111
145
121
95
88
67
38
101
82
52
97
80
50
121
105
80
128
116
100
95
83
71
65
49
34
83
66
50
132
113
96
107
90
72
110
94
79
90
76
63
45
36
27
19
12
4
14
9
3
27
20
12
71
61
51
144
128
113
115
96
79
129
108
91
85
69
56
49
36
27
34
24
15
47
38
33
47
39
36
31
24
18
35
26
19
61
48
39
53
35
21
114
95
80
121
100
83
119
100
85
92
78
67
35
24
18
31
26
23
53
45
42
128
109
102
41
22
15
25
20
16
10
11
6
22
23
17
43
37
25
183
165
143
145
119
96
131
100
80
120
92
78
57
40
33
49
35
32
70
55
48
113
94
79
114
85
55
96
60
24
124
97
76
102
75
54
129
102
81
126
98
77
130
99
78
117
86
65
126
95
74
123
92
71
149
118
97
153
122
101
153
125
103
144
118
93
94
70
44
80
59
32
99
79
52
111
95
70
125
113
99
100
88
76
67
54
38
76
59
43
126
107
90
117
98
81
113
96
80
79
65
52
49
40
31
35
28
20
13
8
2
17
10
2
54
44
34
110
96
83
113
96
80
106
89
73
63
47
34
54
41
32
46
36
27
36
27
22
24
16
13
31
24
18
70
61
54
114
101
92
80
62
48
102
83
68
124
103
86
107
88
73
97
83
72
54
43
37
28
23
20
39
30
25
120
97
87
64
41
31
27
20
14
18
18
16
16
18
13
16
13
4
130
115
96
151
129
108
113
86
67
101
75
62
59
40
34
46
32
29
53
38
31
87
68
53
92
62
34
104
70
35
132
105
84
110
83
62
115
88
67
121
93
72
131
100
80
107
76
56
126
95
75
120
89
69
142
111
91
143
112
92
130
102
81
134
108
85
112
88
64
75
53
29
101
81
56
91
74
54
94
82
68
80
70
60
54
40
27
56
39
23
104
85
68
115
96
79
111
94
78
76
62
49
48
39
30
47
40
32
22
17
11
4
0
0
28
19
10
65
53
41
101
85
70
75
59
44
41
27
14
42
29
20
37
27
18
32
23
18
42
34
31
69
62
56
93
84
77
105
92
83
102
84
70
92
73
58
131
110
93
116
97
82
105
91
80
69
58
52
29
24
21
38
29
24
92
66
53
69
43
30
16
7
0
18
18
16
22
28
26
22
23
17
108
96
82
174
155
138
116
90
73
79
53
40
55
36
30
59
44
39
57
42
35
75
56
41
80
53
24
143
110
77
130
103
82
126
99
78
98
71
50
131
104
83
115
87
66
105
74
54
110
79
59
115
84
66
140
109
91
119
90
72
110
83
64
118
93
73
130
108
87
94
73
52
93
75
53
70
53
35
71
59
47
63
53
43
47
33
20
49
32
16
80
61
44
96
77
60
99
82
66
90
76
63
49
40
31
49
44
38
55
52
47
16
11
7
14
7
0
41
31
21
83
69
56
56
42
29
45
31
20
40
27
18
35
25
16
45
36
31
74
66
63
97
90
84
90
81
74
70
57
48
93
75
61
80
61
46
115
94
77
140
121
106
109
95
84
66
55
49
29
24
21
49
38
32
103
74
58
94
65
49
39
29
20
13
15
12
20
28
28
30
35
31
92
84
73
132
115
99
110
87
71
94
70
57
73
54
48
35
20
15
41
26
19
109
92
76
106
80
53
136
105
74
118
93
71
125
100
78
98
71
52
128
101
82
111
82
64
96
67
49
97
68
50
105
76
60
128
99
83
101
72
58
113
85
71
107
81
68
128
104
91
104
82
68
73
54
39
62
44
32
72
59
50
62
52
42
55
41
28
60
43
27
64
45
28
69
50
33
79
62
46
109
95
82
55
46
37
47
42
36
96
93
88
46
43
38
17
10
4
42
33
24
68
56
44
57
43
32
61
47
36
57
44
35
56
46
37
62
53
48
70
62
59
75
68
62
76
67
60
78
65
56
73
55
41
63
44
29
66
45
28
146
127
112
112
98
87
64
53
47
29
24
21
46
35
29
115
84
66
118
87
67
89
79
70
18
20
17
8
18
17
31
40
37
89
85
74
72
56
41
88
66
52
55
31
19
35
16
10
28
10
6
61
46
39
138
120
106
136
110
85
168
139
109
106
81
59
108
83
61
110
83
64
104
77
58
119
90
72
88
59
43
95
66
50
97
68
54
106
77
63
98
70
58
121
94
83
103
79
69
106
83
73
94
71
61
57
37
28
65
48
38
60
50
40
49
39
29
51
37
24
64
47
31
54
35
18
57
36
17
69
50
33
129
113
98
64
54
44
41
36
30
106
103
98
71
68
63
17
12
6
42
33
26
57
47
37
59
47
35
64
50
39
60
47
38
62
52
43
68
59
54
64
56
53
58
51
45
65
56
49
81
68
59
79
61
47
55
36
21
27
6
0
120
101
86
123
109
98
82
71
65
39
34
31
38
25
17
113
81
60
141
109
88
142
129
120
43
45
42
1
13
13
28
38
37
82
79
70
40
26
13
73
51
37
51
27
15
36
17
11
49
31
27
86
71
64
150
132
118
149
123
98
174
145
115
99
77
54
101
76
54
110
85
65
90
63
44
111
84
67
95
68
51
85
56
42
88
58
47
87
59
48
110
81
73
110
83
76
100
75
68
91
68
62
84
64
57
66
46
39
76
59
51
61
51
42
47
39
28
53
39
26
73
56
40
65
47
27
77
56
37
82
63
46
145
129
114
80
70
60
45
41
32
87
84
79
86
83
78
19
14
8
34
27
19
62
52
43
64
51
42
64
50
39
59
46
37
58
48
39
64
55
50
67
59
56
68
61
55
73
64
57
81
68
59
100
82
68
57
38
23
30
9
0
72
53
38
126
112
101
101
90
84
51
46
43
35
22
14
121
86
66
165
130
108
159
146
137
70
72
71
4
15
17
20
30
31
38
38
30
15
3
0
51
29
16
116
92
80
109
90
84
69
51
47
69
54
47
140
122
108
138
114
88
102
75
45
99
78
57
104
83
62
97
74
56
90
67
49
91
65
50
110
84
69
67
39
27
79
51
39
80
53
42
118
91
82
87
63
53
95
72
64
89
66
58
88
68
59
86
66
57
83
65
55
92
78
67
78
64
51
80
63
47
96
77
60
93
72
51
110
89
68
104
85
68
157
141
126
102
90
78
63
55
44
73
66
58
99
94
88
27
20
12
34
25
16
78
68
58
74
62
50
72
58
47
74
60
49
70
57
48
61
51
42
60
51
44
74
65
58
94
84
75
109
97
85
109
93
80
57
39
25
46
29
13
31
13
0
116
102
91
102
92
83
51
46
40
34
21
13
85
58
41
136
109
92
121
111
102
72
72
70
14
22
24
33
39
39
21
18
13
23
13
4
22
4
0
74
54
45
91
73
69
110
95
90
91
78
72
90
73
63
98
77
58
117
95
72
101
82
67
102
83
68
90
71
56
92
73
58
106
87
72
96
74
60
79
57
43
87
65
51
112
90
76
95
73
59
96
74
60
94
72
58
103
81
67
113
91
77
101
79
65
103
82
65
114
93
74
122
100
79
119
97
76
119
97
74
115
93
70
95
74
53
109
88
69
154
135
118
115
99
83
72
59
43
115
103
89
115
103
91
23
13
1
52
42
30
94
82
70
104
92
80
98
84
71
97
81
68
92
78
65
121
107
96
107
95
83
81
69
57
117
105
93
140
126
115
132
118
105
64
50
37
28
14
3
27
15
3
139
126
117
113
103
93
61
52
43
54
44
35
45
31
22
66
51
44
54
44
42
69
64
61
27
26
24
27
23
22
37
32
29
19
9
7
28
17
13
47
36
32
67
56
54
75
65
63
76
66
64
75
64
60
69
56
48
60
47
39
88
70
56
98
80
66
93
75
61
92
74
60
108
90
76
110
91
76
103
84
69
109
90
75
94
75
60
97
76
59
118
97
80
123
102
85
127
106
89
131
108
90
116
93
75
120
95
75
119
92
71
132
106
83
132
105
84
125
98
77
126
101
81
128
106
85
133
110
92
140
119
102
125
106
89
100
83
67
111
93
79
137
121
108
36
22
9
57
45
33
98
86
74
101
87
76
88
74
61
104
88
75
101
85
72
99
85
72
93
79
66
84
70
59
85
71
60
76
64
52
60
48
36
60
50
40
56
46
36
30
20
11
88
78
69
139
129
120
92
82
73
64
55
48
45
37
34
37
31
31
33
27
27
44
38
38
30
24
24
28
22
22
29
23
23
8
2
2
22
16
16
31
25
25
37
31
31
36
30
30
35
29
29
36
30
30
35
29
29
30
24
24
78
59
44
98
79
64
98
79
64
88
69
54
97
78
63
110
89
72
108
87
70
106
85
68
101
80
63
106
83
65
122
99
81
115
92
74
109
86
68
115
90
70
112
87
67
125
100
80
109
82
63
115
86
68
119
92
73
116
89
72
113
87
70
128
102
87
140
117
101
137
115
101
85
66
52
99
79
68
108
90
78
161
144
134
46
29
19
34
20
11
57
43
34
51
37
28
36
22
11
53
39
28
56
42
31
39
27
15
44
32
20
51
38
29
46
33
24
60
50
40
51
41
31
50
41
32
56
47
38
29
20
13
36
27
20
136
127
120
84
75
68
55
48
42
48
44
41
29
25
26
34
30
31
31
27
28
32
28
29
38
34
35
31
27
28
20
16
17
33
29
30
34
30
31
33
29
30
28
24
25
27
23
24
30
26
27
32
28
29
30
26
27
91
69
55
117
95
81
124
102
88
107
86
69
106
85
68
121
98
82
122
99
83
110
87
69
108
85
67
111
85
68
120
94
77
104
79
59
93
68
48
102
75
56
106
79
60
123
96
77
124
95
77
113
84
68
124
97
80
132
104
90
118
90
76
123
97
84
151
125
112
165
141
129
89
66
56
101
81
70
119
99
90
143
125
115
42
23
16
30
13
5
69
52
45
90
76
67
104
92
80
95
83
71
87
75
63
55
43
31
40
30
20
29
19
9
37
27
17
117
107
97
116
107
98
82
73
64
83
76
68
42
35
27
30
23
15
141
134
126
88
81
73
52
47
41
35
31
30
29
27
28
36
34
35
22
20
21
13
11
12
41
39
40
21
19
20
20
18
19
26
24
25
28
26
27
29
27
28
30
28
29
31
29
30
33
31
32
32
30
31
30
28
29
91
68
52
117
94
78
132
109
93
123
100
82
117
94
76
130
104
87
133
107
90
119
94
74
102
77
57
111
84
65
131
104
85
126
99
78
124
97
76
131
103
82
122
94
73
126
98
77
132
103
85
124
95
79
137
108
94
147
118
104
133
105
93
134
106
94
144
117
106
139
115
103
63
40
30
69
46
36
124
104
95
121
101
92
59
40
33
32
13
6
37
18
11
50
33
25
50
36
25
38
26
14
40
28
16
31
19
7
36
24
12
41
29
17
74
64
54
180
170
160
114
106
95
76
67
58
90
81
72
36
27
18
52
45
35
153
146
136
99
92
84
34
29
23
26
22
21
36
34
35
31
29
30
23
21
22
21
19
20
75
73
74
37
35
36
24
22
23
26
24
25
27
25
26
30
28
29
32
30
31
33
31
32
32
30
31
32
30
31
33
31
32
97
71
54
110
84
67
130
104
87
132
107
87
119
94
74
120
95
75
122
97
77
112
85
64
113
86
65
121
93
72
141
113
92
139
111
89
141
113
91
151
120
99
135
104
83
128
100
78
124
95
77
132
103
85
138
109
93
137
108
92
143
114
100
152
124
110
127
99
87
78
52
39
73
49
37
52
30
17
90
67
57
63
40
30
50
30
19
52
32
23
59
39
30
70
52
40
74
58
45
75
59
46
73
57
44
62
48
35
71
57
44
82
68
55
101
87
74
148
136
124
80
68
56
12
0
0
29
17
5
32
22
12
109
99
89
151
141
131
76
66
56
19
10
3
21
16
12
32
26
26
20
14
14
31
25
25
69
63
63
123
117
117
80
74
74
41
35
35
36
30
30
34
28
28
34
28
28
34
28
28
31
25
25
31
25
25
37
31
31
46
40
40
121
94
75
116
89
70
135
108
89
146
119
98
128
101
80
115
88
67
116
89
68
113
85
63
135
107
85
137
106
85
145
114
93
133
103
79
134
104
80
147
115
92
135
103
80
130
100
76
138
107
86
148
117
97
139
108
88
132
101
81
154
126
105
170
141
123
136
109
90
91
65
48
68
42
25
83
60
44
115
92
76
122
99
83
132
109
93
143
121
107
146
124
110
138
116
102
134
113
96
145
124
107
137
116
99
130
111
94
132
113
96
138
119
102
146
127
110
137
120
104
109
92
76
43
26
10
49
32
16
96
80
65
173
157
142
145
129
114
66
50
35
64
50
39
48
38
29
46
35
31
38
27
23
51
40
36
126
115
111
130
119
115
100
89
85
42
31
27
33
22
18
34
23
19
39
28
24
43
32
28
41
30
26
43
32
28
56
45
41
71
60
56
118
91
70
101
74
53
119
92
71
139
112
91
120
93
72
102
74
53
106
78
56
109
81
59
139
109
85
141
111
87
151
121
97
139
109
85
140
108
83
151
119
94
138
106
81
133
101
76
147
117
91
144
114
90
122
92
68
119
89
65
149
119
95
158
130
106
147
119
95
143
117
94
107
81
58
152
125
104
147
120
99
156
131
109
138
113
91
144
119
97
158
133
113
147
122
102
153
126
105
165
139
116
156
130
107
167
141
118
161
137
113
157
133
109
177
152
130
158
133
111
142
120
99
147
125
104
152
130
109
162
140
119
177
156
137
126
105
86
74
53
34
119
100
83
121
103
89
108
91
81
107
90
80
104
87
77
186
169
159
129
112
102
113
96
86
50
33
23
45
28
18
53
36
26
68
51
41
80
63
53
83
66
56
87
70
60
102
85
75
119
102
92
126
99
78
96
69
48
139
111
89
127
99
77
135
107
85
127
99
77
107
76
55
110
80
56
144
114
90
154
124
100
137
105
80
144
112
87
146
114
89
131
99
74
134
102
77
121
90
62
142
111
82
143
112
83
140
109
80
138
107
78
151
122
92
168
139
109
170
141
111
158
131
102
152
125
96
153
126
97
157
130
103
159
133
106
155
129
102
151
125
98
158
132
105
172
145
118
166
135
107
170
136
108
178
144
116
187
153
125
185
154
126
175
144
116
166
135
107
161
130
102
180
150
124
189
159
133
171
144
117
156
129
102
140
112
88
88
60
36
50
22
0
62
36
13
74
49
29
58
32
15
77
51
34
121
95
78
129
103
86
92
66
49
69
43
26
76
50
33
105
79
62
128
102
85
148
122
105
149
123
106
143
117
100
144
118
101
151
125
108
155
129
112
134
107
86
99
72
51
127
99
77
129
101
79
144
116
94
148
120
98
126
95
74
133
103
79
145
115
91
137
107
83
135
103
78
152
120
95
143
111
86
138
106
81
149
117
92
119
88
60
156
125
94
152
122
88
144
114
80
140
110
76
149
120
86
162
133
99
158
129
95
145
116
84
158
129
97
156
127
95
158
129
97
163
134
102
163
134
102
161
132
100
166
137
105
174
143
112
156
121
89
166
127
94
176
137
104
182
143
110
176
140
108
168
132
100
166
130
98
170
134
102
185
150
120
193
158
128
173
140
109
142
109
78
122
88
60
105
71
43
108
74
46
132
101
73
133
101
76
146
114
91
172
140
117
187
155
132
171
139
116
144
112
89
142
110
87
159
127
104
156
124
101
164
132
109
165
133
110
156
124
101
148
116
93
148
116
93
151
119
96
153
121
98
139
112
91
109
82
61
120
93
72
134
107
86
139
112
91
148
120
99
125
97
75
146
118
96
164
134
110
145
115
91
155
125
101
175
145
121
156
124
99
155
123
98
165
133
108
123
92
64
152
122
88
155
125
89
152
122
86
147
117
81
150
120
84
159
129
93
161
131
95
155
125
91
171
141
107
167
137
103
165
135
101
166
136
102
166
136
102
164
134
100
163
133
99
167
134
99
172
134
98
181
141
105
191
151
116
192
152
117
183
143
108
177
137
102
182
143
110
193
154
121
200
161
128
209
170
137
201
165
133
180
144
112
165
129
97
168
132
100
179
144
114
188
153
123
172
137
107
181
144
117
188
151
124
188
151
124
188
151
124
189
152
125
186
149
122
181
144
117
166
129
102
164
127
100
156
119
92
147
110
83
144
107
80
146
109
82
147
110
83
145
108
81
109
82
61
96
69
48
102
75
54
129
102
81
129
102
81
142
115
94
129
101
80
167
139
117
146
118
96
144
114
90
159
129
105
173
143
119
161
131
107
156
124
99
153
121
96
128
97
69
147
116
85
157
127
93
162
132
98
158
128
94
155
125
91
161
131
97
169
139
105
176
143
110
168
135
102
167
134
101
166
133
100
164
131
98
162
129
96
160
127
94
161
128
95
163
129
94
173
135
99
179
139
103
184
144
108
182
142
107
173
133
98
168
128
93
177
137
102
188
149
116
187
148
115
183
144
111
187
148
117
189
153
121
186
150
118
187
151
119
182
146
114
167
131
99
185
149
117
178
139
108
166
127
96
168
129
98
190
151
120
207
168
137
197
158
127
176
137
106
165
126
95
162
123
92
158
119
88
154
115
84
154
115
84
154
115
84
153
114
83
151
112
81
110
85
65
101
76
56
93
68
48
119
94
74
126
101
81
132
105
86
112
85
64
141
114
93
114
87
66
141
113
91
155
127
105
159
131
109
171
143
121
162
132
108
144
114
90
156
124
99
160
129
101
162
128
100
162
128
100
162
128
100
166
132
104
172
138
110
174
141
110
173
138
108
156
121
91
161
126
96
164
129
99
161
126
96
157
122
92
158
123
93
165
130
100
171
136
106
170
131
98
169
131
95
169
131
95
169
130
97
167
128
95
165
126
93
169
133
99
177
141
109
191
155
123
172
135
106
170
135
105
183
148
118
184
149
119
181
146
116
181
146
116
178
143
113
182
146
114
179
143
109
176
140
106
176
140
106
180
144
110
183
147
113
185
149
115
185
149
115
170
134
100
168
132
98
163
127
93
157
121
87
150
114
80
144
108
74
143
107
73
145
109
75
128
103
83
115
90
70
91
66
46
107
82
62
133
108
88
131
106
86
103
76
57
108
81
60
108
81
60
143
116
95
154
126
104
147
119
97
167
139
117
157
129
107
136
106
82
170
140
116
162
130
107
151
117
92
142
108
83
150
116
91
168
134
109
178
144
119
171
135
111
158
122
96
166
130
104
172
136
110
173
137
111
164
128
102
156
120
94
158
122
96
166
130
104
173
136
109
168
131
102
164
128
96
163
128
96
168
133
101
172
137
107
173
138
108
174
141
110
178
145
114
183
149
121
176
142
114
176
145
117
186
155
127
186
155
127
176
145
117
182
151
123
202
171
142
185
150
120
188
152
120
190
154
122
188
152
120
178
142
110
170
134
102
175
139
107
187
151
119
179
143
111
175
139
107
169
133
101
160
124
92
149
113
81
141
105
73
144
108
76
151
115
83
106
83
65
106
83
65
88
65
47
93
70
52
135
112
94
130
104
87
115
90
70
114
89
69
103
76
55
118
91
70
130
103
82
117
90
69
126
98
76
129
101
79
117
89
67
149
118
97
144
111
92
139
104
85
135
98
80
140
103
85
149
112
94
153
116
98
148
111
92
143
106
87
169
131
112
171
133
114
167
129
108
156
118
97
150
112
91
154
116
95
161
123
102
164
126
103
154
120
93
150
119
91
152
121
93
160
129
101
164
133
105
163
132
104
162
132
106
164
134
108
136
106
80
151
121
95
155
127
103
161
133
109
168
142
117
155
129
104
146
120
97
162
134
110
184
153
124
189
154
124
190
155
125
188
153
123
185
150
120
184
149
119
187
152
122
190
155
125
190
155
125
186
151
121
184
149
119
182
147
117
175
140
110
167
132
102
167
132
102
172
137
107
111
88
70
126
103
85
113
90
72
93
70
52
120
97
79
97
74
56
95
70
50
98
73
53
104
77
56
96
69
48
115
88
67
106
79
58
104
76
54
123
95
73
127
99
77
148
117
97
132
99
82
141
105
89
147
110
94
139
102
86
122
85
69
112
75
59
116
79
61
127
90
72
145
106
89
145
106
89
140
102
83
134
96
77
137
99
80
149
111
92
159
118
100
158
120
101
152
120
97
152
122
96
158
128
102
164
134
108
165
135
109
161
131
105
157
129
105
159
131
107
139
111
87
162
134
110
156
130
107
154
128
105
175
151
127
168
144
120
143
118
96
144
118
95
152
121
93
171
137
109
180
146
118
173
139
111
168
134
106
176
142
114
188
154
126
193
159
131
183
149
121
182
148
120
186
152
124
191
157
129
187
153
125
174
140
112
164
130
102
163
129
101
