36
39
22
26
28
15
64
66
63
58
59
61
67
71
74
11
21
13
35
49
24
86
105
57
80
107
28
100
136
30
149
189
64
119
163
26
92
139
0
102
150
12
88
138
5
111
156
37
113
149
53
89
122
33
93
127
30
89
124
20
53
89
0
51
88
0
84
118
6
95
129
19
76
107
4
92
123
20
114
145
41
111
143
31
96
128
3
100
134
0
99
135
0
73
111
0
71
107
0
73
110
0
79
114
10
62
95
2
71
103
20
83
113
43
69
97
38
63
90
37
38
65
14
30
57
6
15
43
0
31
60
0
41
71
0
60
91
13
48
80
0
90
125
31
77
119
9
58
102
0
77
119
11
85
125
26
89
126
33
56
92
4
57
91
5
53
87
0
65
100
6
30
66
0
43
80
0
68
105
0
56
94
0
56
93
0
68
107
1
56
95
0
40
43
26
41
45
31
56
58
53
43
47
48
68
73
76
22
32
24
33
49
23
49
71
24
48
76
0
68
103
1
123
163
41
102
148
14
81
129
0
102
150
15
102
151
23
126
171
54
115
151
53
84
117
24
91
126
26
100
136
30
64
100
0
51
85
0
83
117
7
112
145
40
92
122
24
120
150
54
93
123
23
67
98
0
106
137
18
126
159
28
110
145
1
106
143
1
98
134
10
52
88
0
82
117
15
96
129
36
62
93
13
63
93
23
78
106
45
74
101
46
16
43
0
34
61
8
27
55
0
30
59
0
58
88
14
111
142
62
98
130
44
100
136
40
86
125
16
46
88
0
65
104
0
69
106
10
107
142
52
76
110
24
82
114
29
60
92
6
67
100
9
69
103
6
70
105
3
76
111
7
89
125
19
93
128
24
73
108
6
46
81
0
19
24
4
29
36
20
27
32
25
40
46
44
79
87
87
22
33
25
18
33
10
14
35
0
24
52
0
44
78
0
103
143
28
96
140
16
72
119
0
92
138
13
98
146
26
113
157
44
101
138
33
81
116
14
93
126
21
106
139
32
86
120
10
77
110
3
97
127
27
111
140
47
85
113
26
70
98
13
100
126
39
121
148
53
104
133
25
116
147
27
135
168
37
115
151
19
106
144
25
119
157
48
107
143
43
76
111
19
68
101
20
59
90
20
35
65
3
61
90
32
27
56
0
45
74
16
41
71
7
36
67
0
69
102
23
128
162
76
110
145
53
91
127
29
86
123
17
39
76
0
57
93
0
55
88
0
110
142
57
85
114
32
100
129
47
75
104
20
74
102
15
100
129
36
85
112
15
72
100
0
107
135
35
118
145
48
78
105
10
45
72
0
32
42
18
30
39
20
5
13
2
42
51
46
85
96
92
12
25
15
7
25
0
12
35
0
7
37
0
28
63
0
88
127
20
89
132
16
62
107
0
70
114
0
73
119
8
77
120
12
80
118
9
84
120
10
98
132
20
101
135
25
99
132
25
110
142
41
110
139
47
88
116
32
62
88
14
88
111
41
101
124
52
104
129
48
102
128
37
85
113
10
84
114
0
106
139
22
108
144
34
101
138
35
111
147
51
97
131
44
55
87
11
68
99
31
56
86
24
37
66
8
51
80
22
41
71
11
42
73
6
48
80
7
71
104
23
95
130
40
80
116
20
77
113
13
76
113
10
44
79
0
57
90
0
57
87
0
89
118
36
74
101
22
95
122
43
89
114
33
80
106
19
91
116
25
72
96
2
63
87
0
95
119
25
106
130
36
78
101
10
59
79
0
85
98
70
63
75
51
11
24
6
40
54
41
80
93
84
28
45
29
27
47
19
20
46
0
3
34
0
24
59
0
66
106
7
69
110
4
48
91
0
49
95
0
54
99
0
57
100
0
79
118
1
95
130
10
106
141
23
100
134
22
96
127
24
101
130
38
99
126
47
83
108
40
91
112
55
108
128
75
98
117
62
78
98
37
84
106
34
96
119
37
106
131
39
120
147
50
112
146
51
84
119
27
101
135
49
133
166
87
96
127
57
82
112
48
45
75
15
37
66
8
42
71
13
22
52
0
40
71
4
58
90
15
71
105
21
70
105
15
63
99
3
75
111
11
72
106
9
53
84
0
50
80
0
62
90
6
65
92
13
71
98
21
84
108
30
91
114
34
71
93
8
60
80
0
61
82
0
78
97
5
87
106
16
83
99
11
74
89
4
69
82
0
85
102
66
74
91
59
40
56
30
50
68
46
79
96
78
68
87
65
54
78
44
14
42
0
35
67
0
52
87
7
61
100
7
54
94
0
45
87
0
42
86
0
49
93
0
62
103
1
97
135
14
105
142
13
111
146
26
108
140
29
86
116
18
69
97
13
85
110
44
117
137
84
117
135
93
88
104
67
110
126
89
129
146
102
94
112
60
78
98
35
89
111
38
79
103
25
94
125
45
112
145
66
112
144
69
138
169
101
135
165
103
121
150
94
55
84
30
68
96
45
42
71
17
24
53
0
52
82
18
61
92
22
70
103
24
66
100
13
66
101
7
69
105
9
75
108
15
55
85
0
37
67
0
58
87
5
55
83
6
77
104
27
80
104
26
85
108
26
51
74
0
44
67
0
65
86
0
92
111
19
86
102
13
64
78
0
58
71
0
63
74
0
49
70
25
56
77
34
65
87
49
68
89
56
62
82
54
66
90
58
60
85
45
27
55
4
66
98
31
84
118
41
65
104
15
50
89
0
54
95
1
49
90
0
49
92
2
72
112
13
104
143
18
110
145
15
112
146
25
110
139
33
94
120
31
82
105
33
109
129
76
157
173
134
180
194
168
200
214
191
200
212
190
208
221
195
211
225
190
145
160
117
76
93
41
73
94
37
61
89
28
60
90
28
97
126
68
134
163
109
93
121
72
145
172
127
147
174
131
132
159
114
94
122
74
52
80
29
62
91
33
56
86
22
62
94
21
55
88
7
59
93
7
57
92
2
73
108
18
49
81
0
37
69
0
48
79
0
53
84
6
67
98
18
75
104
22
75
103
16
56
83
0
82
107
13
86
110
14
80
101
6
77
96
6
60
75
0
50
63
0
66
78
2
45
70
15
47
74
21
81
107
60
73
99
54
25
50
10
25
52
9
48
76
28
63
92
36
65
98
29
89
123
46
60
98
11
46
85
0
65
104
13
56
96
7
53
93
5
78
118
19
99
135
13
113
146
16
110
140
24
104
132
32
110
134
56
124
144
85
149
165
126
177
191
166
204
216
202
223
233
224
224
234
225
204
215
201
212
224
204
236
249
221
177
191
156
65
81
42
44
67
23
48
74
29
52
77
35
90
115
75
80
104
68
119
143
109
134
158
126
203
227
193
153
177
141
73
98
56
59
85
37
50
77
22
56
85
21
39
69
0
48
78
4
56
89
10
66
100
16
44
79
0
47
82
0
41
76
0
48
83
3
46
81
0
67
103
15
69
104
12
79
113
16
134
166
65
108
136
36
58
84
0
67
90
0
66
86
1
55
72
0
85
99
24
21
49
0
43
73
13
88
117
59
73
102
48
35
64
10
18
48
0
19
50
0
58
90
27
34
67
0
44
78
1
47
82
0
50
86
0
49
85
0
31
70
0
41
80
0
84
120
22
106
139
22
119
148
29
102
129
22
90
114
26
131
152
87
184
201
156
198
211
185
178
189
175
201
210
207
210
218
220
233
238
241
197
203
201
175
182
174
203
211
198
212
221
202
214
226
204
114
132
106
91
111
83
72
92
65
58
78
53
72
91
69
140
159
139
207
226
206
225
244
224
184
204
179
98
118
90
47
69
33
55
78
36
52
76
26
31
56
1
35
60
2
54
83
17
30
64
0
44
81
3
41
80
1
38
77
0
49
91
9
55
97
11
54
97
5
63
105
7
60
101
0
121
160
54
131
166
62
74
106
5
83
110
17
80
104
18
75
96
19
60
81
6
41
72
5
49
79
15
81
113
50
79
110
50
62
93
33
47
78
18
26
58
0
37
69
2
67
100
29
40
74
0
60
95
13
92
126
42
69
103
17
42
76
0
60
94
7
88
122
27
97
126
18
88
115
8
95
120
28
88
110
35
201
219
167
188
202
169
194
205
189
221
230
227
203
210
216
206
210
219
226
231
237
197
202
206
169
175
175
195
200
196
210
215
209
214
221
213
239
253
240
231
248
232
230
246
233
228
244
231
226
242
231
236
252
242
245
255
251
245
255
250
245
255
246
187
204
185
124
142
118
92
111
81
85
105
68
83
104
63
60
81
36
22
49
0
54
86
21
33
70
0
26
66
0
27
67
0
33
76
0
60
103
21
77
123
32
68
114
16
51
96
0
109
152
45
116
157
51
89
125
25
74
107
16
68
95
14
55
78
6
62
85
17
32
64
0
37
69
4
63
95
30
73
105
42
75
107
44
69
101
36
49
79
15
47
78
11
59
90
20
41
73
0
48
80
4
75
106
26
70
102
19
43
75
0
47
79
0
80
110
20
102
127
33
57
80
0
98
119
44
161
179
121
194
208
172
173
185
165
155
161
157
187
192
198
207
211
222
199
201
213
218
221
230
198
201
208
162
165
170
179
180
184
201
202
204
203
207
208
219
230
226
224
236
232
232
244
240
244
255
252
247
255
255
236
248
246
226
238
236
232
244
240
243
255
249
247
255
250
247
255
246
247
255
243
247
255
239
228
244
217
155
171
142
63
83
46
17
47
0
16
52
0
42
81
18
44
83
18
24
65
0
49
93
14
57
106
17
12
62
0
64
112
12
90
137
33
78
123
22
87
128
32
79
114
30
77
107
33
43
69
4
48
73
15
9
40
0
25
56
0
48
79
19
56
88
25
54
86
23
54
84
22
57
87
23
67
97
33
42
73
6
78
107
40
49
79
7
42
70
0
87
116
36
70
99
17
46
74
0
96
121
37
99
122
40
71
91
19
132
150
92
194
209
168
148
160
138
139
146
139
119
124
128
150
154
165
187
189
201
180
183
192
203
206
213
199
202
207
167
168
173
176
177
182
205
206
211
207
210
215
215
220
223
229
237
239
230
238
240
233
241
243
245
253
255
238
246
249
232
240
242
247
255
255
235
243
243
238
247
244
246
255
250
247
255
248
247
255
246
249
255
244
235
246
229
202
218
192
61
86
47
19
48
2
29
61
12
61
95
42
41
79
18
17
60
0
26
73
0
39
88
0
68
118
23
75
122
26
59
104
9
66
109
20
69
106
29
68
98
34
40
67
14
38
64
16
12
42
0
32
62
10
45
75
21
44
75
18
32
61
3
26
56
0
41
69
10
53
81
22
37
65
6
81
107
46
50
76
13
43
68
2
99
125
52
87
111
35
53
78
0
97
120
42
80
99
35
128
142
91
186
198
160
153
163
139
146
153
146
118
123
127
132
134
146
178
180
193
192
194
206
194
197
204
215
216
220
215
216
218
179
180
182
172
173
177
196
195
203
196
196
204
180
183
188
210
215
218
218
223
226
215
220
223
227
232
235
229
234
237
222
227
230
227
232
235
224
229
232
224
230
230
235
241
239
240
246
244
236
242
238
241
248
241
250
255
249
247
255
244
228
243
222
157
175
149
77
101
69
46
72
35
45
77
30
39
77
20
38
79
11
50
94
17
57
102
17
68
114
26
71
114
32
46
84
9
40
75
11
30
58
7
40
65
25
44
68
34
23
52
8
39
68
24
38
67
19
38
66
17
27
56
2
18
45
0
26
53
0
25
49
0
34
58
6
37
60
6
41
64
8
70
91
32
96
118
53
76
98
26
56
79
1
73
93
22
93
107
56
171
182
148
203
212
191
168
175
167
125
130
136
126
130
142
147
148
166
166
168
183
179
182
191
204
205
209
218
220
219
220
222
219
196
198
197
181
182
186
200
199
207
203
202
210
165
166
170
196
197
199
211
212
214
207
208
210
212
213
215
223
224
226
225
226
228
223
224
228
223
224
228
215
216
218
207
208
210
196
197
199
195
197
196
216
218
217
233
235
234
226
231
227
241
248
241
249
255
248
244
255
243
162
181
159
80
105
73
27
58
14
29
64
8
65
104
39
60
102
28
63
105
29
67
107
36
30
65
1
31
61
11
27
53
14
52
75
47
51
70
50
23
50
17
36
63
28
25
51
12
26
53
10
22
48
1
14
40
0
25
48
2
12
35
0
35
56
11
40
59
14
54
73
25
89
107
55
112
132
71
97
116
50
78
98
26
85
101
39
141
153
115
190
199
178
166
173
165
180
185
188
103
105
120
122
123
143
133
134
154
126
128
143
133
133
141
182
183
185
195
196
191
203
204
199
204
204
202
196
196
198
216
215
223
228
227
235
202
202
204
211
211
209
219
219
217
213
213
211
200
200
200
206
206
206
219
219
219
221
221
223
218
218
220
213
213
215
213
213
215
210
210
212
207
207
209
217
217
219
221
221
223
209
208
213
236
235
241
213
214
218
223
229
227
248
255
250
221
238
219
137
161
129
67
96
50
41
74
19
54
90
28
47
83
19
42
76
15
30
60
8
32
57
18
48
68
41
66
82
69
64
80
70
21
49
11
36
62
25
19
45
8
16
40
4
10
32
0
3
23
0
21
41
3
15
33
0
25
42
0
72
90
42
68
86
34
74
93
38
128
148
89
124
144
83
89
109
46
105
121
72
179
189
164
203
208
201
122
126
125
110
113
120
127
129
144
99
98
116
118
117
135
139
138
152
140
141
146
198
199
201
197
197
195
192
193
188
191
191
189
172
172
174
182
181
187
194
193
199
198
197
195
192
191
186
208
207
202
215
214
209
197
196
192
198
197
193
218
217
213
227
223
220
234
230
227
221
217
214
225
221
218
230
226
223
214
210
207
201
197
194
205
201
200
211
207
208
225
220
226
223
218
224
232
232
232
226
231
225
224
232
217
232
246
221
157
177
142
25
48
4
23
49
1
30
57
6
30
56
9
43
65
26
20
40
12
44
61
43
66
79
70
89
101
99
3
32
0
28
56
5
25
50
8
13
34
1
25
41
15
11
25
0
40
50
23
35
47
11
42
56
7
106
121
62
126
145
81
56
78
13
106
130
68
104
129
72
60
86
38
139
158
126
182
190
179
150
151
153
107
108
112
101
102
107
120
120
130
102
100
111
127
125
136
126
125
133
148
147
153
173
172
177
184
183
188
180
180
182
179
178
183
176
175
180
174
173
179
180
178
183
205
201
198
198
195
188
202
197
191
196
191
185
215
208
200
202
195
187
207
200
190
173
164
155
204
196
185
197
189
178
213
203
193
212
202
192
227
215
203
233
221
209
210
198
186
219
209
199
208
201
195
209
204
198
222
219
210
225
223
211
223
224
208
236
238
217
217
221
196
166
173
142
32
41
10
28
39
7
46
59
31
27
41
16
36
49
31
48
62
49
20
33
24
40
55
50
25
55
0
66
93
38
32
55
13
51
70
40
67
80
62
37
46
29
109
117
94
94
101
68
30
42
0
77
93
31
132
151
83
128
151
83
153
178
120
79
107
58
88
116
78
156
178
155
110
116
112
136
135
141
124
123
129
113
112
118
132
131
137
111
110
116
131
130
136
142
141
147
150
149
155
178
177
183
190
189
195
180
179
185
171
170
176
168
167
173
168
167
173
172
170
173
189
186
181
189
182
174
198
191
183
186
177
170
202
193
184
198
188
178
206
196
184
206
194
182
193
181
167
193
179
166
212
199
183
209
193
178
212
196
180
227
211
195
215
198
182
213
197
182
211
201
189
209
203
191
215
209
195
209
203
187
204
197
179
223
218
198
234
229
207
214
212
189
116
115
94
34
36
15
41
46
26
38
45
29
32
43
29
22
34
24
16
29
22
33
48
43
48
76
18
77
104
53
46
66
28
64
80
54
76
87
71
46
54
41
114
121
103
99
105
77
62
73
31
62
76
23
78
96
36
86
107
48
106
130
78
38
65
22
128
155
124
171
192
173
149
155
153
164
163
169
140
139
145
124
123
129
161
160
166
146
145
151
141
140
146
138
137
143
146
145
151
178
177
183
196
195
201
181
180
186
162
161
167
161
160
166
167
166
172
171
169
172
176
171
167
180
173
165
198
189
180
176
167
158
190
180
171
192
182
172
196
184
172
232
220
208
189
175
162
188
174
161
209
193
178
200
184
169
192
175
159
212
195
179
213
196
178
198
182
166
190
178
164
195
185
173
210
201
186
211
202
185
200
191
173
208
200
179
226
220
198
230
225
203
181
179
158
49
48
28
41
44
27
46
52
38
31
39
28
22
33
25
35
47
43
34
49
46
40
64
12
45
66
21
56
73
39
45
59
36
59
67
54
65
71
61
90
94
80
80
85
63
100
110
75
106
119
75
81
97
48
64
83
35
101
124
82
108
134
99
183
208
186
166
186
174
159
165
165
118
117
123
93
92
98
111
110
116
170
169
175
170
169
175
162
161
167
146
145
151
152
151
157
185
184
190
206
205
211
186
185
191
154
153
159
150
149
155
162
161
167
166
164
167
170
165
161
178
169
162
201
192
183
178
168
159
188
178
168
194
181
172
175
163
151
227
213
202
206
192
179
195
179
166
205
189
174
199
181
167
180
163
147
195
178
162
205
188
170
184
167
151
174
158
143
181
167
154
200
187
171
211
198
181
204
191
172
199
186
167
208
197
177
217
211
189
188
183
163
81
78
59
47
48
32
46
49
38
21
28
20
40
51
45
46
58
56
36
50
50
60
79
34
60
78
38
72
87
58
46
57
40
53
60
52
70
75
69
84
87
78
57
61
46
57
66
39
111
122
88
88
103
64
49
67
29
91
112
81
162
186
164
178
202
189
151
170
166
119
124
127
42
41
46
48
47
52
103
102
107
154
153
158
157
156
161
170
169
174
167
166
171
169
168
173
194
193
198
217
216
221
194
193
198
147
146
151
135
134
139
151
150
155
157
155
156
164
157
151
173
164
155
196
186
177
182
172
162
194
181
172
198
186
174
159
145
134
195
181
168
229
213
200
208
192
177
204
186
172
199
182
166
177
158
143
182
163
146
195
176
159
172
153
136
181
162
147
177
158
143
179
160
143
191
173
153
198
181
161
196
179
159
202
187
166
216
205
183
170
164
142
108
103
84
40
38
25
34
37
28
10
17
10
38
49
45
29
41
41
49
60
62
68
83
44
85
96
64
68
78
54
59
65
51
57
62
56
57
59
56
106
108
103
59
62
53
35
39
22
107
117
92
112
125
97
79
95
69
106
125
106
179
199
188
172
194
191
192
210
212
126
131
135
27
26
31
19
18
23
67
66
71
130
129
134
154
153
158
175
174
179
179
178
183
170
169
174
186
185
190
212
211
216
197
196
201
144
143
148
127
126
131
148
147
152
162
158
159
153
146
140
164
154
144
177
167
157
183
170
161
194
182
170
204
190
179
158
144
131
163
147
134
222
206
191
218
200
186
204
187
171
193
174
159
171
152
135
173
152
135
185
164
145
162
139
121
174
151
133
170
147
129
167
144
126
182
160
139
203
182
161
202
184
162
201
185
162
213
198
177
167
156
136
110
102
87
26
22
11
31
32
24
25
30
26
31
39
39
26
36
38
85
96
100
39
46
15
49
55
29
53
56
39
61
63
52
58
59
54
53
53
53
112
112
110
87
88
83
22
25
14
73
79
65
107
118
101
114
128
113
138
153
146
157
176
174
140
159
165
161
175
184
134
137
142
50
48
51
1
0
2
12
10
13
122
120
123
187
185
188
188
186
189
181
179
182
170
168
171
175
173
176
204
202
205
198
196
199
141
139
142
117
115
118
142
140
143
161
157
156
150
141
134
163
151
139
161
149
137
179
165
154
187
173
162
208
192
179
173
157
144
147
129
115
185
167
153
219
200
185
205
186
171
179
158
141
161
140
123
168
145
127
179
156
138
151
126
106
152
125
106
162
133
115
166
139
118
185
158
137
210
185
163
207
185
162
198
178
154
206
190
167
180
167
148
104
95
80
35
28
18
36
35
30
58
60
59
34
39
42
47
56
61
101
110
117
53
53
29
31
30
9
78
76
61
70
67
58
50
46
43
44
40
39
64
60
61
74
73
71
57
58
53
57
60
53
80
87
79
103
114
108
139
153
153
131
146
151
123
140
150
114
126
138
150
153
158
110
108
111
41
39
42
12
10
13
144
142
145
217
215
218
184
182
185
165
163
166
182
180
183
177
175
178
203
201
204
198
196
199
135
133
136
103
101
104
126
124
127
147
142
139
154
144
135
166
152
141
153
139
128
178
161
151
182
166
153
210
192
180
187
169
155
144
125
111
148
129
114
216
195
178
207
186
169
167
144
126
151
128
110
167
142
122
178
153
133
141
116
94
143
115
94
162
131
110
167
136
115
177
149
127
200
172
150
202
176
153
196
174
151
210
192
170
198
183
164
109
97
83
59
50
41
42
39
34
77
77
77
36
39
44
62
69
75
79
86
94
66
59
40
68
61
43
70
62
49
64
55
46
49
39
37
37
29
27
47
38
39
63
57
57
60
59
57
89
89
87
114
118
117
123
131
133
148
159
163
157
170
178
139
153
166
148
158
168
170
171
175
127
125
126
67
65
66
61
59
60
133
131
132
213
211
212
176
174
175
188
186
187
160
158
159
187
185
186
223
221
222
172
170
171
126
124
125
106
104
105
142
140
141
140
135
131
161
148
139
170
154
141
157
141
128
169
151
139
178
160
148
206
188
174
182
163
149
153
131
117
141
119
105
193
170
154
213
190
172
176
151
131
144
119
99
159
132
111
163
136
115
151
124
103
139
108
87
168
136
113
172
140
117
166
136
112
214
184
160
190
162
140
184
159
137
214
193
172
197
180
162
117
103
90
30
21
12
53
48
44
77
75
76
46
47
52
59
63
72
80
84
95
150
134
118
129
113
97
107
91
78
94
80
71
89
74
69
77
63
60
58
47
45
43
35
33
92
86
86
121
119
120
130
131
133
156
161
165
171
178
186
167
175
185
180
189
202
180
188
198
169
170
172
136
135
133
98
97
95
77
76
74
114
113
111
196
195
193
199
198
196
171
170
168
164
163
161
183
182
180
206
205
203
170
169
167
122
121
119
110
109
107
137
136
134
142
137
133
144
131
122
155
137
125
144
126
114
158
140
128
171
153
139
204
185
171
184
162
148
158
135
119
142
119
103
179
153
136
218
193
173
172
145
126
136
109
88
146
118
97
153
125
104
146
118
96
132
101
80
159
127
104
159
127
104
170
138
115
192
162
138
190
162
138
187
161
138
218
196
175
190
173
155
127
114
98
55
45
35
43
35
32
69
65
66
40
39
45
77
80
89
94
96
108
172
149
133
173
150
134
171
149
135
168
149
135
170
152
142
172
155
147
169
154
149
162
151
147
175
167
165
176
172
171
142
140
143
155
156
160
141
144
151
119
123
132
160
167
177
158
163
169
138
138
138
129
125
122
124
120
117
103
99
96
107
103
100
175
171
168
227
223
220
166
162
159
172
168
165
174
170
167
174
170
167
163
159
156
114
110
107
117
113
110
131
127
124
142
135
129
135
121
110
144
125
111
133
114
100
147
128
114
161
142
128
197
175
161
181
159
145
160
137
121
147
121
104
158
131
112
225
198
179
167
139
118
126
98
77
131
100
79
143
112
91
144
113
92
132
101
80
151
120
99
153
123
99
177
147
123
171
141
117
190
162
138
194
168
145
216
194
171
166
148
128
129
113
98
74
61
52
37
28
23
60
54
56
34
32
37
86
86
94
96
96
106
128
96
81
145
116
100
161
134
117
162
136
119
157
134
118
158
139
125
164
146
134
166
152
143
185
174
170
160
152
150
123
117
117
127
125
128
109
108
113
97
100
105
140
145
149
140
144
147
104
103
101
117
113
110
132
128
125
134
130
127
138
134
131
171
167
164
250
246
243
205
201
198
175
171
168
157
153
150
135
131
128
146
142
139
104
100
97
123
119
116
124
120
117
135
128
122
140
123
113
144
125
111
130
111
97
142
120
107
151
129
115
184
160
147
173
150
134
160
134
117
151
124
105
142
113
95
227
199
178
163
132
112
122
91
70
123
92
71
140
109
88
146
115
94
137
106
85
142
111
90
159
128
107
177
149
125
160
132
108
182
156
131
199
175
151
200
178
155
173
155
135
153
137
121
101
89
77
79
70
63
90
84
84
71
66
70
104
103
109
108
107
115
157
120
104
155
120
101
152
119
100
154
123
102
157
130
109
155
130
110
136
117
100
118
102
87
157
144
135
126
115
109
118
110
107
118
113
110
110
109
107
118
118
116
127
129
126
123
124
119
73
72
68
93
90
85
99
96
91
126
123
118
147
144
139
144
141
136
225
222
217
231
228
223
169
166
161
138
135
130
104
101
96
131
128
123
98
95
90
127
124
119
118
115
110
126
119
111
140
124
111
148
126
112
133
111
97
139
115
102
141
117
104
168
145
129
164
138
123
158
131
114
151
124
105
134
106
85
216
185
165
153
122
101
120
88
67
124
92
69
142
110
87
148
117
96
134
106
84
127
99
78
163
135
113
169
143
120
163
137
112
174
150
124
202
178
154
176
154
131
191
173
153
171
154
138
104
90
79
115
104
98
110
102
100
98
92
94
99
97
102
104
101
108
157
116
98
147
106
88
140
102
81
145
111
86
151
119
94
144
116
92
126
104
81
112
93
76
165
149
136
138
125
116
123
114
107
98
91
85
94
91
86
112
112
104
101
101
91
87
87
77
70
67
60
81
78
73
64
61
56
95
92
87
122
119
114
114
111
106
178
175
170
216
213
208
144
141
136
117
114
109
90
87
82
121
118
113
95
92
87
122
119
114
112
109
104
115
106
99
129
111
99
142
120
106
135
111
98
141
117
104
135
112
96
158
132
117
155
128
111
154
127
108
148
120
99
138
107
87
191
160
139
140
108
87
116
84
61
129
97
74
145
113
90
146
115
94
134
107
86
120
95
73
161
136
114
165
141
117
170
146
122
179
155
129
200
178
154
158
138
114
181
163
143
156
139
123
77
63
52
108
95
87
94
84
82
88
79
80
73
68
72
78
73
79
157
112
93
152
107
86
150
108
84
147
110
84
131
97
69
111
81
53
112
86
61
125
104
83
146
129
113
148
134
123
107
97
88
68
61
53
74
70
59
100
98
86
105
103
88
83
81
68
89
86
79
92
87
83
67
62
58
89
84
80
102
97
93
120
115
111
161
156
152
183
178
174
105
100
96
93
88
84
88
83
79
116
111
107
92
87
83
108
103
99
100
95
91
99
90
83
115
97
85
137
113
100
140
117
101
150
127
111
139
113
98
152
126
109
147
120
103
149
122
103
147
119
98
151
120
100
168
136
115
129
97
76
118
83
61
140
105
83
150
115
93
142
111
90
134
109
87
121
99
78
146
124
101
161
139
116
162
140
116
182
160
136
186
164
140
138
118
94
155
137
115
137
120
104
72
58
45
94
81
73
90
79
75
79
71
69
70
64
66
67
60
65
165
124
106
154
116
97
151
115
93
147
112
90
123
91
66
100
72
48
110
86
62
137
116
97
120
102
88
159
145
134
102
92
83
68
61
53
79
75
66
96
93
84
114
112
100
74
72
60
82
79
74
83
78
75
65
60
57
79
74
71
76
71
68
122
117
114
147
142
138
136
131
127
72
67
63
76
68
65
90
82
79
114
106
103
88
80
77
94
86
83
90
82
79
87
76
70
109
89
78
137
113
100
147
124
108
159
136
120
144
118
101
151
126
106
143
116
97
144
117
96
148
120
99
163
132
111
155
123
102
125
93
72
120
85
63
147
112
90
154
119
97
140
109
88
129
104
82
121
99
76
129
104
82
155
131
107
145
121
97
179
155
131
161
139
115
115
94
73
117
100
82
110
97
81
70
57
48
78
67
61
88
79
74
70
62
60
71
65
65
59
53
55
120
92
80
113
87
74
107
81
66
104
78
63
99
76
60
100
77
61
106
84
70
112
94
82
104
87
77
132
119
111
84
73
69
84
76
74
81
77
76
94
93
91
113
113
113
99
99
99
80
78
79
71
67
68
79
75
74
78
74
73
64
58
58
92
86
86
134
126
124
131
123
121
59
51
48
76
66
64
106
97
92
97
88
83
91
80
76
100
89
85
81
67
64
84
69
62
101
81
70
98
74
61
130
104
89
164
138
123
161
135
118
148
123
103
140
113
92
126
100
77
145
117
95
152
122
98
152
122
98
121
89
66
111
79
58
132
100
79
135
103
82
137
106
86
124
97
76
117
90
69
113
85
61
128
98
74
168
138
112
165
135
111
159
132
111
117
96
77
111
95
82
66
56
47
55
50
44
73
70
65
75
71
68
71
68
63
63
58
54
46
38
35
79
59
48
76
56
45
75
55
44
74
54
43
70
50
39
66
46
35
66
48
38
70
51
44
59
42
35
100
87
81
69
58
56
89
80
81
107
103
104
120
118
121
116
115
120
90
89
94
77
75
80
62
60
63
78
73
77
78
74
75
79
73
75
116
110
112
142
133
134
134
126
124
77
67
66
82
72
70
107
96
94
96
85
81
96
82
79
76
63
57
61
46
41
85
68
61
97
74
64
107
81
68
139
113
98
172
146
129
176
151
131
165
138
117
154
128
105
147
119
97
150
122
98
142
112
88
139
109
85
117
87
63
112
80
59
125
93
72
127
94
75
139
108
88
110
82
61
106
78
56
121
91
67
149
117
92
179
145
118
154
122
97
147
120
99
119
98
81
103
89
78
64
55
48
52
48
45
64
63
61
63
62
58
62
59
54
63
56
50
52
45
37
44
24
13
43
23
12
46
26
15
51
31
20
53
33
22
53
33
22
57
39
29
63
44
37
86
69
62
128
115
109
94
83
79
105
97
95
124
118
120
126
124
127
101
100
105
73
72
77
77
75
80
69
67
72
98
96
99
91
86
90
89
85
86
131
125
127
141
135
135
141
132
133
87
79
77
96
86
85
109
98
96
79
68
66
97
86
82
71
57
54
68
55
49
97
80
73
124
101
91
126
100
87
123
95
81
126
99
82
134
107
88
139
112
91
154
126
104
177
149
125
151
121
97
121
91
65
114
82
59
114
82
59
125
93
72
132
100
79
121
86
66
125
93
72
97
69
48
108
80
58
143
113
89
164
132
107
156
122
95
112
80
55
135
108
87
145
124
107
94
80
69
63
54
47
51
47
44
58
57
55
60
56
53
60
55
51
64
57
51
62
53
46
55
35
24
52
32
21
54
34
23
60
40
29
66
46
35
74
54
43
86
66
57
97
79
69
112
95
87
152
137
132
117
106
102
117
107
106
125
119
119
130
126
127
112
110
113
107
105
110
81
79
84
89
87
92
128
126
129
107
105
108
91
86
90
121
117
118
130
124
126
144
138
138
89
80
81
110
102
100
106
96
94
52
41
39
91
80
76
75
64
60
80
66
63
88
71
64
77
53
41
98
70
56
102
75
58
104
77
58
115
88
67
109
81
59
106
78
54
124
94
70
122
92
66
106
76
50
113
81
58
117
85
62
123
91
70
123
91
70
110
75
55
112
80
59
112
84
63
115
87
65
138
108
84
141
109
84
124
90
63
96
64
39
141
114
93
157
136
119
86
72
61
63
54
47
52
48
45
61
57
56
66
62
59
65
60
56
66
57
52
65
56
49
89
69
58
86
66
55
85
65
54
88
68
57
94
72
59
98
75
65
105
85
74
114
96
86
115
98
90
155
140
133
144
130
127
145
134
132
138
129
130
133
127
129
119
114
118
127
125
128
87
85
90
100
99
104
129
128
133
111
109
114
92
90
93
110
105
109
118
114
115
137
131
133
92
83
84
107
99
97
92
82
80
45
35
33
88
77
75
61
50
48
55
44
40
53
36
29
57
33
21
94
65
49
114
85
69
126
97
79
139
111
90
124
96
74
102
72
48
101
71
45
93
61
36
103
71
46
123
91
66
113
81
58
99
64
42
97
62
40
95
60
40
109
77
56
124
96
75
101
73
52
98
68
44
101
69
44
122
88
61
134
102
77
164
137
116
132
111
94
84
70
59
68
59
52
57
52
48
64
60
57
76
71
68
73
65
62
61
52
45
57
47
38
91
71
60
91
71
60
94
74
63
100
80
69
102
80
67
101
79
66
101
81
70
106
86
75
132
114
104
156
139
131
168
153
148
190
176
173
169
159
158
151
142
143
122
116
118
124
119
123
99
97
102
109
108
113
114
113
118
112
111
116
107
105
108
105
103
106
116
112
113
125
119
121
90
81
82
87
78
79
75
65
64
67
57
55
93
82
80
41
30
28
36
25
21
49
32
25
110
84
71
126
97
81
132
103
85
133
105
84
141
113
91
139
111
87
127
97
71
118
88
62
105
73
48
98
66
41
102
70
45
88
56
33
86
51
29
94
59
39
91
56
36
98
65
46
99
70
52
80
52
31
82
52
28
91
59
34
127
93
68
159
127
102
178
151
130
112
91
74
85
71
60
76
67
60
61
56
52
65
60
57
79
74
70
73
66
60
57
46
40
55
42
34
87
67
56
88
68
57
94
72
59
100
78
65
101
79
66
99
77
64
102
80
67
105
85
74
145
125
116
126
107
100
137
122
115
182
169
163
177
166
164
175
165
164
153
145
143
147
141
143
123
121
124
138
137
142
123
122
127
136
135
140
131
129
132
102
100
103
119
115
116
122
116
118
83
74
75
82
73
74
72
62
61
82
72
70
76
65
63
29
18
16
46
35
31
80
63
56
115
89
76
123
92
74
132
101
83
136
105
85
137
106
85
137
107
83
118
88
62
87
57
31
116
86
60
87
57
31
82
50
27
82
50
27
91
59
38
99
67
46
94
61
42
107
76
56
86
59
40
74
47
28
87
56
35
94
62
39
119
85
60
148
116
93
173
145
124
107
84
68
87
70
60
82
71
65
67
59
56
63
58
55
79
71
68
75
66
61
67
54
46
74
60
51
107
87
76
103
83
72
103
81
68
103
81
68
103
81
68
103
81
68
109
87
74
116
94
81
172
149
139
106
86
77
92
75
67
139
124
117
147
133
130
167
156
154
158
148
146
150
144
144
145
143
146
173
172
177
150
149
154
169
167
172
148
146
149
96
91
95
120
116
117
128
122
122
81
72
73
95
85
84
81
71
69
77
66
64
43
32
30
20
9
5
60
49
45
100
83
75
120
94
81
118
87
69
127
96
78
135
104
84
136
105
84
145
115
91
132
102
78
92
62
36
97
67
41
82
52
28
96
66
42
105
73
52
96
64
43
85
54
34
97
66
46
141
112
94
112
85
68
81
54
35
78
50
28
84
52
29
109
75
50
139
107
84
164
136
115
96
73
57
84
67
57
84
73
67
68
60
57
63
55
52
77
70
64
78
69
62
80
67
59
98
84
75
119
99
88
100
80
69
110
88
75
117
95
82
105
81
68
117
93
80
132
108
95
117
93
81
172
150
137
151
131
120
81
63
53
106
89
81
157
142
137
146
132
129
144
133
129
133
125
123
147
143
144
133
131
134
130
128
131
77
72
76
135
130
134
123
117
119
152
146
148
145
136
137
93
85
83
88
78
76
67
56
54
53
42
38
39
25
22
35
22
16
67
54
48
95
78
70
116
90
77
100
71
55
131
102
84
127
99
78
128
100
78
152
124
102
65
37
13
73
45
21
70
42
18
80
52
28
71
43
21
106
75
55
116
85
65
134
105
87
141
112
96
138
111
94
136
110
95
94
67
50
75
47
26
95
63
40
105
71
46
133
101
78
151
123
102
102
79
63
76
58
46
74
61
53
57
48
43
65
57
54
84
75
70
97
86
80
110
96
87
97
80
70
105
85
74
100
80
69
114
92
79
122
100
87
115
91
78
118
94
81
121
97
84
106
82
69
145
121
109
155
133
120
105
85
74
112
94
84
139
122
115
128
113
108
140
127
121
138
128
126
134
128
128
123
119
120
121
117
118
92
86
88
147
141
143
141
132
133
163
154
155
165
155
154
87
77
75
105
94
90
85
74
70
53
40
34
36
23
17
70
55
50
75
60
55
74
55
48
100
74
61
101
72
56
131
102
86
117
88
70
127
99
78
101
73
51
77
49
27
72
46
23
90
64
41
106
80
57
101
74
53
130
103
84
128
101
84
132
105
88
134
108
93
141
115
102
125
99
84
106
79
62
87
59
38
91
59
38
101
66
44
133
101
78
146
118
97
92
69
53
92
74
62
89
76
68
71
62
57
75
65
63
86
75
71
94
81
75
107
90
82
95
77
67
93
70
60
97
74
64
103
81
68
109
87
74
118
94
81
130
104
91
131
105
90
123
97
84
116
90
77
152
128
116
127
105
92
118
98
87
130
111
104
130
113
106
145
130
123
137
126
122
70
62
60
75
69
69
95
89
89
117
108
109
167
159
157
154
144
143
148
138
136
152
141
137
122
111
107
127
114
108
113
100
94
71
56
49
44
29
22
72
55
48
60
43
36
83
63
54
93
67
54
108
80
66
112
85
68
114
87
68
114
87
68
69
42
21
84
57
36
69
44
22
101
76
54
120
95
75
108
82
65
130
104
89
126
102
89
131
107
94
134
110
98
144
120
108
122
98
85
122
96
81
95
66
48
80
48
27
97
62
40
141
109
88
159
130
112
114
91
75
109
91
79
107
92
85
86
75
71
85
75
73
90
79
75
98
83
76
115
97
87
110
90
79
150
127
117
159
136
126
159
137
124
164
140
128
184
158
145
189
163
150
169
143
128
150
124
109
188
162
149
229
203
190
211
187
175
187
165
152
185
165
156
185
166
159
176
159
151
138
125
119
84
74
72
77
69
67
77
69
67
110
100
98
147
137
135
146
135
131
149
138
134
184
171
165
209
196
190
201
186
179
191
174
167
103
86
78
67
48
41
71
53
43
65
47
37
109
86
76
97
71
58
110
82
68
90
62
48
119
93
76
95
69
52
82
57
37
81
56
36
68
46
25
79
57
36
116
95
76
106
85
68
121
99
85
127
105
92
136
116
105
125
105
96
118
95
85
91
67
55
108
82
67
95
66
48
95
62
43
119
84
64
142
110
89
135
106
88
85
59
46
98
78
69
97
82
75
80
69
65
84
73
69
91
78
72
99
84
77
124
106
96
128
108
97
209
186
176
222
199
189
225
201
189
229
205
193
245
219
206
230
204
189
175
147
133
126
98
84
174
146
132
216
190
177
215
191
178
193
171
158
192
172
161
198
180
170
175
157
147
121
106
99
115
104
100
97
87
85
80
70
68
106
95
91
125
114
110
125
112
106
143
130
124
201
186
179
245
228
221
251
232
225
231
213
203
87
67
58
66
46
37
77
57
46
76
56
45
85
63
50
89
65
53
95
69
56
105
79
66
117
94
78
84
61
45
90
67
49
77
54
36
78
57
38
119
98
79
195
176
159
205
186
171
209
190
176
208
190
180
217
198
191
192
173
166
171
151
142
143
121
108
131
105
90
98
69
53
98
65
46
121
86
66
138
106
85
142
111
93
110
84
71
102
82
73
112
97
90
117
104
98
139
128
124
159
146
140
176
159
151
205
185
174
214
192
179
201
178
168
205
182
172
207
183
171
209
185
172
220
194
179
213
187
172
163
136
119
102
75
58
118
90
76
162
134
120
186
160
147
180
156
143
187
165
152
206
186
175
192
172
163
147
130
122
118
105
99
107
93
90
98
84
81
117
104
98
125
112
106
112
97
90
135
120
113
204
187
179
220
201
194
213
193
184
177
157
146
67
44
34
78
55
45
84
62
49
76
54
41
73
49
37
82
58
46
90
66
54
159
135
123
124
100
87
89
67
53
77
56
39
81
60
43
88
69
52
102
83
66
204
187
171
224
206
192
216
200
187
208
191
183
221
204
197
214
197
190
212
193
186
222
199
189
165
139
124
97
68
52
85
52
33
104
69
49
142
110
89
191
160
142
192
166
153
187
167
158
194
177
170
189
176
170
200
186
183
197
182
177
186
169
161
194
174
163
191
169
156
198
176
163
190
168
155
187
163
151
182
158
145
187
161
146
201
175
160
179
152
135
123
96
79
107
80
63
130
102
88
152
126
111
152
128
115
164
142
129
190
167
157
174
154
143
137
119
109
145
130
123
133
118
113
125
110
105
123
108
101
121
106
99
98
81
73
137
120
112
214
196
186
204
186
176
196
176
165
136
113
103
89
67
54
103
79
67
109
85
72
88
64
51
97
73
60
98
74
62
128
105
95
209
187
174
160
138
125
99
77
63
75
56
41
83
64
49
87
70
54
67
50
34
162
146
131
179
163
150
180
166
155
181
166
159
193
178
173
194
179
174
212
195
188
200
177
167
144
118
105
95
66
50
94
61
42
105
70
50
145
112
93
201
170
152
196
170
157
161
141
132
162
145
138
152
137
132
160
146
143
160
145
140
155
136
129
170
147
137
172
148
136
218
195
185
206
183
173
206
182
170
196
172
160
184
160
147
201
175
160
184
158
143
126
99
82
108
81
64
107
80
63
120
94
77
131
105
90
158
135
119
193
169
156
177
155
141
137
117
106
132
117
110
135
122
116
148
135
129
141
128
122
128
113
106
73
58
51
93
76
68
154
137
129
193
174
167
225
207
197
140
120
111
97
77
68
83
63
52
121
98
88
92
70
57
88
65
55
123
103
94
176
156
147
228
208
197
202
182
171
102
84
72
92
74
62
81
65
52
77
61
48
62
46
33
144
130
119
163
149
138
189
175
166
204
191
183
201
188
182
178
164
161
187
172
165
186
166
155
136
112
99
100
73
56
97
68
50
97
66
48
140
111
93
199
171
157
186
162
149
193
173
164
181
164
157
153
138
133
148
133
128
144
126
122
139
120
114
159
139
130
168
145
137
228
208
199
215
192
184
226
203
195
234
211
201
220
197
187
224
200
188
217
193
180
181
155
140
82
56
41
107
81
64
117
90
73
113
86
67
147
120
101
163
136
117
133
106
87
129
108
91
136
123
115
147
138
133
142
133
128
144
135
130
100
89
85
66
55
51
68
57
53
142
128
125
223
209
206
217
202
197
141
126
121
74
59
54
82
67
62
93
75
71
89
71
67
107
89
85
127
112
105
207
192
185
203
188
181
220
205
198
153
138
131
85
70
63
85
70
63
76
61
54
51
36
29
143
130
122
201
188
180
171
158
150
196
183
177
192
179
173
175
162
156
174
159
152
180
162
148
120
99
82
89
68
51
87
64
48
87
64
48
163
139
126
184
162
149
192
172
161
189
171
161
174
155
149
161
143
139
163
145
141
173
155
151
175
157
153
163
145
141
150
132
128
165
144
139
161
141
134
186
166
159
205
185
176
202
182
173
216
193
183
221
199
186
196
172
159
118
94
81
98
72
57
91
65
48
96
69
52
114
87
68
115
88
69
109
82
61
136
115
98
159
146
138
151
143
140
154
146
143
140
132
129
100
90
88
67
57
55
71
61
59
149
139
137
207
196
194
206
195
193
132
118
117
61
47
46
72
58
57
87
73
72
91
77
76
118
104
103
196
182
179
225
212
206
218
205
199
220
207
201
170
157
151
92
79
73
95
82
76
87
74
68
56
43
37
161
148
142
213
200
194
202
189
183
218
205
199
213
200
194
201
188
182
199
185
176
206
188
174
125
106
91
76
57
42
79
60
46
101
82
68
181
161
150
189
171
161
176
158
148
199
180
173
191
172
166
180
162
158
176
158
154
180
162
160
186
168
166
182
166
166
176
160
160
163
144
140
158
139
133
172
153
147
177
158
151
163
144
137
167
147
138
171
151
142
156
133
123
143
121
108
88
66
52
76
52
39
84
61
45
85
59
44
82
56
39
94
68
51
129
110
95
130
120
111
133
125
122
148
140
137
82
74
71
61
51
49
80
70
68
94
84
82
144
134
132
207
196
194
218
207
205
145
131
130
64
50
49
66
52
51
81
67
66
96
82
81
139
125
124
219
205
202
213
200
194
224
211
205
216
203
197
179
166
160
99
86
80
107
94
88
107
94
88
101
88
82
200
187
181
214
201
195
207
194
188
203
190
184
204
191
185
214
201
195
217
203
194
201
183
169
128
109
94
85
66
52
86
67
53
109
91
79
186
168
156
209
191
181
197
179
169
199
182
174
203
186
179
201
183
179
194
176
172
190
175
172
195
180
177
197
181
181
194
178
178
191
176
173
183
168
165
185
170
165
182
167
162
172
155
148
174
157
150
182
163
156
175
156
149
150
132
122
90
72
60
83
63
52
89
70
56
81
59
46
87
65
51
99
77
63
110
92
78
86
75
69
89
81
78
131
123
120
55
47
44
43
33
31
73
63
61
88
78
76
133
123
121
199
188
186
212
201
199
145
131
130
66
52
51
64
50
49
82
68
67
107
93
92
157
143
142
214
200
197
210
197
191
228
215
209
210
197
191
157
144
138
92
79
73
90
77
71
95
82
76
121
108
102
214
201
195
208
195
189
215
202
196
198
185
179
195
182
176
205
192
186
198
183
176
172
154
142
117
98
84
86
67
53
83
63
52
100
82
70
169
151
141
213
195
185
208
189
182
187
170
163
197
180
173
203
185
181
198
180
176
192
177
174
192
177
174
189
173
173
183
167
167
191
180
178
186
175
173
190
176
175
195
181
180
196
182
179
201
187
184
208
193
188
207
192
187
159
144
137
84
69
62
74
57
49
82
65
57
72
55
45
76
59
49
81
65
52
82
68
57
64
55
48
51
43
40
122
114
111
92
84
81
62
52
50
46
36
34
71
61
59
162
152
150
218
207
205
201
190
188
130
116
115
66
52
51
69
55
54
86
72
71
98
84
83
123
109
108
212
198
195
222
208
205
212
198
195
190
176
173
135
121
118
113
99
96
105
91
88
109
95
92
129
115
112
203
189
186
190
176
173
202
188
185
190
176
173
194
180
177
210
196
193
201
186
179
141
124
114
97
79
67
72
54
42
68
50
38
88
70
60
144
127
117
196
179
171
185
168
160
184
167
160
186
171
164
188
173
168
187
172
167
185
170
167
181
167
164
176
162
161
171
157
156
181
171
172
183
173
174
187
177
178
195
185
186
199
189
188
195
185
184
191
180
178
191
180
178
177
166
162
84
73
69
62
49
43
76
63
57
68
55
47
61
48
40
63
50
41
73
63
54
42
33
28
50
42
39
119
111
108
98
90
87
55
45
43
59
49
47
117
107
105
217
207
205
210
199
197
159
148
146
97
83
82
72
58
57
94
80
79
118
104
103
121
107
106
115
101
100
187
173
170
205
191
188
150
136
133
125
111
108
96
82
79
104
90
87
98
84
81
92
78
75
119
105
102
176
162
159
183
169
166
194
180
177
189
175
172
189
175
172
194
180
177
178
163
158
111
94
86
98
80
70
97
79
69
90
72
62
93
76
66
128
111
103
194
177
169
189
172
165
193
178
171
184
169
164
179
164
159
180
166
163
180
166
163
177
163
160
179
165
164
185
171
170
167
158
161
175
166
169
182
173
176
189
180
183
193
184
187
187
178
179
185
176
177
195
187
185
143
133
132
71
61
59
51
41
39
58
48
46
57
48
43
54
45
40
46
37
32
51
42
37
60
52
49
95
87
84
133
125
122
104
96
93
69
59
57
119
109
107
170
160
158
207
197
195
137
126
124
80
69
67
58
44
43
76
62
61
102
88
87
136
122
121
155
141
140
146
132
131
145
134
130
180
169
165
115
104
100
89
78
74
92
81
77
79
68
64
81
70
66
66
55
51
96
85
81
148
137
133
193
182
178
198
187
183
194
183
179
172
161
157
151
140
136
126
113
107
121
104
96
132
115
107
151
134
126
140
123
115
126
109
101
133
118
111
200
185
178
192
177
170
186
171
166
168
155
149
165
151
148
173
162
158
174
163
161
167
156
154
176
165
163
195
184
182
159
152
157
168
161
166
168
161
166
166
159
164
164
158
160
156
150
152
161
155
157
181
175
175
174
168
168
147
139
137
143
135
133
138
130
128
143
135
133
155
147
145
136
128
126
116
108
105
125
117
114
146
138
135
160
152
149
161
153
150
134
124
122
166
156
154
164
154
152
144
134
132
102
91
89
52
41
39
55
41
40
78
64
63
73
59
58
89
75
74
120
106
105
118
104
103
112
101
97
178
167
163
145
134
130
136
125
121
175
164
160
139
128
124
159
148
144
148
137
133
133
122
118
153
142
138
184
173
169
151
140
136
147
136
132
141
130
126
148
137
133
148
134
131
169
154
147
173
156
149
182
165
158
170
155
148
161
146
139
156
141
136
198
183
178
161
148
142
157
144
138
143
129
126
144
133
129
164
153
149
165
154
152
152
141
139
161
150
148
188
177
175
136
129
134
148
141
146
156
149
154
152
145
150
147
140
145
148
141
146
146
142
143
144
140
141
127
123
124
132
126
126
122
116
116
132
126
126
118
112
112
129
123
123
120
114
114
125
120
117
124
116
113
113
105
102
112
104
101
121
113
110
117
107
105
108
98
96
122
112
110
149
139
137
168
157
155
139
128
126
114
100
99
113
99
98
134
120
119
158
144
143
174
160
159
181
167
166
188
177
175
181
171
169
175
165
163
174
164
162
176
166
164
177
167
165
179
169
167
180
170
168
178
168
166
183
173
171
174
164
162
158
148
146
159
149
147
174
164
162
179
169
167
171
160
156
180
165
160
177
162
157
192
177
172
178
165
159
179
166
160
173
159
156
190
176
173
181
170
166
185
174
170
173
162
158
159
148
146
172
162
160
158
148
146
177
167
165
183
173
171
191
181
179
176
167
172
180
171
176
180
171
176
174
167
172
176
169
174
182
176
178
186
180
182
184
180
181
186
182
183
187
183
184
183
179
178
186
182
181
180
176
175
183
179
178
178
174
173
180
174
174
190
182
180
185
177
174
188
180
177
196
188
185
195
185
183
188
178
176
197
187
185
214
204
202
199
188
186
206
195
193
213
199
198
206
192
191
190
176
175
181
167
166
191
177
176
207
193
192
220
209
207
208
198
196
195
185
183
187
177
175
185
175
173
184
174
172
181
171
169
179
169
167
173
163
161
181
171
169
182
172
170
177
167
165
178
168
166
187
177
175
190
180
178
186
175
173
189
175
172
181
166
163
189
175
172
178
164
161
185
171
168
183
169
166
194
183
179
183
172
168
181
170
166
181
170
166
181
171
169
185
175
173
167
157
155
167
157
155
164
154
152
158
148
146
204
193
197
199
188
192
190
179
183
182
173
176
182
173
176
188
179
180
190
181
182
187
181
181
204
198
198
202
196
196
204
200
199
198
194
193
202
198
197
195
191
190
197
193
192
195
189
189
205
197
195
204
196
193
206
198
195
207
199
196
203
193
191
196
186
184
194
184
182
196
186
184
183
172
170
190
179
177
203
189
188
211
197
196
209
195
194
203
189
188
203
189
188
208
194
193
195
183
183
196
186
185
200
190
189
206
196
195
210
200
199
206
196
195
196
186
185
186
176
175
188
178
177
192
182
181
197
187
186
199
189
188
198
188
187
195
185
184
193
183
182
193
182
180
186
172
171
172
158
157
178
164
163
168
157
155
181
170
168
183
172
170
195
184
182
177
167
165
172
162
160
175
165
163
185
175
173
175
167
164
173
165
162
181
173
170
200
192
189
196
188
185
206
194
194
204
192
192
199
187
187
194
182
182
190
180
179
189
179
178
189
179
178
186
178
176
208
200
198
200
194
194
207
201
201
194
188
188
205
199
199
192
188
187
200
196
195
196
191
188
187
179
176
191
183
180
194
186
183
195
187
184
197
187
185
197
187
185
193
183
181
187
177
175
192
181
179
176
165
163
168
154
153
179
165
164
199
185
184
210
196
195
210
196
195
205
194
192
200
190
189
202
192
191
202
192
191
200
190
189
199
189
188
200
190
189
199
189
188
196
186
185
213
203
202
205
195
194
202
192
191
208
198
197
209
199
198
202
192
191
199
189
188
201
191
190
202
190
190
188
174
174
186
174
174
170
158
158
174
162
162
165
154
152
167
157
155
146
136
134
159
149
147
170
160
158
197
189
186
186
178
175
193
185
182
187
179
176
194
189
185
172
167
163
197
183
182
205
191
190
214
200
199
220
206
205
218
204
203
213
202
200
213
202
200
214
204
202
209
199
197
202
194
192
209
201
199
197
189
187
209
201
199
196
191
188
206
201
198
202
197
193
212
204
201
214
206
203
212
204
201
205
197
194
204
194
192
204
194
192
197
187
185
187
177
175
222
211
209
209
198
196
197
183
182
189
175
174
186
172
171
187
173
172
195
181
180
201
190
188
184
174
173
198
190
188
210
202
200
210
202
200
205
197
195
202
194
192
200
192
190
197
189
187
200
192
190
182
174
172
171
163
161
178
170
168
185
177
175
185
177
175
186
178
176
192
182
181
194
182
182
185
173
175
192
180
182
178
168
169
180
170
171
170
160
159
176
166
165
157
149
147
157
149
147
159
151
149
176
168
166
159
154
151
168
163
160
167
162
159
176
171
167
153
148
144
185
167
165
194
176
174
208
190
188
216
201
198
214
199
196
208
194
191
208
194
191
211
200
196
196
185
181
194
184
182
200
190
188
196
188
185
203
195
192
199
191
188
202
194
191
200
192
189
208
200
197
207
199
196
202
194
191
194
186
183
189
179
177
185
175
173
179
169
167
172
162
160
202
191
189
201
190
188
202
188
187
198
184
183
188
174
173
183
169
168
190
176
175
198
187
185
179
169
168
195
187
185
207
199
197
204
196
194
200
192
190
202
194
192
203
195
193
201
193
191
197
189
187
180
172
170
167
159
157
169
161
159
175
167
165
177
169
167
179
171
169
183
175
173
179
169
170
176
164
166
191
181
182
182
172
173
188
178
179
184
174
175
196
188
186
184
176
174
170
162
160
158
150
148
151
146
143
138
133
130
144
139
136
161
156
153
183
178
174
179
174
170
187
168
164
186
167
163
189
170
166
192
174
170
190
172
168
183
168
163
184
169
164
189
176
170
189
176
170
194
183
179
199
188
184
210
201
196
208
199
194
212
203
198
204
195
190
202
195
189
181
173
170
181
173
170
184
176
173
189
181
178
193
183
181
193
183
181
195
185
183
198
188
186
188
177
175
189
178
176
196
182
181
202
188
187
203
189
188
203
189
188
208
194
193
215
204
202
230
220
219
223
215
213
203
195
193
177
169
167
168
160
158
180
172
170
193
185
183
197
189
187
206
198
196
203
195
193
200
192
190
200
192
190
199
191
189
197
189
187
196
188
186
196
188
186
203
193
194
194
183
187
202
191
195
187
176
180
187
177
178
180
170
171
190
181
182
178
169
170
178
173
170
177
172
169
179
174
171
184
179
176
166
162
159
165
161
158
157
153
150
149
145
142
206
187
181
195
176
170
186
167
161
186
167
161
185
168
161
185
168
161
188
173
166
195
180
173
177
164
158
192
179
173
194
183
177
218
207
201
209
200
195
217
208
203
201
192
187
200
191
186
208
200
197
205
197
194
207
199
196
211
203
200
209
199
197
200
190
188
199
189
187
204
194
192
205
194
192
209
198
196
214
200
199
207
193
192
193
179
178
188
174
173
201
187
186
218
207
205
203
193
192
209
201
199
209
201
199
202
194
192
202
194
192
202
194
192
190
182
180
173
165
163
174
166
164
186
178
176
198
190
188
201
193
191
198
190
188
196
188
186
194
186
184
193
184
185
202
191
195
191
180
184
198
187
191
186
175
179
194
184
185
195
185
186
210
201
202
199
190
191
185
180
177
187
182
179
186
181
178
198
193
190
165
161
158
161
157
154
148
144
141
148
144
141
