56
68
32
31
43
7
45
55
18
83
93
56
93
104
64
84
95
53
88
97
54
96
105
62
81
90
47
77
85
44
46
52
14
48
54
20
48
53
21
42
47
17
66
70
43
66
73
42
67
81
46
72
88
51
41
57
21
40
56
20
43
58
25
35
50
17
43
60
28
35
52
20
32
51
19
26
45
13
26
46
11
35
55
20
42
64
26
45
67
28
50
73
31
57
80
38
84
95
63
55
66
34
69
79
45
98
108
73
84
94
57
57
67
30
55
63
24
58
66
27
61
69
30
59
67
30
46
52
18
50
55
23
44
49
19
20
24
0
31
35
12
58
64
38
36
47
15
49
63
30
56
70
37
32
47
16
42
57
26
43
58
29
49
64
35
27
43
16
32
48
21
29
45
16
31
47
18
36
55
23
39
59
24
38
58
21
39
59
22
43
63
25
72
82
57
49
59
34
50
58
34
50
59
32
34
43
14
46
55
26
63
70
39
46
53
22
22
29
0
55
61
33
52
56
31
18
22
0
28
31
10
39
42
25
16
18
4
12
16
0
39
49
25
32
42
17
41
51
26
45
57
33
46
58
34
55
67
45
43
55
33
27
40
20
30
43
23
31
45
22
35
49
24
39
55
28
38
54
25
32
48
19
30
47
15
31
48
16
37
46
29
8
17
0
10
17
0
15
22
4
4
11
0
18
25
5
28
33
11
0
4
0
10
15
0
19
24
4
24
27
10
7
9
0
16
18
5
2
4
0
0
1
0
30
33
22
50
57
41
42
49
31
5
12
0
25
34
17
6
15
0
40
48
33
42
50
35
31
42
26
28
39
23
32
43
27
36
47
30
38
51
31
36
50
27
32
46
21
30
44
19
30
44
18
5
12
4
0
3
0
5
11
1
40
46
36
36
42
30
26
32
20
24
27
16
9
12
1
8
11
0
48
51
42
61
62
54
17
18
12
16
17
12
41
41
39
80
80
80
172
172
170
204
207
198
217
220
209
155
158
147
102
108
98
37
43
33
13
18
11
38
43
36
21
28
20
25
32
24
28
36
25
31
39
26
30
41
25
32
43
26
33
44
27
35
47
27
35
47
27
6
12
10
17
23
19
15
20
16
0
3
0
7
12
6
48
53
47
69
71
66
53
55
50
82
84
81
192
194
191
243
243
243
202
202
202
204
204
206
240
239
244
239
238
243
234
234
236
224
225
220
238
239
233
242
243
237
193
194
188
142
143
138
11
13
8
22
24
19
35
37
32
22
24
19
22
27
20
23
29
19
25
31
19
31
37
23
37
45
30
40
49
32
38
47
30
0
3
3
25
31
29
6
10
9
0
1
0
69
73
72
191
195
194
244
246
245
233
235
234
244
246
245
254
255
255
253
253
255
250
249
254
253
252
255
243
242
248
238
237
243
232
231
236
222
221
217
214
213
208
245
244
240
234
233
229
221
220
216
98
99
94
6
6
4
15
15
13
24
25
20
23
26
19
22
25
16
25
28
17
34
38
24
42
49
33
42
49
33
36
43
25
29
35
33
18
24
22
0
1
0
34
38
37
154
158
157
239
243
244
253
254
255
250
251
253
242
243
245
247
248
250
228
227
232
242
241
246
249
248
253
239
238
244
247
246
252
231
229
232
223
219
216
218
215
208
212
209
204
204
201
196
228
225
220
245
244
239
58
57
53
19
18
14
28
27
22
27
28
20
26
28
17
27
31
16
39
43
26
49
54
34
45
50
30
35
40
20
28
35
28
17
24
17
0
2
0
125
130
126
252
255
253
248
252
251
238
240
239
251
253
252
235
237
236
230
231
233
236
236
238
240
240
242
236
236
238
236
236
238
236
236
238
227
226
224
222
219
212
212
208
199
156
152
143
150
146
137
226
223
216
225
222
215
148
145
138
18
15
8
34
34
24
57
57
45
45
46
32
30
33
14
28
31
10
38
42
19
51
55
30
54
58
33
13
21
10
8
15
7
107
112
105
217
222
216
252
255
251
244
249
245
247
249
246
228
230
229
231
233
232
225
227
226
232
232
232
236
236
236
232
232
232
231
231
231
229
229
229
219
218
214
218
215
206
199
195
184
142
138
127
110
106
95
187
185
173
249
246
237
241
238
229
160
158
146
108
109
95
113
114
98
107
108
90
93
95
74
95
99
74
79
83
56
68
73
43
51
56
24
20
28
15
45
53
40
212
218
208
252
255
250
232
237
230
235
240
234
250
252
249
234
236
233
227
229
228
222
224
223
229
229
229
235
235
233
231
231
229
229
229
227
225
225
223
213
212
207
219
217
205
197
193
181
156
152
140
85
81
69
124
122
109
217
215
203
255
255
244
243
241
228
238
239
223
185
186
168
143
145
123
96
98
74
102
106
79
84
89
57
90
96
62
83
89
55
27
35
20
118
126
113
243
249
239
229
234
227
229
234
227
232
237
231
235
237
234
244
246
245
218
220
219
214
216
215
222
222
222
230
230
228
228
228
226
227
228
223
221
222
217
208
207
202
209
207
195
194
190
178
190
186
175
112
108
97
101
99
87
162
160
148
218
216
204
230
228
215
186
187
171
114
115
97
88
90
68
54
56
32
81
86
56
66
71
39
80
86
52
78
84
48
16
24
11
164
172
159
233
239
229
214
219
212
238
243
239
226
230
229
223
224
226
223
224
226
206
207
209
201
202
204
211
211
213
221
221
221
222
222
222
222
222
220
217
217
215
203
202
198
192
189
180
170
167
158
191
188
179
151
148
139
134
131
122
152
149
140
184
184
174
207
207
195
157
158
144
88
91
74
97
100
79
88
92
69
120
124
97
102
109
76
108
115
81
106
113
79
25
33
22
177
185
174
212
217
210
215
220
216
216
220
219
207
211
212
223
224
228
200
201
206
201
202
207
196
197
202
205
204
209
216
215
220
219
219
221
221
221
221
215
215
215
201
200
198
191
188
183
153
150
143
159
156
151
158
155
150
167
164
159
156
153
148
172
172
164
194
194
184
174
176
163
103
105
91
116
119
102
107
110
89
119
125
99
110
116
88
112
119
88
118
125
92
55
62
54
188
195
188
184
189
185
195
199
198
187
191
194
192
195
200
205
205
213
195
195
203
197
197
207
190
190
200
197
196
204
208
207
215
212
211
217
214
213
218
209
209
211
195
193
194
188
184
183
155
151
148
137
136
132
153
152
148
178
177
173
150
149
145
171
170
166
197
198
192
172
173
165
110
112
101
131
135
120
135
140
120
132
137
115
132
137
114
117
126
99
122
131
102
72
77
71
201
206
200
165
167
164
172
174
173
187
188
190
198
199
203
171
172
177
191
190
196
188
187
195
180
179
187
185
184
192
196
195
201
199
198
204
201
200
205
196
196
198
181
179
180
170
166
165
161
157
154
141
140
136
162
161
157
189
188
184
154
153
149
190
189
185
229
228
224
214
213
208
143
145
134
149
151
138
144
147
130
123
126
107
133
136
115
117
122
99
127
133
107
80
81
75
182
183
177
157
158
153
173
174
169
155
156
151
164
164
162
162
162
160
173
171
172
168
166
167
173
171
172
190
188
189
185
183
186
203
201
204
178
176
179
173
171
172
169
168
166
176
173
168
148
145
136
162
159
152
169
166
159
183
180
175
184
180
177
218
214
211
222
218
215
234
231
226
209
209
199
243
243
231
229
230
214
156
157
139
130
132
111
135
137
115
135
137
113
112
111
106
151
150
145
143
142
137
145
144
139
170
169
164
142
141
136
153
152
148
164
163
159
154
153
149
145
144
140
155
154
152
200
199
197
167
165
166
190
188
189
173
171
172
149
148
144
142
139
132
141
138
129
166
163
154
184
181
174
186
183
178
175
172
167
198
194
191
224
220
217
229
226
221
217
214
207
187
185
173
223
221
208
208
207
189
141
140
120
137
136
115
122
122
98
128
128
120
131
131
123
133
132
127
119
118
113
158
157
152
135
134
129
139
138
134
141
140
136
143
142
138
136
135
131
128
127
125
169
168
166
157
156
154
192
191
189
173
172
170
155
154
150
166
163
156
156
153
146
145
142
135
173
170
163
189
186
181
179
175
172
167
163
160
192
188
185
213
210
205
188
185
178
121
118
109
169
167
154
210
208
193
149
148
128
127
126
105
131
130
109
100
100
92
122
122
114
127
126
121
107
106
101
116
115
110
145
144
139
138
137
133
128
127
123
95
94
90
113
112
108
110
109
107
102
101
99
178
177
175
173
172
170
162
161
159
165
164
160
171
168
163
162
159
154
130
127
122
166
163
158
196
192
189
186
182
179
139
135
132
155
151
148
202
199
194
195
192
185
197
194
185
223
221
209
254
252
237
208
207
189
131
130
110
131
130
110
72
72
64
99
99
91
120
120
112
94
94
86
83
82
77
118
117
112
133
132
127
129
128
123
108
107
103
122
121
117
125
124
120
80
79
75
146
145
143
105
104
102
92
91
89
80
79
77
95
91
88
132
128
125
131
127
124
166
162
159
189
185
182
177
173
172
134
130
127
158
154
151
190
187
182
217
214
207
250
247
238
236
234
222
208
206
193
181
179
164
138
137
119
121
120
102
81
81
73
75
75
67
107
107
99
91
91
83
77
76
71
55
54
49
99
98
93
104
103
98
79
78
74
73
72
68
84
83
79
76
75
71
85
84
82
110
109
107
134
133
131
116
115
113
49
45
42
98
94
91
104
100
97
115
111
108
147
143
142
160
156
155
147
143
140
168
164
161
163
160
155
198
195
190
171
168
161
131
128
119
74
72
60
78
76
63
151
149
134
140
138
123
85
82
73
62
59
50
81
78
71
115
112
105
84
81
74
30
27
20
61
58
53
61
58
53
80
77
72
72
69
64
66
62
59
76
72
69
56
52
49
120
116
113
153
149
146
146
142
139
64
60
59
85
81
80
63
59
58
40
36
35
97
93
92
145
141
140
157
153
150
151
147
144
144
141
136
159
156
151
113
110
103
78
75
66
39
37
25
47
45
32
125
123
110
130
128
115
61
58
49
52
49
40
50
47
40
142
139
132
86
83
76
51
48
41
47
44
39
32
29
24
58
55
50
80
77
72
67
63
60
67
63
60
74
70
67
118
114
111
124
120
117
130
126
123
67
63
62
79
75
74
51
47
46
7
3
2
72
68
67
134
130
127
156
152
149
130
127
122
152
149
144
122
119
112
88
85
76
45
42
33
27
25
13
31
29
17
40
38
25
71
69
56
50
46
37
62
58
49
22
18
9
140
136
127
108
104
95
71
66
60
57
52
46
50
45
39
76
71
67
81
76
72
73
68
64
73
68
64
76
71
68
97
92
89
129
124
121
122
117
114
84
80
79
35
31
32
47
43
42
58
54
53
62
58
55
38
34
31
125
122
117
143
140
133
137
134
127
90
87
78
68
65
56
51
49
37
12
10
0
3
1
0
13
11
0
4
2
0
65
61
52
56
52
43
18
14
5
116
112
103
99
95
86
61
57
48
56
51
45
82
77
71
90
85
81
81
76
72
66
61
57
66
61
57
58
53
50
69
64
61
117
112
109
139
134
131
90
86
85
35
31
32
44
40
39
77
73
70
86
82
79
20
17
12
79
76
69
129
126
117
91
88
79
59
57
45
57
55
43
61
59
47
44
42
30
47
45
32
64
62
49
59
57
44
32
28
17
19
15
4
16
12
1
105
101
90
121
117
108
79
75
66
66
62
53
114
109
103
85
80
74
63
58
52
49
44
40
67
62
58
64
59
55
65
60
56
112
107
103
145
140
137
106
102
101
91
87
86
72
68
67
62
58
55
100
97
90
70
67
58
90
88
76
111
109
97
87
85
72
74
72
59
90
88
75
110
108
95
108
106
93
115
113
100
128
126
113
122
120
107
43
39
28
34
30
19
51
47
36
109
105
94
143
139
130
98
94
85
62
58
49
101
97
88
112
107
101
90
85
79
82
77
73
113
108
104
121
116
112
113
108
104
132
127
123
140
135
131
102
98
95
142
138
135
112
108
105
60
57
52
120
117
108
137
135
123
135
133
120
130
128
113
133
131
116
128
127
109
144
143
125
161
160
142
157
155
140
155
153
138
157
155
142
149
147
134
112
105
95
104
97
87
113
106
96
130
123
113
166
159
149
144
137
127
110
103
95
132
125
117
141
134
128
131
124
118
127
120
114
149
142
136
151
143
140
142
134
131
150
142
139
139
134
130
125
121
118
157
153
150
134
131
126
104
101
94
161
159
147
165
163
150
153
152
134
179
178
160
171
170
150
166
165
145
168
167
147
170
169
149
166
165
147
164
162
147
167
165
150
167
165
150
140
133
123
142
135
125
142
135
125
140
133
123
163
156
146
163
156
146
142
135
127
143
136
128
141
134
128
149
142
136
151
144
138
161
154
148
157
149
146
162
154
151
191
183
180
193
185
182
175
170
167
152
149
144
107
104
97
89
86
77
144
142
129
154
152
137
130
129
109
154
153
132
145
144
123
141
140
119
134
133
112
131
130
109
135
134
114
145
144
126
159
158
140
171
169
154
146
139
129
155
148
138
145
138
128
140
133
123
131
124
114
131
124
114
120
113
105
107
100
92
110
103
95
117
110
102
120
113
107
131
124
118
127
120
114
135
128
122
171
163
160
181
173
170
169
164
160
129
126
121
86
83
76
68
66
54
105
103
88
131
130
112
106
105
85
110
109
88
112
112
88
118
118
94
118
118
94
120
119
98
131
130
109
143
142
122
155
154
136
168
167
149
163
156
146
172
165
155
153
146
136
156
149
139
133
126
116
141
134
124
154
147
139
148
141
133
161
154
146
154
147
139
148
141
135
162
155
149
156
149
143
147
140
134
164
156
153
162
154
151
138
133
129
116
113
108
128
125
118
137
135
123
138
136
121
137
136
118
123
122
102
150
149
128
144
144
120
161
161
135
171
171
147
179
179
155
192
191
170
194
193
173
193
192
174
199
198
180
