68
85
41
70
85
42
73
85
45
68
79
39
81
89
52
123
127
94
124
125
94
73
73
47
69
71
47
60
63
42
64
71
53
82
93
77
85
102
86
67
87
75
52
76
63
51
74
58
50
64
41
49
59
32
52
62
37
55
65
41
101
110
89
146
155
138
113
124
108
66
77
61
60
73
56
79
92
75
81
94
76
90
103
83
92
107
84
89
105
79
100
116
89
94
110
83
81
95
70
78
91
71
96
107
90
124
136
114
146
157
125
157
170
124
151
167
102
131
148
77
114
133
67
130
147
93
80
96
60
77
92
69
121
139
117
108
128
101
85
110
70
98
124
77
98
121
75
94
115
70
97
120
74
91
114
68
101
127
82
78
104
59
80
105
63
63
88
46
79
101
62
117
137
99
76
94
56
81
97
60
73
87
52
117
128
94
65
75
41
96
106
72
68
85
41
66
83
39
73
88
47
78
89
49
91
99
62
119
125
91
108
111
82
55
58
31
46
48
26
49
52
31
65
72
54
85
98
81
87
104
88
72
93
78
66
90
76
74
97
79
67
81
58
32
42
17
33
43
18
70
80
56
116
125
104
118
130
110
67
78
61
36
47
31
60
73
56
69
82
64
51
64
44
48
63
40
59
75
49
69
85
58
91
107
78
100
116
87
72
86
61
39
53
30
43
54
37
95
107
85
149
163
130
169
185
140
148
167
103
113
133
62
115
136
71
87
107
54
59
76
42
91
109
85
123
142
120
103
126
97
88
113
71
84
110
62
107
130
84
107
130
84
105
128
82
82
108
63
91
117
72
86
111
69
107
132
90
107
132
90
121
143
104
92
112
74
59
77
39
72
88
51
72
86
51
108
119
85
82
92
58
88
98
64
78
96
54
67
84
42
70
85
44
75
87
47
83
91
54
101
106
74
88
93
63
44
48
23
34
38
15
47
52
32
71
80
61
87
101
84
82
100
84
67
90
74
71
95
81
89
112
94
74
89
66
26
39
13
29
41
17
75
87
63
114
126
104
98
111
91
46
59
41
30
43
25
68
81
63
71
86
67
35
50
29
22
40
16
41
60
32
54
73
43
76
95
65
93
109
80
65
79
53
40
54
31
50
63
45
103
116
96
147
164
132
163
182
137
151
175
115
131
156
90
103
127
65
73
97
45
74
95
62
107
127
102
94
116
91
82
106
74
103
129
82
97
124
73
112
138
91
110
136
91
97
123
78
69
96
53
85
112
69
96
123
80
107
134
93
107
132
92
118
140
101
72
92
54
75
92
56
77
93
57
62
76
41
91
102
68
97
107
73
80
87
54
70
88
46
59
77
35
68
85
43
77
92
53
75
85
50
79
86
53
68
74
46
36
42
16
38
43
21
50
57
37
70
82
62
83
98
79
76
95
76
66
89
71
75
102
85
98
121
103
76
91
68
47
59
35
46
58
34
61
75
52
85
98
78
85
100
79
52
67
48
38
53
34
50
65
46
59
77
55
30
48
24
29
47
21
54
73
43
60
79
47
68
87
55
74
93
61
90
106
77
89
103
77
106
119
99
127
142
121
136
155
127
144
167
125
145
173
115
136
166
102
80
110
50
93
121
72
112
137
105
119
143
117
88
111
83
79
103
67
104
131
80
93
120
65
105
131
84
113
140
97
107
134
91
80
108
67
90
118
77
99
127
86
89
117
76
92
119
78
78
103
63
86
108
69
117
137
100
101
117
81
57
71
36
87
97
63
100
107
74
85
92
59
46
67
26
48
66
26
72
88
49
86
100
64
74
85
51
69
78
47
62
71
42
40
48
24
50
58
35
55
64
43
65
78
58
75
92
73
76
97
78
77
102
83
89
116
97
108
133
112
82
100
76
58
72
47
50
64
41
49
64
41
67
82
61
77
95
73
51
69
47
36
54
32
24
42
20
40
60
35
31
51
24
47
67
39
76
97
64
79
101
65
77
99
63
68
90
54
109
126
92
114
129
100
117
132
109
114
132
110
119
142
114
138
166
126
133
166
113
103
139
78
75
110
54
113
146
99
129
158
127
138
164
137
127
152
122
97
122
82
84
112
53
71
99
38
118
146
98
128
156
115
122
153
111
97
128
87
96
127
86
97
128
87
75
106
65
100
128
88
88
113
74
118
140
102
124
144
107
110
126
90
69
83
47
94
104
69
86
93
59
100
107
73
48
69
28
48
68
30
69
87
49
73
89
53
56
70
37
62
73
43
76
86
59
71
81
56
71
80
59
66
79
59
69
84
63
77
96
76
84
107
87
89
114
93
92
120
98
100
125
103
83
103
78
51
67
41
49
64
41
66
84
60
91
109
85
92
111
89
64
83
61
56
76
51
51
71
46
57
80
52
59
82
53
80
104
72
96
120
84
98
122
86
99
124
85
78
100
62
76
94
56
93
110
76
101
119
93
95
114
92
106
131
102
139
169
133
139
175
125
106
143
89
102
139
87
136
171
128
137
168
137
145
173
148
141
168
135
94
120
75
82
108
43
106
135
69
155
184
136
122
154
113
90
122
81
79
111
70
97
129
88
102
134
93
60
91
50
91
119
79
138
164
125
126
148
110
89
109
72
91
107
70
80
94
58
90
100
65
65
72
38
103
110
76
58
78
40
57
77
39
69
86
50
64
80
44
44
59
28
57
70
42
80
93
67
80
92
68
75
89
66
71
86
65
73
91
69
84
106
85
96
120
98
97
122
100
88
116
93
81
109
84
72
94
69
58
76
52
78
96
72
104
124
99
121
141
116
113
135
110
90
112
87
95
118
90
96
119
90
88
113
81
90
115
83
107
133
98
103
129
92
106
132
93
115
141
102
83
108
68
57
75
35
84
102
64
107
126
98
106
128
103
112
138
111
140
171
137
149
187
140
128
166
115
130
168
119
145
182
141
127
160
131
122
150
125
116
142
107
89
115
67
109
134
66
146
173
106
136
168
119
82
117
77
46
81
41
63
98
58
101
136
96
110
142
103
55
86
45
102
130
90
151
178
137
113
138
98
87
107
69
80
96
57
81
96
57
72
82
45
61
69
32
96
102
66
50
70
33
57
77
40
78
95
59
76
93
59
57
72
43
60
74
48
67
81
56
53
67
44
59
74
53
58
76
54
68
87
65
88
110
87
105
129
105
105
131
106
90
118
93
77
106
78
65
87
62
83
103
78
122
142
117
132
152
125
125
148
120
118
141
112
107
130
101
118
141
112
106
131
99
89
115
80
95
121
86
111
137
100
94
122
82
100
128
88
118
146
105
80
107
64
84
105
60
102
120
80
121
140
110
126
149
121
130
156
127
145
176
142
143
178
135
120
158
109
137
175
128
134
169
129
102
132
104
91
117
90
98
122
86
113
137
87
135
158
88
129
155
84
70
99
51
43
75
38
46
78
41
86
118
79
114
146
107
111
143
104
72
103
62
156
184
144
126
153
112
106
131
89
124
145
104
93
110
68
80
95
54
59
70
30
75
83
44
93
99
61
56
73
39
69
86
52
74
91
57
74
91
59
79
93
67
73
87
62
62
76
53
61
76
55
53
68
47
44
61
42
42
61
39
84
106
83
102
126
102
103
129
102
109
138
110
70
96
67
55
80
51
95
118
90
133
156
128
115
138
109
116
139
110
93
117
85
104
129
97
111
137
102
113
139
104
81
107
70
103
131
93
105
133
93
87
115
75
93
121
81
94
125
84
111
138
95
126
148
101
133
152
107
134
154
119
131
151
123
134
157
128
153
180
145
130
161
117
136
168
121
133
164
120
136
164
126
99
123
97
106
128
103
106
128
92
80
100
49
115
137
65
126
149
79
87
115
67
75
105
71
69
99
63
100
130
94
112
142
104
116
146
108
133
164
123
108
136
95
106
133
92
109
132
90
113
134
91
71
88
44
59
74
31
62
73
31
95
104
61
90
99
56
74
89
56
75
90
59
68
83
52
69
84
55
82
96
71
81
95
72
68
83
62
63
78
59
46
63
44
35
52
33
63
82
60
91
113
90
95
119
93
96
122
93
89
115
86
74
101
70
74
97
68
78
101
72
91
114
85
86
110
78
99
123
91
79
103
69
88
114
79
102
128
91
101
127
90
69
95
56
100
128
88
108
136
96
91
119
79
121
149
111
140
170
132
137
164
121
129
152
100
137
155
107
119
137
99
134
151
119
133
152
122
152
172
137
145
168
124
124
148
100
127
148
105
134
154
117
91
109
83
107
123
97
109
125
89
96
112
63
128
148
77
97
120
50
67
93
46
84
111
78
84
111
76
105
133
95
116
144
106
107
135
95
108
136
95
94
121
78
83
108
66
85
108
64
80
101
56
95
112
67
72
88
41
85
98
52
83
95
47
89
98
51
82
95
65
77
90
60
63
76
48
58
72
46
69
83
60
69
82
62
60
75
56
61
75
58
43
60
42
36
53
34
89
108
86
100
122
97
88
111
83
94
119
89
83
108
76
94
119
87
82
106
74
54
75
44
43
64
31
61
82
49
96
120
84
88
112
76
91
116
77
104
129
90
108
134
95
80
106
67
112
138
99
119
145
106
97
125
87
131
158
123
153
180
145
130
157
116
148
171
117
151
169
117
118
135
93
132
146
111
110
121
87
138
150
112
166
178
132
137
149
99
130
139
94
117
125
88
93
99
73
135
143
119
120
130
96
93
105
57
119
136
66
88
109
40
54
77
31
96
120
86
92
116
82
95
119
83
113
139
100
94
121
80
75
102
59
77
103
58
81
107
60
85
109
61
85
107
58
111
129
79
103
120
68
122
136
85
105
118
65
90
103
50
79
90
60
79
89
62
68
78
53
58
70
46
58
70
50
51
64
46
50
63
46
59
73
56
48
62
45
64
81
63
114
131
112
112
132
107
88
108
81
96
120
88
103
127
93
108
132
96
67
89
53
41
63
27
34
56
20
66
88
50
112
134
96
111
136
96
103
128
88
108
133
93
95
120
80
81
108
67
99
125
86
105
131
94
92
118
83
105
132
99
116
143
110
103
129
90
133
156
102
139
158
102
141
157
112
149
159
122
90
96
58
126
128
88
154
154
104
140
138
87
135
133
85
125
121
84
135
131
106
150
148
125
98
101
70
97
104
60
109
124
59
84
100
35
77
94
50
107
126
94
71
91
56
49
69
32
85
107
68
82
105
63
64
87
43
88
111
65
96
120
72
103
125
76
117
137
86
94
112
60
113
130
76
124
139
84
121
134
78
72
85
29
80
89
62
79
88
61
71
79
55
68
77
56
70
79
62
59
70
54
52
64
50
61
73
59
58
72
57
105
119
102
130
147
128
124
142
118
92
111
83
93
114
83
118
140
104
95
117
79
57
77
40
75
95
58
90
110
72
110
130
92
120
141
100
113
136
94
100
123
81
106
129
87
86
111
69
84
109
69
79
104
65
89
113
77
95
120
88
92
117
87
104
129
100
124
148
112
132
155
99
113
133
74
136
148
102
125
130
89
50
48
7
115
108
62
138
127
73
164
149
94
161
145
96
172
154
116
189
173
148
122
111
91
49
45
18
124
126
86
120
130
69
65
79
18
98
111
68
100
114
81
43
58
25
12
28
0
63
81
43
84
102
62
72
93
48
105
127
80
107
130
78
111
134
80
121
142
86
89
108
52
93
111
53
93
108
49
88
104
42
42
58
0
78
84
58
75
80
57
69
74
52
74
81
61
85
92
76
74
82
69
59
69
58
60
72
60
71
83
71
122
136
119
136
151
132
123
141
117
84
103
75
79
98
66
108
128
93
74
94
56
84
104
66
134
155
114
158
179
138
153
174
131
118
139
96
101
122
79
90
113
69
105
128
84
109
132
90
94
119
79
68
93
54
73
97
63
81
105
73
75
100
71
100
124
98
126
150
114
125
148
92
92
110
50
122
132
82
117
118
74
47
40
0
126
110
61
132
111
54
179
152
96
209
181
131
192
164
125
178
154
130
104
86
66
40
30
5
130
130
92
119
128
71
72
83
25
86
94
55
80
89
58
56
67
33
47
59
23
87
102
63
102
119
77
82
101
56
100
122
73
125
148
94
123
144
88
114
135
76
121
141
80
86
106
43
79
98
34
57
73
10
49
65
0
67
71
48
75
79
56
80
85
63
87
91
74
85
91
77
67
75
62
56
66
55
66
76
67
80
92
80
105
117
103
121
136
117
102
117
94
62
78
51
66
83
51
94
111
75
90
108
70
130
148
108
163
181
139
162
180
138
151
170
125
113
134
89
106
127
82
96
117
72
113
134
89
119
142
98
83
105
66
58
80
42
64
85
52
50
73
44
62
85
57
103
125
102
94
115
82
82
105
49
85
103
41
137
145
94
172
171
125
100
87
42
141
119
69
127
96
39
162
127
69
220
183
131
178
143
103
130
98
73
119
94
74
70
55
32
117
114
79
120
127
73
95
106
50
95
101
63
89
94
62
105
112
79
107
117
82
111
123
85
111
126
85
98
115
70
114
134
83
134
155
99
125
146
89
116
136
75
127
147
84
89
110
45
79
98
32
65
84
16
71
90
22
57
61
46
83
87
72
104
108
93
103
107
92
81
85
71
51
57
45
53
59
47
80
88
77
89
97
84
79
90
74
105
116
99
76
90
67
40
55
26
58
75
41
88
106
68
123
141
99
156
173
129
151
168
123
118
135
90
117
134
89
108
127
81
122
141
95
110
129
84
120
138
96
125
146
105
75
95
58
68
88
53
86
105
75
60
80
52
94
114
89
152
171
149
99
121
85
84
110
47
106
127
58
140
149
94
182
178
131
100
81
38
124
93
46
139
100
41
191
147
86
185
138
82
176
132
87
110
73
44
129
101
80
88
72
49
116
113
80
136
146
96
99
112
59
140
147
105
120
124
87
143
147
110
132
138
100
102
110
71
104
115
73
122
135
92
156
172
127
119
135
86
110
127
75
116
133
78
88
106
48
79
99
36
65
86
21
82
103
36
74
93
27
56
62
60
95
101
97
122
127
120
106
109
100
65
69
55
52
54
40
70
72
58
93
95
81
93
95
82
89
93
78
72
79
61
60
70
46
61
74
44
72
88
51
104
123
78
147
165
117
143
160
108
103
117
64
118
135
83
122
138
89
123
139
92
118
134
89
94
111
69
130
146
107
103
119
83
89
104
71
90
106
77
105
121
94
141
157
131
156
171
148
131
149
125
127
149
110
100
132
57
116
143
62
133
144
84
175
168
122
144
119
79
120
81
38
149
98
41
209
154
89
199
141
78
176
123
69
109
65
30
75
43
18
116
101
78
94
94
66
81
98
53
104
122
72
145
153
104
119
122
75
144
147
102
142
145
102
101
106
66
101
107
69
112
118
80
107
115
78
119
127
88
101
112
70
78
89
46
68
82
33
73
90
36
102
121
65
70
90
29
87
107
46
62
70
70
88
97
92
105
112
104
99
105
93
68
72
57
71
74
57
74
77
60
73
74
58
79
80
66
67
69
55
55
59
42
61
69
46
77
90
60
92
108
71
116
135
90
146
164
114
123
138
83
90
104
45
130
145
88
149
163
110
127
141
92
99
112
68
81
93
53
119
133
97
80
94
59
75
88
58
97
110
82
125
138
112
148
160
136
134
148
123
88
102
77
72
90
48
69
100
22
129
157
72
115
125
65
168
159
116
155
126
92
167
123
84
193
138
84
218
158
95
187
127
64
197
142
86
153
108
69
106
75
47
109
94
71
94
97
68
94
111
69
114
133
85
143
151
100
107
109
59
130
132
85
142
143
99
110
112
72
100
102
65
100
104
71
100
104
71
91
97
63
69
75
41
70
78
39
82
93
50
90
104
55
115
132
80
104
123
67
86
107
50
56
68
56
65
77
63
74
85
68
91
100
79
68
76
52
87
92
69
74
79
57
53
56
37
56
58
44
40
44
30
40
46
32
70
79
62
101
113
89
115
130
99
122
139
103
132
151
105
106
121
64
102
116
54
156
170
109
153
166
110
99
111
61
77
89
43
71
82
42
90
102
66
71
82
50
76
87
57
101
112
82
111
121
94
121
131
104
117
130
102
82
95
65
65
80
37
80
102
29
155
173
97
98
103
49
161
149
111
189
160
130
229
186
152
229
177
129
214
159
102
172
118
56
192
142
89
171
129
91
129
99
71
114
100
74
127
126
98
127
139
99
131
147
100
112
118
70
72
74
25
96
97
53
119
120
78
99
101
62
89
90
56
92
96
63
102
105
74
89
94
62
72
78
44
88
96
59
98
109
67
84
97
51
84
100
51
102
121
66
61
80
25
48
63
40
48
62
39
59
72
46
92
105
77
67
78
48
74
83
54
56
61
38
38
43
23
54
58
43
39
45
33
53
61
48
92
100
85
115
127
107
117
131
106
111
128
96
107
124
80
99
115
53
130
145
78
173
187
125
120
134
75
53
65
15
79
88
45
95
103
66
71
81
47
71
80
51
82
91
64
96
105
76
76
85
56
71
80
49
96
105
74
97
107
73
92
101
56
132
144
78
174
181
114
112
108
61
160
144
111
209
179
153
219
178
148
190
143
101
193
143
92
190
143
87
168
125
74
138
103
65
115
88
59
114
98
73
140
136
107
119
127
88
95
104
59
82
85
40
60
61
17
86
87
45
97
97
59
77
79
42
77
78
44
89
92
61
107
110
81
92
97
67
86
93
60
88
98
61
90
101
61
88
101
58
73
89
42
101
117
68
60
77
25
53
68
39
48
63
32
67
81
48
101
115
80
72
84
48
49
59
25
32
41
12
35
43
20
66
73
57
58
64
52
78
86
75
106
114
101
109
120
103
108
122
99
109
123
97
105
120
79
102
116
54
141
154
84
166
178
114
98
109
51
42
52
2
95
102
61
126
132
98
86
90
63
83
87
62
76
80
57
90
92
68
72
75
46
52
55
24
70
74
39
93
97
60
115
118
71
183
182
125
163
156
101
129
114
75
153
129
103
205
173
152
158
120
97
109
69
33
162
121
77
180
139
91
104
67
22
69
39
3
73
50
19
106
90
64
130
123
94
98
98
62
66
68
28
73
74
32
87
85
46
117
117
79
101
101
65
69
70
38
75
76
45
86
89
60
97
100
73
100
104
77
105
112
81
85
95
61
77
87
52
101
112
72
82
95
52
91
104
60
60
73
27
59
70
40
60
71
39
80
91
57
100
110
75
89
99
64
50
57
24
41
47
19
61
66
44
69
73
58
66
69
58
87
90
81
101
107
95
97
104
88
111
119
96
130
140
113
128
139
97
118
130
68
138
149
81
149
159
98
108
117
62
68
74
28
95
99
64
121
124
97
101
100
79
116
115
95
76
73
54
88
86
65
101
97
72
80
77
46
80
77
42
117
115
76
173
166
120
212
199
147
139
118
71
109
84
53
138
107
86
220
187
170
167
132
113
100
65
37
152
118
83
168
136
97
65
37
0
45
20
0
56
37
7
109
93
67
106
95
67
74
68
34
60
56
19
58
56
18
99
97
59
136
136
100
104
104
70
70
71
40
84
84
56
87
90
63
83
87
62
71
77
51
103
109
81
98
107
76
80
90
56
85
95
58
69
80
40
70
81
39
70
81
39
76
80
55
81
85
60
91
96
66
82
87
55
109
112
81
70
73
44
68
68
44
82
81
63
76
74
61
73
71
59
92
89
80
96
97
83
87
88
70
110
112
88
131
134
103
116
121
80
120
128
69
131
140
77
138
146
89
124
128
78
90
92
53
83
82
54
100
97
78
104
98
84
136
128
117
90
80
68
109
97
81
131
120
100
122
111
83
130
120
85
169
157
119
217
200
157
218
189
145
158
123
85
109
74
46
152
115
97
246
210
198
225
191
179
163
132
112
174
148
123
197
174
142
90
70
37
85
66
34
77
60
30
129
114
85
85
71
42
49
36
4
45
36
3
43
38
6
86
83
50
116
115
84
84
83
53
65
65
37
86
89
62
87
89
65
78
82
59
46
51
28
70
76
50
91
97
69
83
90
59
63
70
37
78
85
51
81
89
52
89
97
60
105
102
85
110
107
90
104
102
81
67
65
42
120
115
93
86
81
61
79
74
55
79
71
58
96
88
77
92
83
74
105
97
86
102
94
79
85
79
57
100
95
65
106
102
65
71
68
23
103
106
51
123
128
72
132
134
85
123
124
84
97
94
63
78
72
50
95
85
73
111
98
90
124
109
102
103
86
78
133
115
103
152
133
116
151
131
106
175
154
123
193
173
136
202
174
135
209
167
129
209
160
127
155
109
85
191
148
131
247
209
198
249
216
207
210
184
171
203
182
165
190
174
151
91
77
50
103
89
60
90
76
47
156
141
112
98
83
54
63
46
18
65
51
22
48
41
12
77
73
44
94
93
65
63
62
34
55
55
29
82
84
60
82
86
63
75
79
56
98
103
80
69
74
51
77
83
57
79
83
56
56
61
31
102
105
76
84
87
56
57
60
29
106
92
89
112
99
93
83
70
62
75
63
51
92
80
68
90
78
66
82
70
58
77
63
54
104
89
82
85
71
62
107
90
80
101
85
69
92
76
50
94
80
45
77
64
20
80
69
23
98
94
46
126
125
79
112
108
70
93
88
58
80
72
51
88
76
62
119
102
95
110
91
87
95
71
69
121
96
92
156
129
120
186
158
144
211
183
161
229
199
171
232
202
168
232
194
157
253
199
163
235
174
143
241
185
160
230
182
162
238
198
186
212
179
170
201
178
172
198
181
173
187
175
161
108
97
79
85
75
48
103
92
62
155
140
109
80
63
33
63
43
18
83
65
41
70
60
35
84
80
55
46
44
19
45
43
20
48
48
24
79
81
59
89
93
70
100
105
83
98
103
81
51
56
33
62
66
43
58
62
37
91
93
69
96
96
70
67
67
41
34
34
6
96
75
80
96
75
80
78
58
59
71
51
50
102
83
79
118
99
93
93
74
68
73
54
48
123
102
97
85
65
58
92
69
59
104
83
64
96
75
46
96
74
35
102
81
34
111
95
46
116
107
66
104
98
64
91
82
53
112
100
78
113
97
82
99
81
71
132
108
104
158
130
129
194
164
162
206
172
170
214
180
171
222
185
169
229
191
168
239
199
171
241
201
166
243
195
159
238
174
138
235
166
133
232
171
140
227
172
149
232
189
173
206
173
164
175
154
151
164
148
148
118
109
104
78
70
57
73
67
43
89
80
49
142
129
97
84
65
35
77
55
32
107
86
65
79
67
45
63
57
35
62
57
35
55
53
30
41
40
19
75
79
56
74
79
57
89
94
72
84
89
67
54
59
37
60
64
41
67
69
47
81
81
57
105
103
80
67
65
42
25
20
0
71
45
58
71
45
56
78
55
63
68
46
49
96
74
76
121
100
99
86
65
64
74
50
50
117
93
93
87
62
58
85
58
49
109
83
66
112
87
57
127
102
62
160
134
85
148
126
79
121
106
73
96
84
60
82
67
48
102
85
69
108
86
73
108
84
74
165
136
130
224
191
186
236
198
193
236
196
188
231
187
174
224
179
158
222
175
149
226
177
145
230
180
145
235
177
139
231
159
119
245
170
131
228
160
123
226
170
137
228
183
162
207
175
164
154
132
134
130
115
120
40
31
32
46
42
33
72
67
45
95
88
59
147
134
100
89
72
42
75
50
30
102
79
63
73
60
41
35
28
9
67
62
42
71
69
48
63
62
41
102
106
83
90
95
72
108
116
92
73
81
57
58
63
40
54
58
35
59
61
39
44
43
22
93
91
70
80
73
54
46
39
20
65
39
52
66
40
51
101
75
84
86
63
69
89
67
69
105
85
86
77
55
57
89
67
69
108
83
86
105
79
80
101
73
69
122
94
80
135
108
81
173
145
108
205
177
130
150
125
84
94
74
49
112
93
78
113
91
78
95
71
59
96
68
57
137
107
96
209
175
163
255
217
205
229
186
170
231
184
166
230
180
157
228
174
146
227
172
141
229
170
136
230
170
133
234
169
127
236
158
112
255
179
132
223
152
106
223
164
124
221
174
146
208
175
160
147
122
126
108
92
103
29
19
27
41
37
34
67
64
45
99
94
64
150
140
105
94
77
47
64
41
23
86
64
50
77
64
47
50
41
23
67
60
41
80
78
57
105
104
83
124
128
105
98
103
80
114
122
98
58
66
42
48
53
30
53
57
34
53
55
33
32
30
9
73
68
48
92
83
65
77
66
48
95
72
80
83
60
66
119
99
101
107
87
88
92
74
74
96
78
78
78
59
61
104
85
89
111
90
95
115
93
96
107
83
81
122
98
88
138
111
90
167
140
110
182
154
115
118
92
57
70
44
27
122
98
88
144
117
106
112
82
71
121
89
74
191
156
137
237
199
178
244
199
176
224
177
151
227
176
145
230
174
141
233
173
136
234
171
130
231
166
124
230
163
120
233
161
113
244
163
110
255
179
123
213
141
83
212
150
101
209
161
125
202
165
147
151
124
129
99
81
95
70
59
73
52
48
49
53
50
33
90
85
55
140
132
96
98
83
54
70
49
32
93
70
60
97
84
68
102
93
75
69
62
43
74
72
51
131
133
109
114
118
93
69
75
49
73
82
55
35
44
17
24
30
4
43
47
22
52
52
28
57
52
32
63
56
37
90
79
61
74
61
44
121
103
103
96
78
78
108
93
90
100
85
82
87
73
70
92
78
75
83
69
69
94
79
84
95
78
86
91
72
78
84
64
66
101
77
73
115
91
78
123
97
74
122
96
63
97
70
41
83
55
43
116
87
81
132
102
92
111
79
66
145
110
91
222
184
161
245
201
172
229
183
149
220
168
129
219
164
123
222
161
116
224
160
114
226
158
109
226
154
104
227
153
104
233
156
102
252
168
108
253
169
105
207
133
68
206
144
85
204
155
114
198
160
139
172
143
148
105
87
103
87
76
92
55
50
54
52
49
32
96
92
63
136
127
94
106
92
63
79
60
45
88
68
59
89
76
60
124
115
97
73
66
47
58
56
35
132
134
110
103
107
82
52
58
32
49
58
31
31
40
13
22
28
2
28
32
7
37
37
13
66
61
41
56
47
29
79
66
49
63
50
33
126
113
105
110
97
88
103
93
83
89
81
70
80
71
62
96
89
83
103
95
93
89
78
82
65
52
61
75
59
69
83
66
72
85
65
66
101
78
70
103
80
64
92
68
44
105
78
57
98
70
59
106
75
70
114
82
71
102
69
52
150
114
90
232
191
161
243
197
161
228
179
136
219
165
118
217
160
107
220
157
103
226
160
102
231
160
104
232
157
100
236
159
103
245
165
106
255
167
103
238
154
84
206
132
59
209
145
81
210
159
112
198
160
137
197
168
172
120
98
118
84
71
89
62
55
62
73
70
53
111
107
78
121
115
81
99
88
58
75
57
43
65
47
37
61
48
32
103
94
76
86
80
58
44
42
19
104
106
82
95
99
74
48
54
26
45
54
25
41
50
21
68
74
46
58
62
37
58
58
34
71
65
43
64
53
33
77
64
47
80
64
48
132
118
107
136
124
112
122
112
100
101
93
80
87
79
68
113
106
96
137
130
124
109
99
98
54
43
47
93
80
87
116
101
106
91
75
76
103
84
80
117
97
88
96
74
61
117
93
80
87
58
50
104
71
64
123
89
77
114
77
59
161
121
96
240
197
165
244
196
158
226
173
129
214
156
106
213
152
97
218
153
95
227
158
99
230
158
99
229
153
93
231
152
93
237
155
95
248
159
99
221
136
72
203
125
59
209
145
84
213
162
117
199
159
133
211
183
179
124
107
115
91
81
92
76
74
77
89
90
76
107
105
82
90
83
55
81
66
43
72
49
39
54
34
25
50
38
24
83
76
58
104
99
80
36
34
13
68
67
46
77
79
57
31
35
10
31
35
10
45
49
24
122
126
101
117
121
96
114
116
92
91
89
66
80
75
53
79
73
51
93
87
65
106
86
79
153
134
127
139
121
111
145
128
118
99
85
74
97
85
73
125
112
103
115
102
94
88
77
71
106
95
91
128
117
115
86
72
71
112
98
97
120
104
104
102
86
86
114
94
93
92
63
57
96
62
52
116
78
67
134
95
80
148
105
86
220
173
147
242
189
157
243
185
148
226
165
121
220
156
108
219
152
99
228
157
101
236
161
103
232
156
96
228
150
88
230
148
90
244
153
108
224
135
93
186
105
62
225
156
114
207
153
115
189
150
119
188
166
145
153
143
131
118
118
110
89
94
88
97
103
93
78
78
68
81
71
59
58
38
27
56
27
19
62
35
26
89
81
68
87
88
74
108
106
91
43
41
26
51
48
31
47
44
27
46
43
24
20
18
0
65
63
42
65
65
41
73
75
51
112
116
89
87
93
65
86
95
66
84
95
65
80
91
61
137
117
110
162
143
136
127
108
101
125
108
98
92
78
67
91
79
65
117
105
91
112
103
88
128
120
107
117
109
98
88
79
72
85
76
71
101
91
90
80
70
71
107
96
100
101
85
86
135
108
101
127
93
81
135
97
84
138
99
82
139
96
77
213
165
142
240
187
156
236
178
141
212
150
109
214
148
100
211
141
89
216
144
86
229
153
93
226
148
84
221
142
75
227
145
85
240
152
106
214
126
88
176
97
58
216
148
111
193
139
105
167
130
101
171
151
127
152
145
127
132
135
124
103
110
103
93
100
93
61
62
56
47
37
28
49
27
14
71
39
24
95
68
51
96
87
72
102
103
89
97
95
80
50
47
32
44
38
24
31
25
9
55
50
31
38
33
14
87
85
64
64
64
40
71
75
48
70
79
50
81
92
60
68
83
50
84
101
67
64
84
49
136
121
114
162
147
140
129
116
107
111
101
91
70
60
48
49
41
28
77
71
55
99
96
79
115
112
97
105
103
90
92
90
78
106
103
94
110
105
99
86
81
77
109
104
101
95
84
80
148
124
114
135
103
90
138
105
88
138
101
82
131
91
66
212
167
138
242
192
159
229
174
135
199
138
93
208
142
90
201
132
75
203
129
68
220
142
76
217
138
69
211
131
58
226
143
75
242
158
98
210
129
74
178
102
52
212
148
104
181
128
94
146
109
83
142
120
106
128
119
112
115
115
113
93
99
99
86
91
87
70
70
60
51
42
24
68
48
21
73
45
8
82
56
21
95
83
61
83
77
61
59
53
37
62
56
40
55
49
33
25
20
1
58
55
36
70
69
48
80
82
60
60
64
39
65
71
43
50
61
31
68
81
51
73
88
57
92
109
77
78
95
63
88
77
71
116
106
97
108
99
90
103
97
85
74
70
58
46
44
29
69
70
52
105
106
88
108
111
94
123
126
109
153
155
141
123
125
112
108
108
98
104
104
94
77
77
69
87
78
69
135
113
99
126
97
79
136
105
85
138
104
79
134
94
68
218
175
143
246
198
160
221
168
126
194
136
88
204
143
88
194
128
68
191
120
56
208
133
65
207
130
58
201
123
48
216
138
63
229
151
79
204
129
62
182
113
54
212
151
104
182
132
99
156
119
100
138
115
109
111
101
102
108
107
115
89
92
99
89
93
92
106
107
93
101
94
65
133
116
72
109
84
28
88
62
11
99
82
54
83
70
53
65
54
36
67
58
40
62
55
36
55
53
32
65
64
43
73
77
52
82
88
62
82
91
64
70
83
53
66
81
50
53
68
37
83
100
68
74
91
59
75
92
60
92
85
79
95
88
80
96
92
81
106
104
92
104
105
91
80
83
66
88
93
73
100
107
87
112
119
99
140
149
128
147
154
136
105
112
94
104
108
93
117
119
105
94
96
83
131
125
111
130
109
90
130
102
80
138
108
82
135
101
73
135
99
67
221
181
145
240
195
154
209
161
115
192
139
87
196
139
83
184
122
61
176
111
45
187
118
49
191
119
47
189
115
42
198
125
48
198
130
47
186
121
41
177
114
47
203
147
96
191
145
112
196
159
143
169
144
147
123
111
123
100
98
112
72
74
86
74
76
75
98
99
81
105
100
60
158
143
84
154
132
57
137
114
46
117
94
60
113
95
75
123
106
86
74
62
40
57
51
27
88
86
61
70
74
47
71
82
52
111
124
94
103
120
88
84
100
71
66
85
55
52
71
41
80
96
67
48
64
35
44
60
31
114
107
101
102
98
89
120
118
106
124
124
112
114
116
102
95
99
84
112
119
101
120
129
108
107
119
97
134
144
120
93
103
79
104
112
89
125
130
110
136
139
120
155
156
138
174
167
148
124
100
74
138
104
76
133
100
69
118
83
51
133
95
59
221
182
143
232
189
147
204
160
113
182
135
83
173
122
67
163
108
51
156
97
37
158
97
34
169
105
41
175
110
44
171
107
35
175
114
33
168
109
29
166
111
44
193
141
91
195
150
119
217
181
169
181
156
162
123
109
124
65
60
80
41
40
54
63
65
64
84
83
63
86
82
37
136
125
59
167
149
65
175
151
77
130
105
65
102
77
55
140
120
96
101
87
61
80
73
45
82
82
54
68
77
46
119
134
103
108
127
95
78
99
66
70
94
62
35
56
25
70
91
60
82
101
71
59
75
46
45
61
34
103
94
87
90
83
75
130
126
115
126
124
112
96
98
84
85
89
74
126
133
115
137
146
125
112
122
98
115
125
100
90
98
74
118
123
100
121
123
101
153
152
131
171
169
148
142
130
104
122
91
60
151
111
76
136
96
61
113
73
37
137
98
59
224
182
142
221
179
137
198
155
112
166
123
78
141
97
50
136
90
41
133
85
36
127
77
26
147
95
45
162
111
58
145
93
35
147
94
24
140
90
19
154
104
45
188
141
97
190
150
122
202
170
159
149
126
132
89
75
90
41
34
50
29
27
40
87
87
85
112
111
91
108
104
59
129
118
54
164
147
65
174
150
76
149
120
80
97
67
43
135
111
85
126
111
82
119
112
83
70
74
41
67
78
44
131
148
114
67
91
55
43
69
34
52
77
45
25
50
18
74
94
66
90
109
81
69
85
58
72
88
62
133
120
114
96
86
77
130
121
112
115
108
98
76
74
61
61
62
46
92
97
77
79
86
66
88
96
73
73
78
55
108
112
87
108
111
84
86
84
59
176
172
147
175
169
143
125
105
78
137
97
62
176
127
87
156
108
70
124
79
40
152
108
69
228
186
146
208
169
130
184
145
106
153
115
76
117
82
44
114
79
41
114
78
42
103
67
31
131
93
57
152
114
78
127
88
47
110
67
14
108
63
8
136
92
45
185
145
109
187
151
127
184
154
144
117
95
97
57
44
53
28
22
34
18
17
23
97
98
93
127
126
106
125
120
80
120
109
53
145
128
56
143
120
53
172
140
102
144
112
87
159
135
107
130
115
84
132
127
95
81
85
52
71
85
50
68
88
51
41
67
30
44
71
36
52
79
46
51
76
46
56
79
50
87
105
79
50
66
40
80
96
70
130
111
105
103
86
78
84
71
62
76
66
56
65
57
46
76
73
58
92
91
73
80
81
63
92
94
73
80
82
58
95
93
68
83
79
52
96
89
61
142
130
104
146
132
105
159
132
102
172
122
85
174
115
73
150
92
52
109
55
17
151
103
65
219
175
140
198
160
124
161
126
94
147
116
87
114
87
60
153
129
105
182
160
137
98
75
57
83
62
45
100
78
64
113
88
68
113
80
49
105
67
31
98
62
30
159
123
97
154
121
102
161
133
122
82
61
56
41
27
27
19
13
15
38
36
37
112
112
104
120
117
100
115
108
79
120
107
65
131
111
60
110
87
37
107
77
43
127
97
69
92
69
38
119
104
73
110
105
73
100
106
72
52
66
31
58
80
42
17
43
6
67
97
61
49
76
43
53
78
48
61
84
56
46
64
38
77
92
69
94
108
85
126
103
95
85
65
56
86
68
58
83
69
58
79
67
55
137
129
114
120
114
98
126
123
104
109
107
86
101
96
74
53
47
23
67
57
30
102
88
61
155
138
110
147
126
99
141
108
77
187
132
93
177
112
70
157
95
56
104
49
10
157
107
72
220
177
143
192
157
127
169
139
113
158
136
113
110
91
74
163
147
134
194
181
172
120
109
103
61
51
49
73
63
64
81
67
64
92
65
54
110
79
61
130
99
81
164
133
115
148
119
105
136
110
97
65
45
34
41
28
20
24
17
11
64
61
54
104
101
92
98
95
80
146
138
115
160
145
116
127
107
72
96
72
36
110
83
53
159
133
106
132
113
83
103
92
60
86
83
50
112
118
84
82
96
61
53
75
39
70
96
61
93
120
87
65
90
60
54
79
49
71
91
64
65
83
57
61
76
53
57
71
48
154
127
118
120
96
86
104
81
71
127
109
97
118
104
91
168
156
140
137
130
112
124
119
100
99
94
74
164
158
136
122
112
87
124
110
84
108
88
63
122
98
72
131
104
77
166
127
96
188
130
92
172
107
67
153
91
52
101
47
9
165
119
85
207
168
137
178
146
121
159
137
114
133
117
101
141
131
121
126
119
113
93
89
88
111
110
115
69
68
76
62
62
74
93
87
97
90
71
73
113
88
84
138
113
106
142
115
106
146
120
107
125
101
88
56
39
23
38
26
12
25
19
7
76
72
61
110
108
96
76
72
60
109
100
85
139
124
105
128
107
86
99
77
53
106
86
59
127
110
82
126
112
83
109
103
71
90
91
57
97
104
70
82
96
61
69
86
52
78
99
66
94
118
86
75
98
69
64
84
56
77
95
69
79
95
69
71
85
62
66
80
57
146
118
106
128
102
89
76
52
39
130
111
96
136
120
104
135
123
107
157
150
132
120
113
94
115
109
87
200
192
169
190
178
154
180
164
139
172
150
126
152
126
101
128
98
72
151
112
81
168
112
77
164
102
65
128
72
35
104
56
20
168
127
95
172
138
110
156
132
108
132
115
97
90
81
66
156
152
143
129
128
126
86
87
91
122
125
134
88
92
104
65
68
83
98
97
111
104
93
101
128
109
111
144
125
121
118
98
91
136
114
101
108
89
74
60
43
27
50
37
21
35
27
14
57
53
41
105
101
90
66
59
49
54
44
32
109
93
80
153
131
117
124
106
86
121
107
81
94
85
56
101
96
66
108
107
76
102
105
74
90
97
64
85
96
64
94
109
78
78
94
65
87
106
78
60
79
51
74
90
64
89
105
79
78
92
67
82
96
73
72
86
63
164
138
121
129
103
86
86
65
48
116
99
81
132
119
100
104
95
77
157
152
132
135
130
110
129
124
102
171
165
141
191
179
155
159
143
118
193
171
147
180
154
129
140
108
83
139
102
73
146
100
67
150
100
67
94
49
16
106
67
34
151
120
91
124
100
72
135
119
96
107
98
80
130
127
112
150
150
140
150
152
147
156
160
161
103
108
112
70
74
83
88
92
103
114
114
124
97
90
95
136
124
124
152
139
133
116
99
91
118
100
86
79
62
46
69
53
37
75
61
48
43
33
23
52
45
35
86
82
71
68
61
51
90
80
68
141
125
110
165
146
129
139
122
102
129
125
98
103
104
73
99
102
71
79
84
54
88
93
63
115
121
93
107
116
87
95
105
78
117
127
100
101
114
88
44
56
32
81
93
69
104
116
94
69
83
60
72
86
63
38
52
29
185
163
142
133
111
90
150
132
110
129
114
93
138
127
105
119
113
91
130
128
107
128
126
105
138
136
113
136
130
106
153
143
118
87
71
46
116
96
71
136
110
85
150
120
94
164
129
101
138
98
70
131
92
61
72
39
8
106
76
48
117
96
67
91
75
49
115
107
84
103
101
80
146
147
131
143
147
133
102
105
96
107
112
106
65
69
68
67
68
72
101
102
107
121
120
125
68
67
63
111
106
100
116
107
98
107
95
83
110
94
79
68
50
36
87
71
58
83
69
58
28
18
9
79
70
63
94
87
79
80
73
63
158
149
134
166
153
136
127
109
87
124
112
86
99
102
73
83
94
64
83
92
63
68
77
48
85
91
63
126
132
106
96
102
76
82
87
64
122
127
104
105
110
87
60
68
45
93
103
79
102
111
90
67
79
57
70
82
60
42
56
33
143
123
99
117
99
75
159
143
118
124
112
88
124
118
94
138
136
113
134
134
110
126
128
104
138
138
114
112
110
85
110
103
77
70
58
32
84
67
41
126
102
76
167
140
113
147
117
89
128
98
72
97
70
43
69
45
19
109
92
66
87
73
47
82
75
49
90
88
63
107
109
87
90
95
75
118
122
105
77
81
67
83
86
75
99
100
92
82
81
76
87
83
80
89
86
79
61
62
48
100
101
83
85
80
61
106
97
80
100
87
71
55
39
26
100
83
75
81
66
61
18
7
5
92
82
80
100
93
87
76
67
58
156
147
130
149
137
113
93
78
47
101
92
59
94
103
72
77
93
64
74
89
60
83
96
68
95
104
77
124
129
106
78
82
59
100
104
81
98
100
79
85
87
66
91
94
73
93
98
76
90
97
77
90
99
78
78
90
68
74
86
64
135
120
87
146
133
99
145
131
102
118
107
79
105
98
72
141
136
114
167
164
145
139
141
120
76
78
57
100
99
79
129
124
102
141
134
108
116
100
74
138
114
86
181
151
123
131
99
74
119
91
70
70
44
27
74
56
34
116
104
80
69
63
37
85
85
59
67
71
46
107
112
89
93
100
80
95
102
86
116
120
106
154
156
145
139
136
127
62
57
51
87
83
74
88
86
73
73
76
55
125
129
106
100
99
78
126
121
102
80
70
58
22
8
0
95
80
75
90
75
72
32
18
17
76
65
61
83
73
63
55
43
27
121
106
83
138
123
92
107
89
53
92
82
46
144
149
117
133
146
118
108
118
91
97
106
79
95
100
77
138
142
119
97
99
77
143
142
121
104
103
83
72
71
51
103
105
84
78
81
60
87
90
69
127
132
110
81
89
66
75
83
60
106
100
50
141
134
88
164
152
112
157
142
111
139
123
100
121
105
90
169
159
149
173
166
158
125
125
115
127
129
116
141
142
126
128
123
103
107
93
67
172
146
119
167
132
102
138
100
77
112
78
68
57
28
20
94
75
61
104
93
73
82
80
55
79
85
57
73
83
56
93
103
79
66
73
57
84
87
76
141
142
136
165
162
157
104
101
96
63
58
54
87
83
74
99
97
84
98
102
79
119
123
100
102
103
85
107
105
93
62
55
49
24
14
13
73
61
61
88
74
73
14
0
0
79
63
48
138
121
101
136
116
89
168
148
115
156
134
95
133
110
69
123
103
66
164
155
124
149
143
117
145
139
115
110
106
81
102
97
75
114
109
87
101
99
78
114
113
92
79
78
57
80
79
58
77
76
55
69
69
45
106
106
82
139
139
113
100
100
74
59
59
33
141
140
84
149
146
95
184
172
130
170
155
122
198
180
158
155
135
124
164
149
142
137
127
125
102
101
96
110
111
103
125
127
113
110
107
88
112
97
74
165
139
112
162
125
98
140
99
77
93
56
48
83
54
50
100
82
70
80
71
53
88
91
64
117
128
98
72
87
58
96
110
85
92
101
84
104
107
96
113
112
107
155
151
148
103
98
94
73
68
62
72
70
58
109
110
92
145
149
124
135
140
117
145
148
131
142
142
132
49
45
42
4
0
0
82
72
73
71
60
58
34
20
9
108
91
73
141
124
98
121
101
68
141
119
80
172
149
108
172
147
106
129
107
70
126
111
82
115
103
77
122
110
86
94
83
61
63
55
34
76
70
48
79
74
54
59
57
36
76
75
54
92
90
69
89
87
64
108
103
81
81
77
52
73
69
42
103
99
70
46
41
12
130
130
80
140
136
89
157
147
109
128
113
82
163
145
123
150
132
118
132
118
109
109
100
93
123
123
115
121
123
112
119
120
106
100
95
76
134
119
98
166
140
117
152
116
92
123
85
66
77
44
35
114
89
82
96
80
65
55
50
28
96
103
72
157
171
136
87
104
70
114
130
101
164
176
154
168
175
159
136
138
125
131
128
119
93
89
80
67
63
51
88
86
71
131
133
112
140
144
117
127
133
107
103
106
89
82
82
72
52
48
45
9
3
5
75
66
67
68
58
56
23
10
1
49
36
19
83
69
43
144
128
95
135
117
81
120
100
63
140
120
83
140
121
88
88
74
45
83
73
46
105
95
70
111
103
80
75
69
47
73
68
46
90
88
67
58
56
35
66
64
43
85
83
62
84
79
57
100
95
73
68
62
38
54
48
22
110
105
76
99
92
64
110
109
65
146
143
102
134
126
90
101
87
58
107
91
68
167
151
135
149
137
125
169
161
150
151
149
137
135
136
122
109
110
94
96
90
74
164
149
130
177
151
134
147
112
93
106
70
54
82
53
45
124
104
95
64
53
35
42
42
16
84
95
61
142
160
122
91
111
74
108
125
91
131
144
118
154
161
141
169
172
155
122
123
109
104
102
87
63
62
44
120
119
99
115
117
93
104
110
82
105
111
85
73
78
58
43
45
34
56
55
51
25
21
22
79
73
73
60
52
49
7
0
0
52
43
26
106
96
71
193
182
152
148
135
101
106
91
58
125
110
77
118
105
73
57
48
19
67
60
34
86
80
54
122
116
92
107
102
80
83
81
60
101
99
78
85
83
62
80
78
57
84
82
61
81
76
56
70
64
42
81
75
51
78
71
45
77
70
44
129
119
92
107
104
69
125
120
88
108
99
70
82
70
44
86
71
48
127
112
93
97
85
69
119
111
96
118
115
98
114
113
95
96
95
77
106
98
83
185
169
154
180
156
144
143
111
100
102
69
60
88
65
57
99
85
74
28
23
3
55
62
31
72
88
51
98
119
78
87
110
68
80
100
62
95
110
79
100
110
85
135
140
120
118
119
101
89
91
70
68
70
48
160
162
138
137
141
114
98
105
74
106
115
86
129
136
116
101
105
91
47
49
44
15
15
13
96
94
95
45
41
38
16
12
3
66
60
44
109
104
82
183
178
149
132
127
97
78
71
42
85
76
47
73
66
38
56
51
22
93
89
62
86
82
57
99
97
72
113
111
88
98
97
76
103
102
82
101
100
80
80
77
58
72
69
50
70
65
45
70
64
42
89
81
58
91
80
58
86
74
50
123
111
87
125
121
94
107
103
76
122
115
89
121
111
86
159
147
125
117
105
83
80
72
51
68
62
40
84
79
59
101
99
78
103
98
79
135
127
112
193
177
164
171
148
140
128
99
95
92
64
60
78
61
54
61
53
40
22
24
2
84
95
63
85
105
67
90
116
71
104
130
85
86
108
69
137
154
120
97
110
82
87
92
70
123
126
107
54
56
35
50
52
30
137
141
114
139
146
115
95
105
71
122
131
102
132
140
117
100
106
92
42
47
40
5
7
4
75
75
75
48
49
44
17
17
9
53
54
40
68
67
47
107
107
83
102
102
76
76
74
49
76
74
49
77
75
50
70
68
43
117
117
91
92
92
66
67
67
43
98
97
76
115
114
94
109
108
88
106
105
85
91
88
69
76
71
52
65
58
40
92
83
65
64
53
33
68
56
34
142
127
106
123
107
84
76
74
53
84
79
59
131
126
104
144
138
116
180
172
149
123
116
90
125
118
92
104
98
72
110
104
78
125
119
95
117
110
91
164
155
138
193
179
168
162
141
136
108
82
83
65
44
43
62
48
45
31
27
16
43
46
27
84
97
69
87
109
71
103
130
87
109
136
93
97
122
82
124
141
109
100
113
87
84
89
69
144
147
128
65
66
48
30
32
11
81
85
60
91
97
69
100
110
76
113
124
92
82
92
68
77
86
69
57
64
56
11
16
12
41
46
42
42
44
39
10
13
4
97
101
87
102
107
87
59
64
42
102
107
84
143
147
124
134
137
116
107
109
88
87
89
65
100
103
76
86
88
64
61
63
39
85
87
65
109
111
90
92
93
75
89
88
70
111
108
91
96
90
74
92
85
67
103
94
76
46
33
14
56
41
22
139
122
102
103
85
65
61
58
43
120
117
100
159
156
137
155
150
128
130
124
100
105
100
71
145
140
110
141
136
106
156
149
120
150
143
117
121
110
90
172
160
144
190
176
167
162
144
140
96
76
77
44
25
27
52
42
40
18
15
6
58
62
45
55
69
43
63
85
49
96
123
82
82
109
68
84
106
68
92
109
77
106
116
92
105
109
92
139
141
127
91
92
76
38
39
23
105
108
87
125
131
105
126
136
102
93
104
72
85
95
70
129
138
121
76
84
73
21
28
21
44
49
45
9
14
8
22
28
18
95
101
87
109
116
98
70
77
57
126
133
113
125
132
112
98
105
87
114
118
101
126
131
108
89
93
68
95
99
74
97
101
78
103
106
85
104
107
88
77
78
60
78
79
61
68
67
49
74
68
52
108
100
85
98
86
70
68
55
38
91
74
56
108
89
72
99
80
63
45
43
30
123
121
106
91
90
72
114
112
91
156
155
127
126
122
93
127
122
90
123
117
85
148
139
108
149
137
111
151
139
117
201
188
172
191
177
168
153
138
135
87
71
72
29
17
19
40
31
32
17
14
9
92
96
82
97
111
88
80
101
68
68
93
54
63
88
49
75
95
60
70
85
56
83
90
70
104
106
92
131
131
119
110
110
100
46
46
34
85
87
73
83
88
66
90
99
68
89
100
68
59
69
44
90
99
82
103
111
100
2
9
2
36
42
38
0
3
0
21
29
18
89
97
82
122
131
114
111
120
101
91
100
81
91
100
83
82
90
75
144
153
136
158
166
143
116
121
98
64
69
46
65
70
48
102
107
85
87
90
71
64
67
50
81
82
66
98
96
81
49
46
31
61
53
38
78
66
50
60
47
31
41
24
8
85
66
51
71
49
35
55
53
40
66
64
49
67
69
48
103
105
81
115
118
89
102
103
71
118
115
82
117
111
77
134
123
93
127
113
86
134
119
98
181
165
150
200
186
177
143
132
128
91
81
80
53
44
45
51
42
43
3
0
0
76
80
66
87
96
75
68
85
53
88
110
72
96
116
79
56
73
39
72
82
55
87
92
72
101
101
89
109
109
101
89
89
81
30
30
22
73
75
64
114
118
101
118
127
98
94
105
73
61
71
46
58
67
48
70
78
65
1
8
0
28
35
28
13
20
13
29
37
26
117
125
110
110
119
100
87
96
77
100
109
92
106
114
99
76
84
71
108
116
103
109
116
96
110
118
95
63
71
48
59
66
46
82
87
67
115
119
102
100
103
86
108
110
96
114
115
101
106
103
88
108
100
87
101
89
75
81
67
54
85
69
54
110
91
77
73
51
37
102
103
87
85
86
68
94
98
75
105
109
82
83
88
56
68
72
39
109
109
75
172
166
132
157
146
116
156
140
114
133
115
95
186
169
153
195
181
170
141
132
125
71
66
62
60
56
53
26
18
16
18
10
7
87
88
74
84
89
67
69
83
50
91
109
71
96
112
75
55
69
34
65
74
47
72
75
56
69
67
55
70
67
60
86
83
78
43
42
37
49
50
44
103
107
92
89
98
69
75
86
54
71
81
56
58
67
48
68
76
63
15
22
14
14
19
12
8
13
6
22
28
16
54
61
45
56
63
45
98
105
87
94
101
85
86
92
78
89
95
85
85
91
79
74
81
63
114
119
97
91
98
78
106
113
93
102
109
91
138
142
125
104
108
93
104
106
93
109
109
97
85
81
69
66
60
46
90
80
68
80
66
53
74
58
45
95
77
63
107
88
74
171
173
152
143
147
124
85
91
65
86
93
62
110
117
84
84
90
56
97
97
63
159
153
121
161
147
118
165
147
123
141
120
101
150
131
116
180
168
154
110
104
92
49
49
39
39
39
31
7
0
0
40
30
21
83
77
61
61
64
37
88
98
63
101
113
73
96
109
66
105
115
78
90
95
65
100
99
78
79
75
63
66
62
53
98
93
89
60
59
54
15
16
10
49
53
39
26
35
6
55
66
34
77
87
62
81
90
69
84
92
77
23
29
19
8
14
4
0
3
0
37
41
27
50
54
37
39
44
24
108
113
93
98
102
85
71
75
61
94
97
88
90
93
82
95
99
82
99
104
84
72
77
57
85
92
74
74
81
63
88
95
79
80
84
70
109
111
98
99
99
87
83
79
68
75
69
57
140
132
119
132
120
108
88
74
61
73
57
44
106
88
74
156
159
132
174
178
151
118
127
96
124
134
100
122
132
97
77
84
50
107
108
76
143
136
107
133
117
91
153
133
109
155
132
114
106
87
72
178
166
152
97
94
79
78
82
67
55
57
43
66
54
42
107
91
76
118
111
85
74
74
40
74
79
38
59
67
20
66
74
27
98
103
60
74
75
41
103
99
72
80
73
55
60
52
41
82
78
69
64
61
54
13
14
6
36
40
25
12
21
0
69
78
47
75
83
59
86
93
73
79
85
71
11
14
3
13
16
5
8
10
0
13
15
1
88
91
72
33
36
15
69
72
51
112
113
97
82
83
69
70
70
60
76
76
64
95
98
81
80
83
64
73
77
60
92
96
79
98
102
87
89
93
78
90
94
80
115
117
104
66
66
54
80
78
66
57
51
39
78
70
59
82
72
60
95
83
71
98
84
71
111
95
82
161
164
133
143
148
116
94
104
70
125
137
101
121
133
97
108
118
83
152
153
121
106
99
71
113
97
72
172
150
129
145
119
102
121
100
83
134
122
106
123
122
104
88
97
76
86
91
69
108
95
76
80
59
38
87
74
42
89
84
44
103
105
56
112
117
63
117
122
68
78
80
31
97
95
56
108
103
73
69
61
40
65
56
41
89
83
71
93
91
79
63
65
54
64
68
53
43
49
23
93
102
71
75
83
59
86
91
71
76
80
66
9
11
0
12
14
3
16
16
4
19
20
4
66
65
45
36
35
14
96
95
74
121
118
101
78
75
60
48
44
33
22
20
8
25
26
10
38
41
22
74
77
60
105
109
92
121
125
110
98
102
88
68
72
58
42
46
32
29
31
18
63
61
49
58
54
43
78
72
60
108
100
87
136
126
114
134
122
108
108
94
81
119
125
89
117
125
88
104
116
78
114
128
92
87
101
65
88
100
64
140
143
112
124
117
89
95
79
56
172
150
129
122
96
79
122
101
84
84
73
53
117
116
95
77
89
65
98
104
78
96
80
55
116
92
64
156
140
104
135
127
80
84
83
27
67
68
8
109
113
54
105
105
51
114
110
65
99
91
55
47
37
10
71
60
40
75
67
52
72
69
54
57
58
44
36
39
20
77
83
55
97
104
73
75
80
57
79
84
64
87
89
76
42
44
33
17
17
5
32
33
19
93
92
74
65
63
42
74
72
49
152
147
125
110
105
86
82
76
60
94
88
76
46
42
30
79
77
62
83
84
66
89
92
75
109
112
95
106
110
95
111
115
101
85
88
77
60
63
52
83
85
74
65
65
55
50
46
35
72
66
54
116
108
95
127
117
105
130
118
104
99
87
73
114
120
82
130
138
99
122
134
96
116
131
92
120
136
99
116
128
92
118
121
90
136
129
101
92
74
52
146
121
101
140
113
96
91
70
51
103
92
72
93
95
71
113
126
100
124
130
102
144
128
102
158
133
102
137
119
79
95
85
34
93
91
32
88
88
24
105
107
44
101
100
43
110
106
58
104
96
57
79
68
40
132
121
99
110
103
85
89
86
69
100
101
85
87
90
69
101
107
79
87
94
63
66
71
48
63
68
48
91
93
80
77
79
68
32
32
20
63
61
48
96
93
74
84
82
61
83
78
56
113
108
86
79
72
53
118
110
95
185
177
166
172
166
154
151
149
134
127
128
110
89
92
75
105
107
93
78
82
68
106
110
96
97
100
89
103
106
95
81
83
72
57
57
47
57
55
43
90
83
73
148
140
129
149
139
127
136
124
110
76
64
50
