95
105
45
99
109
49
105
113
54
109
117
58
114
119
61
116
121
63
120
123
66
122
125
68
123
127
68
124
128
69
127
131
70
129
133
72
129
135
71
130
136
72
129
136
69
129
136
66
128
137
56
129
138
57
130
138
63
130
137
69
130
134
73
128
131
74
127
130
75
127
130
75
123
126
69
122
126
67
119
124
66
115
120
64
107
114
62
101
107
59
96
101
60
93
98
58
102
110
51
106
114
55
111
119
60
116
121
63
117
122
64
119
124
66
122
125
68
123
127
68
127
131
72
129
133
72
131
135
74
134
138
75
135
141
77
136
143
76
137
144
77
137
144
74
136
145
66
137
146
65
137
145
70
138
143
76
136
140
79
134
137
80
131
134
79
129
132
75
123
127
68
123
127
68
120
126
66
116
121
63
112
117
63
105
112
61
101
106
63
98
103
62
113
119
59
117
123
63
122
128
68
127
131
72
129
133
74
131
135
76
133
137
78
135
139
78
139
143
82
140
144
81
142
146
83
144
149
83
145
152
85
146
153
85
146
153
85
146
154
81
148
155
78
147
154
77
146
152
82
146
151
85
146
147
89
143
144
87
138
139
82
134
135
78
132
136
75
131
135
74
130
134
73
127
131
72
122
127
71
118
122
71
115
118
71
113
116
71
121
125
66
125
129
68
132
136
75
137
141
80
141
145
84
145
149
86
148
152
89
151
155
92
151
156
90
151
156
90
152
157
90
153
158
91
152
159
89
153
160
90
153
160
90
154
160
88
154
160
86
155
158
87
154
156
90
153
154
94
152
153
96
148
149
92
144
145
88
140
141
83
141
145
82
140
145
79
137
142
76
133
137
74
128
134
74
124
129
73
121
125
74
119
123
73
125
126
66
130
132
69
136
138
75
142
144
81
146
148
83
149
151
86
153
155
89
155
157
91
152
158
88
152
158
88
153
159
87
155
161
89
157
163
91
159
165
93
160
166
94
161
167
95
159
160
90
160
161
95
160
160
98
158
157
100
154
153
99
151
150
96
149
150
93
148
149
89
144
149
83
142
148
78
138
144
74
134
140
70
127
134
67
123
129
67
120
125
67
118
123
67
130
128
67
133
133
69
138
138
74
142
143
77
143
145
79
144
147
78
147
150
81
149
152
81
149
155
83
150
156
82
152
158
84
155
161
87
159
165
91
163
169
95
167
173
99
171
174
103
164
163
98
167
165
104
168
166
109
162
161
107
155
153
102
151
149
98
153
154
97
158
159
99
152
157
90
149
155
83
144
150
76
139
145
71
132
140
67
128
135
67
125
131
67
123
129
67
138
134
71
140
139
74
144
143
78
147
148
80
147
150
79
148
151
80
148
154
80
150
156
82
157
163
89
157
164
87
159
166
89
161
168
91
166
170
96
170
174
100
174
178
104
177
178
110
173
168
110
178
173
118
177
174
123
169
165
117
156
154
105
151
149
98
157
158
101
164
168
105
158
164
94
155
163
86
150
159
80
145
154
75
141
149
72
137
145
70
136
142
72
135
140
73
144
140
76
146
145
78
152
151
84
155
156
86
157
161
87
157
163
89
160
167
90
162
169
92
170
177
100
170
177
100
169
176
99
171
175
101
173
177
103
176
177
107
178
179
109
180
179
115
181
174
120
187
179
132
187
180
136
174
170
125
157
154
109
150
150
100
157
160
103
168
174
110
157
165
92
152
163
84
148
160
76
144
156
72
140
152
70
139
147
70
138
146
73
138
144
74
150
149
82
152
153
85
157
158
88
160
164
90
161
167
93
162
170
93
163
171
94
164
173
94
166
174
97
176
183
106
179
185
111
175
178
107
175
176
108
180
179
114
178
174
110
168
162
104
154
146
99
146
137
96
170
162
123
163
158
118
121
119
78
129
131
82
169
174
118
167
176
111
163
175
99
159
172
90
155
169
82
152
166
78
149
163
78
146
157
78
142
153
77
141
149
76
147
150
81
152
155
84
156
162
88
157
163
89
155
163
86
155
166
88
160
173
93
167
178
100
164
175
97
168
176
101
167
173
103
170
172
106
177
176
112
175
170
112
150
143
88
122
112
63
111
99
59
105
95
60
139
130
97
139
133
97
115
113
74
123
126
79
170
178
121
172
183
117
165
179
102
159
177
93
154
173
83
152
168
79
148
164
76
144
157
75
139
152
73
136
147
71
136
144
71
143
151
78
146
157
81
146
157
81
141
154
75
143
157
78
152
166
87
162
176
97
159
171
95
168
178
107
174
179
113
169
170
110
164
161
106
161
153
104
152
139
94
139
125
86
119
106
72
111
100
70
147
138
109
139
134
102
123
123
85
120
126
80
163
174
118
161
176
109
154
173
94
151
171
86
146
166
77
142
163
72
140
158
70
138
153
70
133
147
70
131
143
69
129
141
67
133
147
72
137
151
74
136
153
75
135
154
73
138
157
76
145
164
83
153
170
92
158
172
97
172
183
114
181
187
125
174
174
120
164
157
111
161
149
109
163
147
111
164
148
115
114
100
73
105
95
68
140
133
105
136
132
103
133
134
100
124
133
88
160
175
120
157
176
110
143
166
88
140
164
78
137
162
71
135
158
68
136
156
69
135
152
71
131
148
70
131
144
72
128
146
70
129
147
71
130
151
72
134
157
77
140
163
81
143
168
85
144
167
87
145
166
89
158
175
104
164
176
112
170
175
119
171
170
122
170
162
123
165
150
119
153
133
108
138
120
96
124
109
86
114
103
81
137
131
107
139
138
110
140
144
111
132
143
100
153
170
116
151
173
108
142
169
90
140
168
83
138
164
75
136
162
71
135
159
73
134
156
74
133
151
75
131
147
76
123
146
68
122
145
67
124
149
68
129
156
75
137
165
81
142
169
88
140
167
88
138
162
86
150
169
101
156
170
109
159
166
114
155
152
111
147
136
104
143
127
102
146
125
106
150
128
114
138
122
106
126
118
97
132
126
104
146
146
118
144
150
116
144
157
114
145
164
109
143
168
102
144
172
95
140
170
84
135
165
75
132
161
71
131
156
72
128
151
71
124
145
70
123
140
70
116
143
64
117
144
65
118
147
65
123
152
70
128
160
77
132
164
81
136
165
85
137
163
89
145
166
99
154
168
109
155
161
113
141
137
100
122
110
84
124
105
88
151
127
115
177
153
143
122
106
91
113
104
86
105
100
80
142
142
116
141
148
115
158
173
130
146
167
111
149
176
109
139
170
92
135
167
82
130
163
74
127
157
69
124
152
68
122
146
68
118
140
67
115
134
66
117
146
64
119
148
64
123
152
68
125
154
70
127
156
72
132
161
79
140
167
88
148
170
97
152
171
105
152
163
107
148
151
106
139
135
100
131
119
95
131
114
98
144
121
113
156
133
125
153
137
122
143
134
116
120
115
93
161
161
133
150
158
121
173
186
140
143
164
105
146
173
102
137
168
88
134
166
80
132
162
74
129
157
70
129
154
71
126
149
71
123
143
71
120
140
69
112
140
53
115
144
54
119
148
58
125
151
62
128
154
67
133
157
73
141
160
79
146
162
87
156
168
102
154
162
105
144
146
99
120
116
79
115
108
82
101
88
71
145
128
118
159
142
132
153
140
124
152
141
119
163
158
128
176
176
138
165
171
123
157
171
112
153
173
102
149
174
93
146
174
89
141
170
80
136
162
73
135
159
71
135
157
74
134
153
74
129
145
72
125
138
68
111
137
48
118
144
55
127
153
64
135
159
71
140
162
77
143
163
78
146
160
81
148
160
86
157
166
101
166
171
113
137
139
92
115
113
75
100
95
66
114
105
87
144
132
118
149
137
125
157
144
128
149
138
116
153
147
115
164
162
123
161
168
116
160
172
110
154
175
100
150
173
91
146
172
85
141
167
78
137
161
73
136
158
73
138
157
76
138
152
77
133
145
73
128
139
70
113
137
53
119
143
59
129
153
67
137
159
76
143
162
80
146
163
83
149
163
86
150
162
90
149
158
93
168
173
117
129
131
84
118
116
78
105
100
71
149
141
120
167
158
141
162
150
136
154
142
126
139
128
108
131
126
97
135
135
97
151
157
109
153
167
108
150
169
101
142
164
89
142
167
86
137
162
79
134
157
75
132
153
74
132
150
74
132
145
75
127
138
70
122
133
67
128
147
68
130
149
70
134
153
74
137
156
75
143
160
82
150
164
87
158
170
96
164
174
105
157
163
101
168
173
117
138
140
93
134
132
93
138
135
104
174
168
142
189
182
163
175
166
149
130
121
104
113
105
84
105
101
72
109
109
73
146
154
107
154
167
113
154
173
109
145
167
95
145
169
93
142
166
88
139
162
84
136
157
82
135
152
82
131
146
79
126
138
74
123
133
72
141
154
84
143
156
86
146
159
87
149
162
90
153
166
94
160
172
100
167
178
109
173
182
115
176
182
122
170
175
119
158
160
111
153
154
112
170
170
134
169
165
136
184
180
155
170
165
143
115
108
89
104
98
76
100
96
67
100
102
65
154
161
117
162
175
122
168
183
124
158
179
112
155
178
108
153
176
104
152
174
102
151
170
102
149
165
100
146
160
98
142
153
93
139
150
90
136
145
80
141
150
85
148
157
90
154
163
96
157
166
99
159
168
101
162
171
106
163
172
109
174
180
120
161
166
110
160
164
114
163
164
120
183
183
145
158
158
124
177
176
146
172
171
143
141
137
112
135
131
104
129
128
97
114
116
77
166
173
129
160
173
120
163
178
119
156
175
111
154
175
108
154
175
106
155
176
107
155
174
108
155
171
108
153
167
106
151
162
104
149
160
102
130
136
76
135
141
81
141
147
85
146
152
90
148
154
90
150
156
94
152
158
96
154
160
100
154
162
103
152
159
105
149
156
104
166
169
122
172
175
132
161
163
124
182
184
147
191
192
158
172
172
138
170
170
134
162
164
125
128
133
90
170
180
130
150
163
109
152
168
106
148
167
103
145
166
99
147
168
99
149
168
100
148
167
101
146
162
99
143
157
96
141
152
92
139
150
90
134
139
81
134
139
81
135
140
82
135
141
81
138
144
84
143
149
89
150
156
96
155
160
102
147
155
96
159
167
110
146
153
101
168
175
124
156
162
116
165
172
128
183
190
148
204
209
168
175
178
135
178
181
136
171
177
129
130
138
87
169
182
126
146
161
102
150
169
105
154
173
107
143
164
95
144
165
96
145
164
96
142
161
93
138
154
89
131
147
82
127
141
79
126
138
76
132
137
81
119
124
68
105
110
54
103
108
50
110
118
59
125
133
74
136
144
85
141
149
90
141
149
90
135
144
87
136
145
90
144
153
100
145
153
102
143
153
103
154
163
116
170
180
130
153
162
107
163
172
115
166
176
116
154
165
105
139
153
91
134
150
85
136
155
87
140
160
89
143
163
92
140
160
89
134
154
83
129
149
78
133
150
80
136
153
83
134
149
80
127
142
73
129
137
80
125
133
76
123
131
74
127
135
76
134
142
83
140
150
90
143
153
93
143
153
93
154
164
104
145
156
96
144
155
97
151
162
106
153
163
110
146
159
105
147
160
107
155
168
112
151
163
99
157
170
101
158
171
102
150
165
96
143
160
90
141
158
88
138
158
87
136
156
85
138
158
86
136
156
84
132
152
80
127
147
75
130
147
76
132
149
78
128
144
73
120
136
65
120
130
70
124
134
74
131
141
81
137
147
86
142
152
91
142
154
92
141
153
91
140
152
90
153
164
104
144
158
97
144
158
97
154
168
109
160
174
115
155
170
111
151
166
109
152
168
106
155
171
100
155
171
96
154
170
95
152
170
96
154
172
98
156
173
102
150
167
96
142
159
88
145
162
91
144
161
90
140
157
86
135
152
81
134
152
78
134
152
78
127
145
71
119
137
63
120
134
72
124
138
76
130
144
82
134
148
86
136
150
88
139
153
91
141
157
94
145
161
98
145
161
98
142
158
96
144
160
98
153
169
107
158
174
112
156
172
110
153
169
107
154
170
105
156
174
98
155
174
93
153
172
93
153
171
95
158
176
102
162
179
108
158
175
105
150
167
97
152
169
99
151
168
98
146
163
93
138
155
85
135
152
81
133
150
79
126
143
72
119
136
65
123
142
74
128
147
79
133
152
84
136
155
89
137
156
90
140
159
93
147
166
100
152
171
105
146
165
99
147
166
102
149
168
104
151
170
106
149
168
104
146
165
101
147
166
102
151
170
102
149
170
91
151
173
91
149
170
91
146
167
90
148
168
96
152
172
101
155
172
104
151
167
102
148
164
101
147
163
100
141
157
94
132
148
83
126
143
75
124
141
73
119
136
66
113
130
60
110
133
61
116
139
67
124
147
75
129
152
82
131
154
84
134
155
88
137
158
91
140
161
94
139
160
93
144
163
97
148
167
101
148
167
101
146
165
99
146
165
99
151
170
104
157
177
106
146
169
89
150
173
91
151
172
93
147
168
93
145
165
94
147
166
100
150
166
103
149
164
105
140
155
96
141
156
97
137
152
93
129
144
85
124
140
78
122
138
75
118
134
71
113
129
64
100
126
52
104
130
56
110
136
62
115
141
68
119
145
72
124
147
77
127
150
80
129
152
82
131
154
86
135
156
89
138
159
90
141
162
93
144
165
96
147
168
99
152
171
103
153
173
102
146
169
91
150
173
93
151
173
98
148
170
97
147
166
100
147
165
103
144
159
102
139
154
99
129
143
90
134
148
95
137
151
98
134
149
94
131
146
89
129
144
87
122
140
80
116
134
74
109
137
60
108
136
59
108
136
61
110
138
63
117
143
70
124
150
77
131
157
86
136
162
91
135
158
90
135
158
90
135
156
87
137
158
89
140
161
92
142
163
94
140
159
91
134
154
83
140
163
85
143
167
89
145
167
92
145
167
95
146
165
101
143
161
101
135
150
95
124
138
87
117
131
82
127
141
92
135
149
98
136
150
99
135
149
96
133
148
93
125
143
85
118
136
78
