230
236
248
228
234
246
237
240
255
240
243
255
232
238
252
233
241
254
231
245
254
219
238
245
216
237
242
233
254
255
230
248
248
220
230
229
255
255
255
202
193
194
147
128
130
140
123
133
243
235
255
242
239
255
234
234
255
242
244
255
128
133
137
74
83
78
156
168
156
248
255
244
236
250
233
192
209
193
212
228
218
207
222
219
208
221
227
236
248
255
223
234
252
227
238
255
236
242
254
232
238
250
236
240
252
235
238
253
232
235
250
235
241
253
241
251
255
237
252
255
227
246
250
227
247
248
236
252
251
241
251
250
236
236
234
125
115
114
40
22
22
82
62
71
237
228
249
238
234
255
248
245
255
227
227
239
68
72
75
31
38
31
151
162
148
233
246
228
206
221
202
176
190
173
201
214
204
201
213
209
208
219
221
236
246
255
225
234
247
227
236
253
237
245
255
238
245
255
240
244
255
240
242
255
236
238
251
233
235
247
229
236
246
228
237
244
236
250
253
221
235
236
217
229
227
231
237
235
255
255
251
208
197
195
96
76
75
124
104
106
249
237
249
244
236
249
255
253
255
224
222
225
68
69
64
67
70
59
200
207
191
238
247
228
219
231
211
196
209
191
210
223
206
197
209
199
192
203
199
214
224
225
207
216
221
213
222
229
239
247
255
240
248
255
239
243
254
242
242
254
246
244
255
242
240
251
238
238
248
241
244
251
233
238
242
243
251
253
251
255
255
242
242
240
249
244
240
223
209
206
96
77
73
112
91
88
238
222
223
247
235
235
255
245
243
215
208
202
100
96
85
112
113
99
220
223
204
220
225
205
198
205
185
182
191
170
193
202
183
198
206
191
217
225
214
239
246
238
224
231
224
217
223
219
238
249
255
238
247
254
231
235
244
235
235
245
251
245
255
249
241
252
244
238
248
255
250
255
240
238
243
238
238
240
251
250
248
241
236
232
236
227
222
220
205
198
126
106
99
161
138
130
211
191
180
249
231
219
243
227
212
193
180
164
129
120
103
131
126
107
200
197
178
195
197
176
204
207
186
195
200
178
202
209
189
218
225
205
237
244
224
232
239
221
194
198
181
171
175
158
230
244
247
237
248
252
234
239
245
241
240
248
252
244
255
224
212
222
183
171
181
176
165
173
241
232
237
238
229
230
255
252
249
251
242
237
244
231
223
232
215
207
166
143
135
172
146
133
187
160
141
216
191
169
185
163
140
153
135
113
164
149
130
169
158
140
205
198
180
196
193
176
179
178
160
188
189
171
195
198
177
201
205
182
199
203
178
184
188
163
185
188
161
209
212
185
225
241
241
236
250
251
237
242
246
247
246
252
255
245
254
200
187
196
129
113
123
104
89
96
95
80
83
116
104
104
203
192
188
248
235
227
246
229
221
208
188
177
171
147
135
164
135
119
172
140
115
174
140
112
133
103
77
129
103
80
183
161
140
192
175
159
218
204
191
200
190
178
201
195
181
180
177
162
141
140
120
122
124
100
119
119
91
113
114
83
149
150
118
206
207
173
228
246
246
236
250
251
230
235
239
241
238
245
255
247
255
212
196
206
145
128
136
127
108
114
83
67
70
16
0
0
81
66
61
200
183
175
249
229
218
193
169
157
179
151
137
188
155
136
192
152
124
184
143
113
158
121
94
159
127
104
193
166
147
188
164
151
223
205
193
210
197
188
186
178
167
113
107
93
27
24
5
31
31
7
86
85
55
115
115
81
147
147
109
185
186
146
227
245
245
229
243
244
235
243
246
247
246
252
253
243
251
230
217
226
179
162
170
131
114
120
74
58
59
26
11
8
76
61
54
133
115
105
165
143
130
191
165
150
168
136
121
181
144
125
168
122
96
155
108
78
164
120
95
194
156
135
172
139
124
198
171
160
223
203
196
209
194
187
133
123
114
86
80
68
15
12
0
51
49
26
112
111
81
118
118
82
156
154
115
201
199
158
228
246
246
231
245
246
235
243
246
242
243
248
249
244
250
239
228
236
202
189
196
166
151
154
109
95
95
10
0
0
34
20
11
100
82
70
122
98
85
160
131
115
171
135
119
157
114
97
125
73
49
144
90
64
164
114
91
186
141
122
177
139
126
213
183
173
184
161
155
100
83
76
78
68
59
47
41
29
11
8
0
46
44
21
107
106
75
134
134
96
164
162
121
193
192
146
232
247
250
234
248
251
235
245
247
236
239
244
242
240
245
242
237
243
222
215
220
200
191
192
138
130
127
83
76
68
43
33
23
88
72
59
173
149
136
165
133
118
122
83
68
131
84
68
111
54
34
120
62
40
137
82
62
159
112
96
161
121
109
213
183
173
208
185
177
158
141
133
61
51
41
34
28
14
42
40
19
82
82
54
129
130
96
154
155
115
157
159
112
174
176
127
227
242
245
234
248
251
235
244
249
229
234
238
231
232
237
234
233
238
223
223
225
206
206
204
189
190
184
139
139
129
112
106
94
137
123
110
184
160
147
169
136
121
143
99
86
102
50
36
118
57
39
128
65
47
152
95
78
175
126
111
178
138
126
230
198
187
224
202
189
195
181
168
111
104
86
77
75
54
109
109
81
144
148
113
165
170
129
168
171
124
144
148
97
154
157
104
214
227
233
226
239
245
233
242
249
224
231
237
219
226
232
220
228
231
211
219
219
195
206
202
198
209
201
179
187
176
136
137
123
95
86
71
125
101
88
138
102
88
150
104
91
122
66
53
118
55
40
142
76
60
164
107
90
167
118
101
170
131
114
223
192
174
184
163
144
128
116
94
157
153
126
135
136
104
157
163
125
164
171
129
169
177
128
175
184
129
147
155
96
141
147
87
204
215
221
222
233
239
231
242
248
222
231
238
216
227
231
216
230
231
207
223
222
191
208
202
176
193
183
204
218
205
142
146
132
27
19
4
70
46
33
102
64
51
123
73
62
137
77
66
137
71
57
138
72
56
161
102
84
164
116
96
138
100
79
135
107
85
81
64
36
66
57
26
158
158
122
163
168
127
160
169
122
139
149
97
148
159
103
174
185
125
163
173
110
143
152
87
207
215
225
227
237
246
236
246
255
225
236
242
218
233
236
221
239
239
213
235
232
197
219
214
190
213
203
181
199
187
182
190
175
67
61
47
53
29
16
112
74
61
158
106
95
120
58
47
168
101
85
147
82
64
186
128
108
216
168
146
163
126
100
91
64
35
15
0
0
41
36
0
154
157
112
165
173
124
139
152
98
131
145
86
152
166
104
162
177
110
162
175
106
155
166
97
215
228
234
234
247
253
240
253
255
228
241
247
222
237
240
228
246
248
224
242
242
211
227
224
196
211
204
216
226
217
221
221
209
96
84
70
116
90
75
161
124
108
164
115
101
144
87
70
182
119
101
157
95
74
190
135
114
222
176
152
193
159
132
149
126
95
74
61
27
93
89
51
165
171
125
161
173
123
127
142
87
151
169
109
180
196
133
148
164
101
146
161
96
163
175
111
217
242
239
207
229
227
224
244
245
220
235
238
226
237
241
240
247
253
221
224
229
227
225
230
198
192
194
203
192
190
120
103
96
78
54
42
166
134
119
159
122
103
175
134
112
151
105
81
182
129
98
163
110
79
211
164
138
246
209
183
176
148
124
180
162
138
168
161
133
145
146
114
143
151
112
124
140
95
134
152
102
120
139
84
158
175
121
172
186
135
157
171
120
128
140
90
95
122
115
165
190
184
209
229
227
221
235
235
224
232
235
216
217
222
225
218
225
251
236
243
225
204
209
111
87
87
92
63
59
82
50
39
161
126
107
205
169
147
175
139
113
160
119
89
193
145
109
217
168
135
230
189
159
212
178
151
221
196
174
216
199
179
194
188
164
168
171
142
157
167
132
127
142
101
127
144
99
112
129
84
138
154
109
140
153
110
126
138
98
110
122
84
181
203
191
217
237
226
223
239
229
242
253
247
241
245
244
232
228
229
248
237
241
230
211
213
136
112
112
93
65
62
149
119
111
116
82
70
109
72
53
154
116
93
148
111
84
185
144
112
209
163
127
255
215
179
218
177
147
206
172
145
192
167
145
217
200
180
184
178
156
182
184
160
173
182
151
132
146
110
119
134
95
97
112
71
104
119
80
104
116
78
102
112
78
109
118
87
187
204
186
212
226
209
235
246
232
232
238
226
204
204
196
221
213
210
228
213
210
149
128
125
75
47
43
115
85
77
136
102
92
137
100
84
141
103
82
151
111
86
164
124
96
200
157
123
225
180
141
254
210
173
231
192
159
229
195
168
166
141
119
164
147
129
156
149
130
154
153
132
148
154
128
128
139
109
125
136
102
104
115
81
96
107
75
95
104
75
92
100
76
104
109
86
140
148
124
186
191
169
238
241
220
233
232
214
232
224
211
235
221
210
158
138
129
70
43
34
103
73
63
95
61
49
68
31
15
128
87
69
179
137
115
172
130
105
188
147
117
203
160
126
217
173
134
220
178
140
255
227
194
207
176
148
194
169
149
112
95
79
131
122
105
98
97
79
98
101
80
114
122
98
136
144
120
123
131
107
105
113
90
106
110
93
88
92
77
87
89
76
149
150
119
159
158
128
186
182
155
212
204
181
238
223
204
156
137
120
47
21
6
72
43
29
109
76
61
71
34
18
91
50
32
114
72
50
142
98
73
181
135
109
223
178
149
240
197
163
220
178
138
216
177
138
254
219
187
180
150
124
199
177
156
135
117
103
128
118
106
106
102
90
85
88
71
108
112
95
126
130
113
114
118
103
92
96
82
105
106
98
87
88
82
86
87
82
162
154
118
163
155
119
189
178
146
217
202
173
171
151
126
61
35
12
55
24
4
173
138
119
96
58
39
81
40
22
124
79
58
97
51
28
133
87
61
184
137
109
218
171
141
237
194
160
217
179
140
168
134
96
210
179
148
183
157
132
169
148
131
157
141
128
138
128
119
136
132
123
101
101
91
103
105
94
101
104
93
96
99
90
79
80
75
97
97
95
83
81
84
92
90
95
162
147
108
175
159
123
209
191
155
208
185
153
104
77
48
57
25
0
125
89
65
144
106
83
95
53
31
117
72
51
127
81
58
88
42
18
131
84
58
92
45
17
97
50
22
152
109
75
169
135
97
45
15
0
165
138
108
166
144
121
135
116
102
101
87
78
120
111
106
101
96
92
100
99
94
91
92
86
88
90
85
101
103
100
91
91
91
101
99
104
73
70
79
80
77
88
138
116
77
191
167
129
182
156
121
98
69
35
69
36
5
88
53
25
104
64
39
143
101
77
140
95
72
129
83
60
110
64
40
84
38
14
90
44
18
110
64
38
127
82
53
156
115
83
196
166
128
176
152
114
181
160
131
223
205
185
115
98
88
115
104
98
104
96
94
103
99
98
94
93
91
91
91
89
88
90
87
85
87
86
84
83
88
84
81
90
84
77
92
83
76
92
142
114
77
180
150
114
125
92
57
67
32
0
94
57
28
126
86
58
116
74
49
95
51
26
162
116
92
117
71
47
100
54
30
85
39
15
120
76
51
156
112
85
154
110
83
205
169
137
226
202
166
234
215
182
239
223
197
233
217
201
111
98
90
100
90
88
92
86
88
89
87
90
88
88
90
87
87
87
86
88
87
85
86
88
84
83
89
81
78
89
77
73
88
75
68
86
137
102
70
130
95
63
76
40
8
88
48
20
115
74
46
97
53
28
122
78
53
163
117
93
153
107
84
101
55
32
86
41
18
58
13
0
120
78
54
199
157
132
166
126
100
169
135
107
196
177
144
237
226
196
237
226
204
175
166
151
87
80
74
105
99
99
111
109
112
87
86
91
88
87
92
86
87
89
84
85
87
83
84
86
80
79
85
74
73
81
67
65
78
62
58
73
121
81
55
96
56
30
81
41
15
108
66
41
139
94
71
154
109
86
175
129
106
188
142
119
174
128
105
114
69
48
96
51
30
67
25
3
97
56
34
172
134
111
166
130
106
136
109
82
189
175
146
192
187
158
168
163
143
112
108
96
80
76
73
92
90
93
96
95
101
75
76
81
91
92
96
86
87
91
79
80
82
74
75
77
70
71
75
66
65
71
60
58
69
56
54
67
94
51
32
73
30
11
145
102
83
176
133
114
166
121
102
175
130
111
168
123
102
180
135
114
207
162
141
120
77
58
86
45
25
88
50
29
62
26
4
85
50
28
145
113
92
145
120
98
172
165
139
119
119
95
92
90
75
94
94
86
103
103
103
79
80
85
74
77
84
89
92
99
83
86
91
74
78
79
63
67
66
57
61
60
56
60
59
60
61
65
59
60
65
58
58
66
72
29
13
89
46
30
208
165
149
209
166
150
134
88
73
102
56
41
108
62
46
190
144
128
196
153
136
122
81
63
65
27
8
74
37
19
60
25
6
73
40
21
128
97
77
101
80
59
91
86
64
68
71
52
64
66
53
75
77
72
87
88
92
81
84
91
82
86
95
86
91
97
66
71
75
58
64
64
50
56
52
48
54
50
54
59
55
59
63
62
63
64
66
63
64
68
82
38
27
155
111
100
198
151
141
120
73
63
84
38
25
106
60
47
110
64
51
164
118
103
182
139
123
150
108
92
82
45
27
63
27
11
94
63
45
117
88
70
106
79
60
63
44
27
49
46
27
63
67
52
69
75
65
60
65
61
42
47
51
60
64
73
62
69
77
47
54
62
54
62
64
50
59
56
48
58
50
55
62
55
62
69
62
67
72
66
65
70
66
61
65
64
111
67
58
181
137
128
149
102
94
76
29
21
97
50
40
111
64
54
114
68
55
188
142
129
178
135
119
162
123
106
100
63
47
60
27
10
106
75
57
105
76
58
58
31
14
79
62
44
56
55
37
45
51
37
52
59
51
70
76
74
35
43
46
35
42
50
44
51
61
58
65
73
53
61
63
53
62
59
57
67
59
65
75
66
75
82
74
74
81
74
66
71
67
57
62
58
