7
6
2
9
8
4
12
11
7
12
11
7
8
9
3
6
7
1
6
7
0
6
7
0
11
14
3
10
13
2
11
17
3
16
22
8
17
24
8
12
19
3
10
17
1
11
17
3
28
31
20
26
29
22
24
29
23
22
27
21
14
20
16
9
19
11
18
30
16
32
47
28
36
52
26
45
59
33
46
59
31
39
47
24
38
42
27
46
48
37
49
48
44
45
44
42
40
41
36
33
33
25
34
32
19
41
39
18
43
37
11
37
30
1
40
31
2
49
39
12
57
49
28
55
48
30
49
43
29
42
40
27
44
48
33
63
72
53
89
103
80
114
121
101
127
118
109
126
113
107
137
127
118
127
121
107
96
93
76
91
93
72
80
84
61
37
43
17
27
31
6
47
49
25
78
76
55
106
99
81
123
111
97
128
111
101
125
106
99
121
101
94
10
9
5
12
11
7
13
12
8
13
12
8
10
11
5
8
9
3
8
9
1
9
10
2
11
14
3
10
13
2
11
17
3
16
22
8
17
24
8
13
20
4
11
18
2
13
20
4
27
31
17
29
31
20
29
32
23
25
30
23
16
23
16
12
22
13
23
35
21
38
51
33
51
65
42
56
70
44
55
65
38
41
49
25
35
39
22
40
42
31
44
43
38
42
41
37
45
44
40
40
40
32
44
42
29
52
47
27
51
44
18
44
35
6
46
37
8
55
45
18
60
49
29
56
47
30
52
46
32
48
46
33
47
49
35
59
66
48
85
97
75
114
121
101
125
119
107
116
106
97
129
121
110
130
124
110
104
103
85
99
101
80
99
104
82
78
83
60
28
32
9
40
42
20
58
55
36
72
65
47
79
67
53
80
63
53
78
60
50
78
58
51
14
13
9
15
14
10
14
15
9
13
14
8
11
12
6
11
12
6
11
14
5
13
16
7
12
15
4
10
13
2
11
17
3
16
22
8
17
23
9
13
19
5
13
20
4
17
21
6
31
34
17
33
34
18
34
34
22
28
29
21
19
22
15
16
21
14
27
35
22
41
52
36
70
82
60
73
83
58
65
74
47
46
51
28
34
37
18
34
34
22
37
37
29
38
35
30
26
22
19
28
25
18
41
35
23
56
49
30
65
55
30
65
54
26
70
59
31
80
68
42
71
59
37
63
52
34
56
48
35
50
46
34
38
39
25
36
40
23
60
67
47
93
98
78
114
110
98
101
95
83
107
103
91
108
106
93
78
79
63
63
67
50
68
72
55
63
67
50
45
50
30
56
59
40
72
71
53
82
76
60
86
74
62
87
70
60
88
70
60
90
70
61
16
15
11
17
16
12
15
16
10
14
15
9
12
13
7
12
13
7
14
17
8
16
19
10
14
17
6
11
14
3
11
17
3
15
21
7
16
22
8
14
20
6
14
21
5
19
23
6
35
37
16
39
38
18
37
35
20
27
27
15
18
19
11
18
21
14
30
36
26
45
51
39
75
82
64
76
83
63
72
77
54
58
61
40
48
49
31
48
49
35
54
51
42
55
52
45
60
57
52
60
55
49
66
60
48
77
68
50
82
72
47
78
67
39
75
61
34
74
60
34
56
44
22
47
36
18
45
35
23
46
40
28
37
35
22
34
35
19
62
67
47
102
105
86
122
120
105
113
111
96
110
111
97
96
98
84
62
66
52
44
50
36
45
51
37
42
48
34
40
44
30
56
58
44
79
77
64
95
89
77
101
89
77
102
85
75
101
83
73
102
82
73
16
17
11
16
17
11
16
17
11
15
16
10
13
14
6
14
15
7
15
18
9
18
21
12
14
20
8
11
17
5
11
17
5
15
21
9
15
23
8
13
21
6
14
22
7
21
25
8
39
39
15
41
39
14
38
37
17
28
29
15
24
24
16
29
30
25
43
45
40
56
59
52
67
70
59
70
74
59
70
75
55
68
71
52
67
68
52
71
72
58
74
74
62
78
75
66
85
82
77
79
74
68
78
72
58
85
76
58
89
79
54
81
70
42
67
53
24
56
42
15
42
30
8
32
21
3
30
21
6
35
27
14
29
26
11
26
27
11
52
55
36
88
91
70
109
112
93
111
114
95
101
105
88
73
80
64
50
58
45
51
59
48
59
67
56
55
62
54
37
42
35
54
55
47
74
71
62
88
81
71
93
80
71
92
75
65
89
71
59
88
68
57
16
17
11
17
18
12
18
19
13
17
18
12
16
17
9
16
17
9
17
20
11
19
22
13
18
24
12
14
20
8
12
18
6
15
21
9
14
22
7
12
20
5
14
22
7
19
26
8
35
38
11
40
40
12
40
39
19
36
36
24
38
37
33
48
48
48
58
60
59
65
67
66
63
65
60
62
65
56
62
66
52
63
67
52
65
67
53
66
68
54
63
65
52
61
61
51
66
66
58
64
61
52
63
60
43
71
66
44
78
73
44
74
68
36
61
52
21
48
39
10
39
29
4
29
20
2
27
19
4
32
26
12
28
26
11
27
28
10
43
46
25
64
69
46
72
80
56
78
86
63
65
74
53
42
51
34
38
49
35
57
67
58
70
80
72
72
78
74
59
64
60
66
67
62
75
72
67
82
75
67
87
74
65
90
74
61
90
72
58
91
72
58
17
18
10
19
20
12
20
23
14
20
23
14
19
22
13
19
22
13
20
23
14
19
25
15
21
27
15
16
22
10
13
21
8
14
22
9
13
21
8
12
20
7
14
22
9
19
26
8
32
38
12
38
42
15
42
45
26
45
46
38
51
53
52
59
62
67
61
64
71
58
61
66
55
59
60
48
53
49
44
49
42
46
52
42
50
56
44
49
55
43
44
47
38
38
41
32
23
26
17
27
29
16
33
34
16
41
41
17
46
45
14
45
42
7
37
34
0
28
25
0
19
15
0
16
11
0
14
11
0
19
18
0
20
23
4
19
24
2
20
28
4
23
33
6
46
59
29
50
65
36
47
61
36
46
59
39
62
74
60
78
90
80
84
95
89
88
97
94
75
79
78
74
76
73
75
71
68
79
72
66
84
74
64
89
75
62
93
76
60
93
76
60
18
19
11
21
22
14
23
26
17
23
26
17
22
25
16
21
24
15
20
26
16
20
26
16
23
29
17
18
24
12
13
21
8
14
22
9
13
21
8
11
19
6
13
21
8
18
27
10
29
39
15
37
45
22
43
49
35
47
54
47
56
61
65
62
66
77
56
60
72
46
50
61
40
45
51
32
37
40
28
34
32
35
41
37
47
54
47
51
58
51
46
53
46
41
48
40
57
65
52
71
80
63
92
100
77
111
118
87
125
131
95
136
143
102
143
148
108
145
149
112
140
144
111
133
136
107
122
126
101
110
115
92
97
105
81
80
90
65
58
71
43
41
56
25
20
37
3
26
43
9
36
52
23
61
76
53
90
104
87
95
109
96
90
101
93
95
104
99
92
96
95
89
91
88
88
85
80
90
83
75
94
84
74
96
84
70
94
78
62
91
74
56
18
21
10
26
29
18
29
32
21
24
27
16
19
25
13
21
27
15
22
28
16
18
24
12
17
25
14
14
22
11
11
19
8
11
19
8
12
22
11
13
23
12
12
22
11
9
20
6
30
43
23
39
52
34
47
59
49
46
56
55
35
43
53
23
31
44
18
25
41
19
25
41
31
38
48
3
10
16
9
17
19
20
28
28
11
20
17
13
22
19
129
137
137
186
197
191
211
225
210
218
233
210
214
230
201
215
231
194
210
225
182
225
241
196
207
220
174
216
229
185
214
226
188
218
229
195
221
234
204
223
238
209
223
238
209
218
235
203
213
230
196
209
226
190
180
200
163
147
167
130
107
126
94
87
106
78
89
104
83
93
107
90
89
101
89
84
91
83
93
98
92
104
105
99
107
104
97
101
94
84
98
90
77
104
92
76
105
92
75
103
88
69
24
27
16
25
28
17
21
24
13
15
18
7
14
20
8
22
28
16
26
32
20
24
30
18
18
26
15
22
30
19
22
30
19
14
22
11
4
14
3
6
16
5
21
31
20
34
46
34
36
53
37
28
46
34
18
35
29
11
25
28
15
25
35
20
29
44
22
29
47
21
27
43
4
11
21
1
8
14
12
20
22
0
3
3
0
2
2
18
26
26
134
142
144
160
171
167
216
235
216
227
247
219
216
238
202
213
234
193
185
207
160
184
207
155
174
194
141
169
189
138
166
185
140
165
183
143
164
181
145
165
185
150
170
190
155
175
195
160
177
197
160
177
197
159
204
224
186
204
224
186
207
227
192
211
228
196
199
215
188
163
177
154
112
123
106
76
84
69
103
106
95
112
114
101
116
114
102
117
111
99
115
107
92
102
93
76
96
85
67
104
91
72
21
27
13
23
29
15
25
31
17
27
33
19
32
38
26
37
43
31
35
43
30
29
37
24
31
39
28
25
33
22
20
30
19
29
39
28
44
54
45
52
62
53
47
59
49
38
51
41
12
32
21
7
28
21
0
16
16
0
7
12
0
9
21
10
17
33
12
18
32
7
11
23
24
27
34
12
16
17
8
12
11
0
1
0
19
23
24
110
114
117
179
182
187
115
124
121
157
176
156
207
233
198
205
230
190
211
237
190
190
214
162
187
212
155
191
216
158
178
203
146
187
209
160
180
201
156
173
194
153
170
192
153
173
195
156
175
197
158
174
197
155
172
193
150
165
186
145
174
192
154
187
205
167
203
219
183
212
227
194
212
225
195
203
213
188
195
203
180
145
150
128
140
142
121
123
122
102
120
115
96
126
119
101
109
100
82
98
89
71
116
105
87
22
28
14
23
29
15
25
31
17
27
33
19
29
35
23
30
36
24
26
34
21
23
31
18
35
43
32
32
40
29
38
48
37
62
72
61
85
95
86
81
91
82
46
58
48
13
26
17
0
8
4
0
16
15
0
17
19
0
10
16
0
8
18
6
12
24
13
16
25
13
14
19
13
11
12
1
0
0
9
9
1
13
10
3
47
43
40
139
135
136
157
152
158
52
54
51
74
92
68
186
212
173
186
212
167
187
214
163
180
208
150
176
202
141
176
202
139
167
193
132
163
186
132
157
179
130
152
173
128
153
174
131
157
178
135
158
179
136
152
173
128
147
166
121
154
172
130
156
172
133
157
173
134
160
175
136
166
181
142
180
192
156
197
207
172
210
217
184
204
209
177
188
191
162
145
145
119
119
117
94
123
118
96
113
106
87
99
92
73
112
103
86
37
44
28
33
40
24
28
34
20
23
29
15
19
27
12
20
28
13
26
34
21
31
39
26
23
33
22
46
56
45
72
82
73
78
88
79
60
72
62
32
44
34
8
19
11
0
8
1
0
12
11
1
16
19
5
19
22
6
15
20
8
13
19
13
14
19
17
15
16
21
16
12
14
5
0
22
12
0
92
83
68
147
135
123
130
117
109
124
110
109
102
87
92
47
42
39
55
68
42
201
224
182
190
214
166
170
195
140
175
201
140
166
191
126
150
175
110
154
176
114
154
175
118
144
164
111
134
152
104
128
145
100
126
142
97
121
137
92
112
128
81
103
119
72
76
91
50
81
96
57
87
102
61
93
106
63
100
111
68
117
126
83
138
147
102
156
163
119
202
207
166
213
215
176
189
189
155
149
148
118
127
125
100
111
106
84
92
87
68
87
79
64
30
37
21
26
33
17
24
30
16
27
33
19
27
35
20
26
34
19
27
35
22
30
38
25
28
38
27
48
58
47
62
72
63
49
59
50
16
28
18
0
5
0
0
4
0
1
12
6
4
16
16
1
12
16
5
15
17
15
20
24
16
17
19
8
4
3
6
0
0
10
0
0
48
33
14
101
85
62
128
110
88
92
71
52
80
57
47
154
130
126
125
100
104
26
11
8
100
106
80
214
232
190
203
222
174
178
199
143
176
198
134
164
187
119
138
159
92
143
164
99
116
134
74
104
121
67
89
103
54
79
91
45
73
85
39
71
80
33
67
77
27
63
72
25
68
79
37
69
80
40
68
79
37
63
74
31
61
70
23
66
74
23
78
87
34
89
96
44
131
135
85
175
178
131
206
207
167
184
184
148
143
142
112
118
116
93
102
99
80
87
81
65
59
66
50
42
49
33
28
35
19
27
34
18
30
38
23
28
36
21
22
33
19
20
31
17
43
53
42
36
46
35
22
34
24
9
21
11
0
10
2
0
8
0
0
11
3
4
15
9
2
12
13
0
6
9
6
10
13
18
18
20
14
10
7
11
2
0
36
22
9
73
56
36
138
117
90
108
85
54
108
83
53
148
120
96
171
139
124
173
140
133
86
52
53
26
2
0
118
118
90
156
169
126
170
184
133
179
194
137
159
175
112
148
165
97
119
136
68
110
126
61
92
106
45
87
100
46
84
94
44
83
91
44
88
94
48
94
100
52
101
105
55
102
108
60
91
99
58
96
104
65
101
110
67
104
112
65
101
109
58
99
107
50
98
106
47
101
107
47
91
96
38
124
127
74
173
175
128
179
180
140
143
142
111
133
131
108
135
132
113
116
113
98
167
167
157
123
123
111
71
73
60
45
47
33
41
45
30
43
50
34
46
54
39
49
57
44
47
57
46
29
39
28
7
17
8
0
6
0
0
7
0
0
10
2
0
9
1
0
5
0
7
15
15
2
10
12
5
11
11
7
9
6
1
0
0
24
18
6
112
101
81
207
190
164
208
185
153
192
166
131
159
130
96
138
108
80
141
113
92
169
141
130
101
73
70
56
39
32
65
67
45
50
62
26
108
121
75
174
188
135
157
171
110
164
178
116
150
162
100
130
141
81
125
134
79
125
131
83
125
128
85
124
125
85
121
121
83
121
119
81
120
118
80
117
117
81
118
122
89
106
111
79
90
96
62
77
81
44
74
79
38
80
86
40
92
99
48
102
109
57
112
119
67
101
107
59
130
135
92
146
150
113
125
128
99
135
137
116
155
156
142
138
138
128
232
218
218
215
204
202
184
175
168
131
125
113
72
70
55
48
49
31
49
53
36
49
56
40
13
21
8
11
18
10
7
14
7
4
9
5
1
6
2
3
5
0
3
6
0
1
6
0
2
13
9
1
13
11
3
18
13
0
5
0
15
27
17
107
114
98
222
220
197
221
210
182
222
202
167
210
184
147
219
193
156
206
181
150
197
179
155
210
198
182
91
87
78
28
31
24
8
19
5
54
68
45
161
177
141
153
169
124
144
158
105
137
148
92
121
130
77
127
133
85
123
124
84
118
115
80
117
112
82
120
113
87
120
109
91
113
101
87
110
97
88
111
101
91
96
90
74
78
77
57
55
54
36
31
32
14
21
24
3
25
30
7
41
47
21
51
60
29
81
92
58
94
105
71
108
119
87
109
119
92
105
114
95
112
120
107
132
139
132
152
156
155
245
226
230
235
219
220
232
219
213
214
204
194
153
147
131
72
71
51
25
28
9
19
23
8
9
15
3
6
13
6
5
9
8
3
7
6
4
6
5
4
6
3
6
7
1
4
9
2
0
11
5
0
8
0
0
6
0
12
27
6
86
99
71
162
169
135
224
222
181
222
214
168
235
217
169
224
202
155
227
204
163
232
213
180
238
226
202
236
233
216
110
116
106
22
33
27
29
42
35
47
61
48
90
104
79
76
90
55
81
94
51
97
106
61
91
98
56
97
99
62
109
108
78
107
101
77
106
98
77
111
99
83
112
98
87
108
93
88
105
89
89
105
91
90
96
87
78
81
75
63
58
54
43
34
34
24
22
23
15
22
25
14
27
33
19
33
42
23
57
69
45
73
87
61
92
106
80
99
113
90
96
109
92
97
109
99
109
118
115
119
127
127
194
180
180
222
208
207
229
218
212
205
197
186
158
155
138
99
98
80
40
43
26
12
16
2
2
7
0
2
7
3
0
6
6
0
5
8
2
6
7
4
8
7
6
11
5
6
13
6
2
12
4
0
10
0
0
7
0
78
87
42
173
179
119
214
215
145
220
214
136
225
213
137
243
229
158
244
225
166
226
209
163
221
206
173
220
212
191
233
229
218
193
194
189
150
156
154
182
192
193
163
174
170
113
125
111
78
90
68
76
86
59
100
107
76
97
102
72
98
101
74
94
93
72
91
88
69
92
87
68
98
90
75
102
92
80
99
89
79
98
85
77
95
85
76
89
81
70
76
70
58
55
51
40
35
35
25
24
25
17
19
22
11
17
23
9
17
26
7
37
50
24
55
70
41
78
93
64
91
105
80
92
105
85
90
102
88
92
102
94
95
104
101
73
63
62
125
117
114
156
149
141
147
143
131
131
130
112
95
96
78
39
41
27
0
2
0
1
3
0
0
3
4
0
3
7
0
4
8
0
7
9
1
9
9
3
12
7
4
14
6
4
14
6
6
13
0
31
36
0
152
152
88
217
213
124
226
217
114
213
201
89
223
209
100
214
200
103
240
227
148
230
218
158
228
219
176
219
212
183
221
214
195
234
231
216
218
218
210
169
173
174
142
150
152
63
72
69
38
45
37
33
39
27
60
67
51
71
75
60
82
85
68
77
78
64
78
76
63
79
75
63
83
80
65
88
82
68
87
81
67
85
77
62
82
74
59
74
68
54
62
58
46
47
45
33
32
32
22
24
25
17
17
23
11
15
23
8
12
24
4
24
38
12
39
54
25
59
74
43
73
88
59
78
92
69
82
93
76
85
95
84
88
98
90
25
22
17
35
35
27
58
58
46
83
84
70
82
83
65
49
50
34
16
18
5
7
8
2
2
4
3
0
4
7
0
4
10
0
5
13
0
7
12
0
10
10
0
12
7
0
12
5
0
8
3
3
6
0
64
62
13
196
187
108
223
207
96
220
200
67
221
200
57
221
202
63
224
210
85
240
229
124
222
215
134
228
223
159
233
225
176
217
207
169
223
209
174
185
174
152
72
71
66
55
60
64
12
17
21
17
21
24
11
15
18
29
33
34
44
46
43
62
64
59
60
61
55
63
64
58
67
67
59
69
69
59
71
69
56
70
69
51
66
66
42
64
62
39
62
59
42
54
50
38
40
38
26
28
28
18
21
22
14
17
23
11
17
25
10
16
28
8
18
32
6
25
40
9
35
50
17
44
59
28
52
65
39
63
75
53
77
85
70
87
95
82
41
44
35
21
24
13
22
26
11
35
38
21
33
36
19
29
31
17
25
27
16
14
15
10
4
5
7
2
5
10
1
5
14
0
6
14
0
8
12
0
9
9
0
11
5
0
10
3
0
5
0
9
11
0
92
82
29
206
186
100
224
194
74
224
189
45
238
205
48
221
192
36
242
224
78
238
227
99
219
212
105
219
212
122
234
222
146
221
202
134
227
202
138
191
169
122
51
46
26
13
15
12
6
7
11
20
23
30
7
9
21
3
6
15
3
6
13
15
19
22
45
49
48
53
58
54
62
64
61
60
63
56
58
60
47
56
59
40
54
58
31
52
55
26
55
54
34
49
47
34
38
38
26
26
28
17
17
20
11
15
21
9
19
27
12
21
33
11
25
40
11
27
42
9
28
44
8
28
42
7
32
45
15
46
56
31
64
73
54
79
88
71
52
63
49
26
34
19
29
38
21
37
44
26
28
32
15
39
41
28
35
36
28
0
0
0
5
6
10
3
6
13
2
6
15
0
7
15
0
9
11
0
11
8
0
11
3
0
11
0
4
16
2
54
57
28
136
123
70
205
177
94
231
188
75
226
177
40
241
195
40
222
182
22
216
187
31
219
202
54
232
220
84
233
222
98
250
230
118
235
203
100
241
199
99
215
179
101
116
107
64
13
16
0
10
11
6
18
19
24
14
13
27
8
10
25
6
9
18
11
16
20
27
33
33
41
47
47
51
57
57
48
54
50
42
48
38
39
46
28
42
49
18
42
47
17
45
47
26
46
44
31
39
39
27
28
30
19
18
21
12
16
22
12
22
30
15
29
41
19
40
55
26
40
55
22
38
52
16
30
44
8
26
37
5
31
41
14
47
55
32
61
68
48
108
121
104
26
39
22
12
23
6
34
43
24
15
22
6
14
17
6
29
32
25
13
15
14
4
5
10
5
5
13
3
6
15
3
8
14
1
9
11
0
10
4
0
12
0
0
12
0
20
34
1
109
111
64
187
169
105
213
177
93
242
188
82
224
160
36
236
173
32
228
173
21
224
184
27
217
187
29
232
208
56
225
200
56
245
211
77
239
191
63
249
189
67
229
180
78
197
183
118
32
34
0
8
9
0
0
0
0
3
3
15
6
8
23
7
11
20
10
15
19
5
13
13
23
31
31
36
44
46
32
40
40
25
32
25
22
31
14
26
35
6
29
36
5
37
39
18
39
40
26
38
40
27
29
32
23
18
23
16
18
24
14
27
35
20
35
47
27
47
62
33
48
63
30
45
59
23
33
47
11
22
33
0
20
29
0
29
37
13
39
47
24
135
148
131
40
53
36
12
25
7
31
43
23
14
23
6
12
18
6
29
34
28
19
21
20
2
3
8
13
13
21
7
7
15
0
1
4
1
6
2
7
13
1
3
12
0
4
14
0
95
107
43
140
143
64
186
165
84
213
172
84
236
172
75
240
163
57
232
156
36
229
159
27
229
173
28
226
180
25
231
191
34
243
200
46
249
197
49
251
185
45
255
174
42
242
177
61
214
194
107
143
147
88
3
4
0
1
1
0
17
16
24
0
0
12
3
8
12
3
12
9
4
13
8
15
26
22
20
30
32
20
27
33
18
26
26
14
22
11
18
28
1
35
44
13
42
45
24
39
40
24
33
35
22
26
29
20
16
21
14
15
21
11
25
33
20
36
48
28
36
49
23
43
57
24
55
69
34
58
72
36
47
58
24
29
38
7
23
29
3
25
30
7
112
123
107
41
52
36
20
31
14
34
45
28
20
31
15
16
24
11
24
31
24
15
19
18
3
7
10
0
0
5
0
0
4
14
13
11
16
16
4
3
2
0
8
7
0
42
42
0
132
137
45
165
161
53
195
167
67
211
161
66
227
154
62
233
146
53
232
143
41
236
150
37
235
160
32
233
167
27
239
179
31
250
189
39
255
186
42
255
176
38
255
165
35
249
170
52
222
198
98
192
194
119
60
61
21
3
1
0
3
2
7
1
4
13
7
13
13
0
8
0
4
16
4
6
17
9
9
19
21
9
18
25
9
17
20
18
25
18
28
38
14
34
43
14
42
46
23
39
42
25
34
38
24
28
31
20
19
24
17
16
23
15
24
35
21
36
47
30
43
56
30
46
59
29
56
70
35
68
79
45
65
75
41
47
54
23
25
31
5
13
18
0
70
78
63
36
44
29
26
35
18
32
43
26
28
39
23
22
33
19
21
31
22
16
25
20
5
9
8
0
1
0
3
0
0
17
10
0
13
4
0
11
0
0
33
19
0
99
85
20
169
160
43
193
175
39
208
169
50
213
152
46
221
140
49
225
129
45
226
124
39
234
133
41
239
144
38
239
150
34
245
161
36
254
169
42
255
168
43
255
159
39
255
151
39
247
161
52
226
199
92
234
236
150
131
130
82
14
11
0
9
7
12
10
10
18
10
17
10
5
16
2
13
26
8
6
18
4
10
20
21
8
16
26
2
9
17
19
25
23
34
41
21
24
30
2
38
42
19
34
37
18
29
33
18
24
27
16
17
22
15
16
23
15
25
35
24
37
48
32
38
50
28
42
55
27
54
65
33
63
74
42
61
70
39
45
51
23
24
28
5
11
14
0
28
32
18
28
32
18
25
31
17
28
37
20
32
45
28
29
43
28
25
38
28
29
40
32
12
19
12
13
14
8
8
4
0
10
0
0
15
0
0
31
9
0
84
57
12
150
122
48
187
157
35
207
168
29
216
160
37
220
146
39
225
134
43
223
118
37
221
109
33
230
114
37
240
128
42
242
133
40
246
143
42
252
149
44
254
149
42
251
142
37
255
140
39
239
152
49
217
191
81
240
240
152
162
159
114
29
25
13
25
22
31
12
12
22
3
10
3
13
24
7
15
27
3
4
17
0
15
25
24
15
22
32
4
8
19
27
31
32
52
56
39
37
41
14
43
47
22
37
40
19
28
32
15
20
26
14
15
22
14
17
24
17
27
37
28
40
51
37
40
52
32
44
56
32
51
61
34
52
61
32
45
51
25
32
37
14
23
26
5
19
22
3
13
10
1
27
27
17
28
32
18
25
33
18
34
47
30
35
52
36
32
50
36
40
56
43
27
37
26
17
19
6
9
2
0
30
14
0
71
47
11
105
73
26
139
100
45
180
132
56
196
135
29
212
141
23
216
135
27
219
127
28
225
121
32
221
108
28
221
100
27
230
106
36
241
114
45
242
115
44
244
122
47
247
128
46
244
128
41
241
128
36
243
133
36
230
148
48
213
186
83
235
232
151
153
147
111
20
12
10
20
13
31
10
7
24
0
4
0
5
14
0
3
16
0
0
8
0
10
19
16
14
18
27
6
6
18
39
39
41
82
83
65
84
87
60
66
70
43
53
58
35
37
41
24
23
29
15
14
21
13
14
21
14
23
33
25
36
46
35
47
58
42
45
57
35
45
55
31
46
54
30
49
54
32
48
53
33
41
44
27
34
36
22
24
17
9
36
32
23
35
35
25
29
35
21
33
47
30
37
56
37
37
58
41
44
62
46
45
58
41
17
20
3
10
2
0
66
47
15
143
112
68
175
134
80
176
126
63
190
123
52
203
113
34
213
111
26
208
104
17
207
98
13
215
100
17
215
95
16
221
93
22
236
102
39
237
98
41
238
99
44
239
102
47
239
110
45
233
113
35
230
119
30
236
133
32
227
153
48
224
199
99
236
232
159
126
119
93
6
0
5
3
0
21
10
6
29
7
12
8
0
5
0
5
16
0
0
9
0
6
12
8
5
8
15
1
0
10
31
29
32
84
83
63
108
108
80
77
82
52
61
67
41
39
46
26
23
29
15
12
19
11
10
17
10
17
27
19
28
38
29
40
51
37
33
44
27
34
43
22
50
57
37
78
83
63
93
97
80
84
86
73
66
68
57
39
28
24
41
32
27
39
36
27
32
38
26
31
45
28
36
55
36
38
61
41
39
60
41
49
62
44
38
42
19
35
26
0
76
54
15
150
112
63
192
142
83
192
133
63
195
114
49
206
91
46
215
83
42
203
76
21
201
76
10
207
84
7
208
81
4
213
81
9
231
91
29
232
84
34
232
84
38
233
88
43
230
95
39
224
104
28
224
117
23
231
139
26
228
162
49
234
210
114
216
210
148
83
71
59
7
0
14
3
0
30
6
1
33
13
14
16
0
6
0
8
19
0
5
15
0
5
10
4
4
5
10
1
0
9
12
8
9
51
46
26
85
84
53
64
69
39
51
57
31
35
42
22
26
32
18
21
28
20
21
30
25
31
40
35
42
52
44
50
60
49
50
61
45
57
66
47
74
81
63
103
107
90
121
125
110
119
121
110
107
107
99
42
34
31
34
29
25
33
34
26
32
38
28
27
41
26
33
51
35
41
60
41
38
55
36
46
55
34
70
70
46
67
54
22
60
35
0
107
66
18
170
118
60
193
132
67
198
114
54
199
79
42
209
72
38
198
68
19
199
70
12
205
78
7
201
75
0
202
71
0
215
80
14
219
80
25
219
79
30
218
83
35
216
91
35
210
102
29
213
119
29
224
146
38
225
170
69
225
205
132
176
171
131
34
24
22
16
4
26
12
1
35
1
0
23
6
5
10
8
11
0
0
8
0
1
10
0
2
7
3
7
8
13
5
4
12
3
0
2
19
16
1
55
53
32
49
52
31
38
45
27
33
39
27
33
40
33
39
45
43
45
53
55
59
67
69
72
80
82
85
94
91
95
104
99
104
111
104
105
112
104
108
115
107
118
123
117
127
129
126
129
131
130
33
40
33
25
32
25
22
32
24
30
41
33
33
45
35
28
40
28
30
41
27
41
48
32
47
46
26
65
58
32
82
63
33
85
55
19
88
50
5
115
67
18
163
108
52
211
139
81
211
106
51
202
83
25
189
71
9
194
75
9
199
81
9
198
77
4
198
77
4
200
82
10
197
80
11
200
88
22
199
95
30
191
96
28
189
107
34
200
129
51
218
156
73
219
174
106
205
191
156
73
73
61
8
4
5
13
5
16
7
0
12
4
0
11
7
2
9
9
7
8
6
11
7
0
2
0
0
4
6
0
2
6
2
5
12
4
3
9
13
9
10
49
48
46
65
67
66
70
76
76
83
88
92
93
98
104
102
106
117
110
113
128
118
124
140
124
130
146
125
132
148
122
129
145
118
126
139
115
123
134
114
122
133
112
120
131
109
117
128
107
115
126
119
130
124
84
95
89
46
57
51
23
34
28
13
24
18
12
22
14
24
30
20
40
40
28
50
44
28
60
48
26
70
49
22
72
43
11
74
39
0
92
49
6
121
73
27
153
90
37
216
126
66
221
117
52
212
107
42
200
92
27
192
83
16
192
83
14
195
87
15
196
89
17
188
87
15
183
89
17
177
93
21
180
103
33
190
123
53
206
146
76
213
158
91
200
163
111
109
98
80
28
26
27
4
0
0
11
2
5
9
0
1
11
0
3
17
8
13
8
3
7
8
9
11
0
3
3
4
12
14
0
7
9
8
13
17
9
10
15
8
5
12
59
58
64
131
134
141
128
132
141
128
132
143
130
134
146
134
137
154
136
139
158
133
138
160
130
135
157
117
123
147
118
124
148
119
125
147
119
127
148
118
126
145
113
122
139
105
114
129
100
109
124
182
191
186
156
165
160
127
136
133
107
116
113
84
93
90
56
62
58
30
35
29
19
20
12
37
33
21
51
39
23
67
49
27
82
56
29
90
57
26
92
54
18
91
49
9
98
44
0
139
63
11
179
92
36
208
119
61
217
124
65
215
121
60
214
118
57
206
111
47
194
99
33
205
113
48
198
113
48
194
115
49
198
127
63
205
141
77
196
138
75
163
112
49
123
85
36
47
32
9
15
8
0
13
2
0
18
5
0
11
0
0
15
0
0
18
7
5
6
0
0
5
6
1
0
2
0
7
16
11
0
6
3
10
16
14
10
14
13
2
2
2
71
71
73
147
150
157
137
141
150
129
133
144
129
133
145
135
138
153
137
140
157
128
133
152
119
124
144
116
121
141
115
120
140
111
118
136
108
115
133
102
109
125
93
101
114
82
90
101
75
83
93
142
148
144
147
153
149
162
168
166
180
186
184
180
186
184
155
161
159
121
126
122
100
101
96
62
59
52
57
49
38
52
36
21
52
31
12
61
35
12
77
46
18
91
56
26
108
59
26
93
25
0
123
44
1
149
66
22
165
81
35
180
92
44
196
104
55
204
110
59
204
110
58
203
112
59
198
108
55
189
106
52
185
108
56
177
105
54
153
87
35
108
46
0
61
14
0
47
21
0
33
15
1
36
14
1
30
6
0
20
0
0
19
0
0
22
2
0
11
0
0
11
4
0
1
1
0
11
14
5
0
2
0
7
10
3
11
12
7
3
0
0
78
76
77
142
145
150
131
135
144
122
126
137
121
125
136
127
131
143
128
131
146
120
126
142
112
118
134
100
106
122
94
100
114
84
90
104
75
81
93
67
74
84
60
67
75
54
61
67
50
57
63
123
125
122
127
129
126
137
141
140
156
160
159
172
176
177
180
184
185
184
188
189
188
190
189
177
176
174
161
156
152
134
123
117
106
89
79
81
62
48
67
44
28
62
35
16
71
28
9
112
46
24
109
29
6
105
21
0
114
27
0
126
35
6
138
40
11
148
47
16
158
55
22
158
55
20
152
52
16
143
45
10
131
37
3
122
33
0
115
30
0
101
21
0
83
14
0
64
18
0
51
13
0
51
9
0
50
7
0
44
0
0
43
1
0
46
10
0
44
14
4
39
16
6
20
6
0
23
15
4
6
0
0
10
3
0
17
8
1
19
5
2
83
73
72
146
145
151
134
138
147
123
127
136
114
118
129
108
112
123
101
105
117
93
97
109
86
90
102
67
71
82
62
66
75
55
60
66
49
54
58
45
50
53
42
48
48
39
45
45
37
43
43
142
141
139
136
135
133
129
129
129
127
128
130
132
133
137
140
144
147
152
155
160
162
163
167
170
169
174
177
175
176
185
179
179
184
174
172
172
159
153
155
138
131
139
119
112
140
106
97
150
91
85
132
57
52
110
33
25
107
25
14
108
20
8
104
11
0
104
7
0
112
11
0
114
12
0
118
16
0
119
17
0
111
10
0
105
8
0
107
12
0
110
19
0
106
25
6
83
18
0
72
15
0
73
12
0
77
15
0
80
18
5
75
17
6
73
21
10
74
30
21
69
32
23
49
21
10
37
14
6
21
2
0
21
2
0
32
13
9
54
30
28
87
68
70
126
124
129
115
119
128
104
108
117
91
95
104
77
81
90
65
69
78
56
60
69
51
54
61
46
49
54
45
49
52
43
47
48
41
45
44
38
43
39
33
38
32
26
31
25
21
26
20
137
133
132
136
132
131
135
131
132
135
133
136
138
137
142
137
138
143
129
132
139
123
126
133
147
147
155
155
156
161
166
164
169
172
167
171
172
166
168
173
163
164
173
161
161
182
157
160
193
146
152
178
118
126
146
84
89
121
52
55
106
32
31
102
23
19
111
24
17
118
28
20
102
8
0
113
16
7
119
22
13
117
20
11
111
17
9
108
15
7
105
12
5
98
11
2
95
17
4
98
22
8
95
17
5
93
13
4
98
19
12
95
20
14
88
19
14
84
23
18
76
27
22
59
18
12
37
2
0
35
4
1
32
2
0
52
20
21
95
60
64
90
65
69
95
90
96
84
89
95
77
82
88
69
74
78
62
65
70
54
57
62
46
50
53
43
44
46
43
45
44
41
43
40
39
41
36
36
39
32
34
35
27
28
30
19
22
24
13
17
19
8
152
147
144
146
140
140
141
135
135
141
137
138
145
143
148
145
144
150
135
135
143
121
124
133
114
117
126
126
129
138
144
144
152
157
156
164
162
159
166
158
155
162
154
149
155
155
142
151
182
156
167
195
162
173
190
153
161
162
119
126
131
82
85
110
54
55
91
30
27
79
12
6
88
17
11
92
19
12
93
18
12
92
15
9
91
13
9
91
16
11
88
13
10
83
8
3
87
10
0
101
23
11
95
15
6
85
2
0
88
7
3
94
16
12
86
15
13
78
17
14
63
12
9
51
7
4
25
0
0
35
3
4
34
2
5
60
28
31
119
84
90
91
64
71
64
59
65
53
58
62
48
53
57
46
51
54
46
50
53
44
45
47
37
39
38
31
33
28
38
39
33
33
34
26
29
29
19
26
26
14
28
26
13
29
27
14
30
28
13
30
28
13
138
130
127
165
157
154
161
156
153
142
138
137
138
136
137
135
135
137
134
135
140
147
147
155
133
136
143
125
128
135
117
120
129
123
123
133
139
139
147
151
151
159
148
148
156
137
137
145
121
124
133
132
135
142
145
144
150
144
138
140
122
111
109
89
71
67
57
32
25
38
10
0
46
14
3
49
13
1
57
19
8
66
26
16
61
21
13
50
10
2
52
11
5
68
21
15
67
8
0
86
22
13
90
21
16
73
3
1
63
0
0
67
1
2
67
7
7
56
6
5
39
0
0
40
9
7
35
9
8
18
0
0
20
0
1
55
30
34
76
49
56
59
40
46
52
50
55
35
40
43
26
31
34
26
32
32
28
32
31
29
31
28
35
36
31
42
43
35
44
44
34
49
47
35
53
51
38
59
56
41
61
58
41
62
59
42
63
58
39
63
58
39
132
125
119
149
144
138
155
150
146
146
142
139
142
141
139
140
138
139
133
133
135
129
130
134
138
139
143
144
147
152
145
148
155
134
137
144
121
124
131
115
118
125
114
117
124
110
119
126
114
133
139
107
128
133
97
115
117
83
97
97
66
77
71
52
57
50
43
43
31
42
36
22
50
41
26
32
20
4
17
1
0
21
5
0
41
23
11
49
31
21
32
13
6
18
0
0
44
9
3
47
4
0
46
1
0
48
0
0
50
2
2
48
2
4
37
0
0
24
0
0
30
6
6
13
0
0
7
0
0
8
0
0
16
7
8
33
22
26
36
24
28
20
11
16
29
30
32
24
30
30
22
28
28
23
27
26
27
29
26
33
36
29
46
47
39
59
59
47
71
69
56
74
71
56
77
74
57
81
76
57
82
75
57
80
73
54
79
70
52
77
68
50
103
99
90
111
108
99
128
125
116
136
133
126
135
134
129
139
138
133
134
135
130
118
118
116
121
123
122
129
130
132
132
136
137
129
133
134
123
127
130
116
120
123
108
112
115
97
107
109
70
90
91
58
82
82
49
69
68
40
59
55
40
56
46
44
56
44
52
58
44
58
61
44
31
32
14
32
31
13
27
24
7
29
23
9
44
40
28
61
57
46
56
52
43
39
32
24
19
10
5
14
3
0
15
0
0
19
1
1
16
0
0
13
0
0
10
0
0
15
7
5
9
9
7
0
4
0
0
10
6
6
18
14
12
24
20
23
31
31
22
28
28
5
9
10
21
27
27
30
36
34
34
40
36
29
34
28
26
29
22
34
37
26
52
54
41
66
67
51
87
84
67
90
85
66
93
86
68
94
85
67
95
84
66
93
82
64
91
78
61
89
76
59
83
84
70
85
86
72
107
108
94
123
124
110
125
125
113
139
139
129
147
149
138
132
133
125
129
130
124
129
132
125
124
126
121
110
112
107
95
97
94
79
81
78
61
63
60
45
51
49
31
43
41
32
47
44
41
53
49
53
64
56
63
73
62
70
76
62
69
73
58
66
69
50
52
53
35
53
54
36
45
44
26
27
25
10
21
22
8
42
42
32
73
73
65
91
93
88
70
81
77
45
55
54
18
24
24
6
7
9
3
3
5
3
3
5
0
1
2
0
2
2
0
5
0
0
6
0
0
18
10
0
18
10
0
15
8
11
28
22
21
33
29
10
21
17
13
22
19
32
38
34
42
49
42
35
40
33
27
30
19
35
37
24
53
54
38
69
68
50
88
83
64
90
83
64
93
84
66
97
86
68
99
86
67
101
85
69
100
84
68
100
83
67
78
81
62
76
79
60
91
94
75
100
103
84
95
98
79
111
114
97
133
134
118
129
130
114
126
127
113
126
128
114
114
116
103
81
83
70
48
50
37
30
32
19
30
32
21
35
36
28
61
58
53
65
60
56
73
68
62
84
77
67
91
85
73
91
83
68
83
76
58
76
69
50
75
68
49
61
54
35
46
40
24
37
31
17
25
21
9
20
17
8
27
24
17
33
38
34
11
29
31
35
58
63
53
71
75
38
51
57
12
21
28
0
6
11
0
5
7
0
5
5
6
25
21
0
13
6
0
14
6
0
20
11
0
18
9
6
21
14
22
32
24
29
36
29
0
4
0
14
21
14
29
36
28
30
36
26
29
33
19
38
40
26
57
58
40
74
71
52
90
85
65
92
86
64
98
87
67
101
88
69
105
89
73
107
90
74
109
90
76
109
90
76
93
98
76
91
96
74
94
99
77
90
94
71
80
84
61
88
92
69
107
109
87
116
118
96
116
118
96
105
104
84
83
82
62
62
61
43
58
57
39
68
69
51
83
84
66
93
91
76
103
93
83
99
86
77
90
78
66
84
72
58
83
72
54
84
73
53
85
77
54
87
79
56
66
60
36
55
50
28
49
46
27
48
49
31
39
41
27
22
25
14
18
21
12
20
31
27
74
95
100
102
126
136
115
133
143
85
99
108
55
63
74
62
69
79
94
101
109
117
127
129
79
91
91
19
34
29
0
9
2
14
27
18
22
29
21
14
17
10
23
20
13
36
36
28
1
6
0
6
13
5
18
24
14
30
33
22
35
37
24
43
44
28
60
59
41
77
75
54
94
88
66
96
88
67
100
87
68
104
88
72
106
89
73
108
89
75
111
89
76
111
88
78
98
106
82
103
111
87
99
107
83
94
100
74
93
97
72
91
95
70
100
103
76
117
117
91
131
131
105
106
104
79
77
75
50
72
70
47
94
92
69
116
116
92
118
118
94
109
107
84
106
99
80
102
93
75
92
84
63
83
75
52
76
70
44
75
71
42
77
76
46
81
82
51
69
74
42
61
67
39
47
57
32
30
44
21
26
41
22
42
59
43
79
97
83
109
128
124
131
149
159
126
142
158
123
132
149
128
131
148
139
136
153
134
130
145
105
99
111
73
68
75
114
112
115
56
54
55
17
16
12
18
13
9
23
12
8
25
7
3
30
6
2
28
11
4
25
26
18
9
16
8
10
16
6
27
30
19
39
41
27
45
46
30
59
58
38
79
74
54
90
84
62
94
83
63
96
83
66
100
84
68
103
84
70
106
84
71
107
84
74
108
83
76
63
69
43
76
82
54
73
79
51
72
76
49
83
88
58
80
83
54
81
81
53
98
99
68
113
112
82
102
101
71
90
89
59
90
89
59
105
104
74
116
115
85
112
111
81
102
98
69
96
89
63
103
93
68
105
98
72
102
95
67
92
87
58
80
76
47
70
69
39
64
67
36
54
61
30
57
67
40
53
65
41
44
59
38
52
69
51
82
100
86
112
132
120
127
146
140
136
150
153
118
125
135
98
100
112
89
87
98
88
82
94
91
81
92
97
87
96
106
97
102
119
113
115
96
90
90
61
53
51
26
15
13
18
3
0
42
22
21
51
27
25
27
9
5
31
31
23
3
10
2
0
3
0
18
21
10
38
40
27
45
46
30
60
59
41
79
76
57
87
80
61
89
80
62
94
81
64
99
82
64
103
84
67
107
85
71
110
86
73
111
87
74
52
53
22
51
52
21
55
56
25
69
70
39
89
90
59
99
100
69
90
89
59
73
72
41
80
79
48
94
93
62
105
104
73
107
106
75
108
105
72
110
107
74
109
106
73
107
102
70
105
96
65
106
95
67
111
100
72
115
106
77
104
94
67
83
76
50
77
71
47
82
80
57
66
65
45
72
75
56
44
48
33
48
54
40
122
130
119
157
167
158
109
120
112
57
67
59
75
80
73
86
87
79
99
99
91
108
107
102
114
111
106
113
109
106
109
105
102
107
103
100
110
109
105
117
116
114
122
121
119
119
115
114
99
95
96
73
67
69
47
41
43
32
26
26
18
19
14
10
13
6
0
2
0
3
4
0
27
29
18
46
46
36
61
59
47
77
73
61
97
91
75
92
85
67
91
80
60
97
82
61
103
85
61
107
87
63
109
87
63
110
86
62
60
57
26
56
53
22
49
46
15
50
46
17
61
60
30
77
76
45
84
83
52
83
82
51
71
70
39
84
83
52
96
96
62
100
97
64
101
98
63
103
100
65
105
101
66
103
97
63
111
100
68
107
96
64
106
95
65
106
97
68
103
93
66
93
85
62
87
81
59
87
82
62
76
73
56
76
74
59
75
75
63
105
107
96
130
133
124
96
101
94
68
73
67
87
93
83
89
90
74
97
96
78
103
102
84
106
104
89
106
104
91
106
104
92
107
107
97
111
111
103
107
108
102
115
116
111
126
126
124
131
131
131
128
129
131
121
122
126
114
115
119
110
111
113
72
72
70
58
59
54
27
28
23
9
10
5
21
22
17
40
41
35
59
59
51
80
77
68
80
76
64
88
80
65
98
87
69
104
89
68
102
84
60
98
78
53
96
75
48
98
74
46
49
45
16
51
47
18
48
44
15
45
41
14
46
45
17
57
56
26
66
65
35
69
68
38
79
76
45
83
80
49
85
82
49
83
80
45
86
82
47
96
92
55
106
102
65
113
107
71
116
107
74
109
100
67
99
90
59
90
83
54
93
86
58
95
89
63
90
84
62
80
75
55
69
66
47
100
99
81
116
117
103
121
123
110
113
116
105
84
87
76
75
81
71
107
111
97
104
105
87
108
107
87
107
106
86
103
102
84
99
97
82
100
98
85
105
105
93
112
112
102
123
123
115
125
124
119
125
126
121
124
124
122
122
122
120
119
119
119
117
118
120
118
119
121
129
129
131
130
130
132
111
111
113
89
89
91
84
84
84
78
78
76
68
67
63
66
63
58
91
86
80
91
82
73
90
78
66
90
74
59
91
74
56
98
77
58
104
82
59
109
84
62
53
49
24
56
52
27
55
51
26
49
45
20
46
44
19
50
49
21
53
52
24
55
51
22
75
72
41
78
73
41
79
75
40
80
76
41
84
80
43
92
88
51
102
98
61
110
104
68
115
109
75
111
105
71
98
92
60
84
79
47
86
81
51
94
90
61
87
83
58
69
67
44
61
60
39
94
93
73
98
99
81
81
84
67
82
84
70
89
93
78
89
93
79
92
96
79
112
114
93
110
109
88
105
104
83
99
98
78
96
95
77
95
93
78
96
97
83
98
98
86
117
117
107
117
117
109
115
116
110
114
115
109
114
115
110
116
117
112
118
120
117
120
122
121
125
124
129
126
125
131
105
104
110
82
81
86
85
84
89
98
98
100
108
106
107
117
113
112
92
87
84
87
78
73
82
69
61
84
67
59
93
75
63
99
80
66
94
71
55
85
59
44
81
78
59
76
73
54
64
62
41
53
51
30
52
47
25
58
54
29
61
57
30
61
56
27
55
50
20
62
56
24
71
65
31
80
74
38
85
79
43
85
80
42
84
79
41
84
79
41
97
93
58
102
97
65
95
90
58
82
79
46
84
81
50
92
91
61
87
86
58
71
71
45
107
107
81
92
92
68
82
84
62
96
98
77
112
115
94
110
113
94
107
110
91
116
119
98
112
112
88
109
107
84
104
102
79
102
100
79
100
99
78
96
95
75
89
88
70
84
82
67
95
96
82
95
95
83
94
96
85
96
98
87
99
100
92
102
103
95
105
106
100
106
106
104
98
97
102
97
96
104
77
76
84
61
60
66
74
73
79
98
97
103
121
119
124
140
135
139
141
135
137
131
121
122
108
97
95
90
75
70
86
67
61
90
70
61
92
69
59
88
64
54
100
97
82
94
91
76
84
81
64
75
72
53
74
69
49
76
70
48
70
64
40
63
56
28
57
50
21
55
46
13
55
47
11
59
51
15
62
54
17
63
58
20
68
63
23
74
69
31
67
64
29
76
73
40
77
74
41
70
70
36
74
73
42
83
82
51
80
81
50
70
70
42
83
83
55
65
65
37
64
67
40
90
93
66
105
107
83
101
103
79
101
103
81
109
111
87
112
112
86
111
109
84
111
109
84
112
110
87
111
111
87
107
106
85
97
96
76
89
88
68
82
83
65
78
79
63
74
75
61
71
73
59
71
73
60
72
74
61
73
75
64
73
74
68
86
86
88
96
95
101
99
98
104
105
104
110
118
117
123
118
117
123
113
110
117
117
112
118
160
153
158
164
153
157
151
139
139
124
109
106
99
81
77
91
72
66
93
73
66
95
72
64
103
100
91
101
99
87
96
92
80
88
85
70
85
80
61
83
76
57
76
68
45
69
59
32
73
64
35
63
52
20
52
42
7
50
40
4
52
42
6
57
49
10
68
60
21
78
73
35
60
57
22
61
61
27
61
61
27
60
61
27
64
65
33
69
70
38
65
66
34
56
57
26
64
65
34
77
78
47
91
92
61
92
93
62
92
92
64
105
105
77
113
113
85
105
105
77
105
104
74
110
109
79
114
113
85
116
115
87
114
112
87
110
108
83
108
108
84
107
107
83
96
95
74
88
87
67
77
78
60
72
73
55
74
75
59
80
81
65
85
87
73
88
90
79
80
80
78
84
84
86
91
90
95
110
109
114
130
129
134
126
125
130
119
117
122
128
123
127
108
102
104
137
128
129
163
151
151
169
155
152
161
143
139
144
125
119
120
100
93
97
77
68
114
111
106
106
103
96
91
87
78
76
69
59
70
62
49
76
67
49
84
73
51
87
75
49
73
62
34
70
57
25
70
57
23
73
63
27
75
65
29
70
60
22
69
59
21
69
64
26
75
72
37
67
68
34
62
63
29
61
62
28
64
65
33
63
64
32
54
55
23
45
46
14
71
72
40
83
84
52
96
97
65
89
90
58
74
75
43
80
81
49
91
92
60
89
88
57
90
89
58
99
98
67
107
106
75
107
106
76
102
101
71
101
100
72
107
107
79
115
115
89
132
132
108
118
117
96
96
98
76
82
84
63
77
79
58
80
82
61
85
88
69
88
90
76
88
89
81
86
87
82
92
92
90
116
116
114
132
132
130
118
118
116
103
102
100
107
106
104
124
120
117
139
131
128
154
145
140
172
161
155
199
184
177
216
199
191
207
189
179
187
167
156
110
109
105
109
105
102
100
95
89
88
81
73
78
70
59
75
66
49
79
66
47
82
67
44
99
83
57
91
76
45
80
65
32
73
60
26
72
59
24
72
59
24
67
57
21
63
55
19
67
64
29
66
66
32
67
67
33
66
66
32
63
63
29
58
58
24
52
52
18
48
48
14
52
52
18
60
60
26
73
73
39
81
81
47
80
80
46
79
79
45
86
86
52
97
97
63
78
75
42
78
75
42
86
83
50
97
94
63
97
96
65
92
91
61
96
95
65
106
105
77
119
119
91
120
120
94
117
117
93
114
114
90
113
115
93
112
114
92
100
102
80
84
86
65
87
88
74
96
96
84
101
103
92
95
97
86
86
87
79
88
89
81
104
105
97
122
122
114
150
147
140
139
135
126
148
139
130
178
168
158
200
188
176
203
189
176
209
193
178
221
204
188
102
100
101
100
99
97
94
91
86
85
78
70
78
70
59
80
68
54
84
69
50
84
68
45
88
71
45
91
74
46
96
79
49
101
86
53
101
86
53
90
77
43
74
61
27
58
50
14
61
57
22
59
56
23
58
55
22
57
54
21
57
54
21
56
53
20
56
53
20
56
53
20
51
48
15
49
49
15
50
50
16
52
52
18
51
51
15
54
54
18
67
67
31
82
79
44
64
61
28
68
65
32
75
72
39
82
79
46
82
81
50
82
81
50
87
86
56
94
93
63
72
72
44
84
84
56
100
100
72
112
112
86
119
122
95
120
122
98
108
110
86
94
96
72
89
91
70
89
90
72
86
89
70
80
83
66
78
81
64
85
87
73
101
103
90
115
117
104
137
138
124
143
141
128
153
147
133
163
155
140
174
165
148
186
175
157
195
182
163
202
187
168
103
103
105
103
101
102
97
93
90
89
82
76
86
76
66
91
77
64
95
78
60
95
77
53
100
80
55
101
81
54
103
84
54
106
87
57
106
89
59
100
85
54
91
76
45
82
69
37
68
59
26
63
57
23
59
53
19
55
49
15
55
49
17
57
51
19
60
55
23
62
57
25
60
55
23
52
49
16
47
44
11
45
42
9
45
42
9
48
45
12
59
56
23
70
67
34
61
56
24
68
63
31
71
68
35
70
67
34
70
67
34
75
72
41
77
76
45
78
77
47
100
99
69
100
99
69
95
96
65
91
91
63
92
92
64
98
98
72
102
102
76
102
102
76
85
88
61
83
85
61
81
83
59
81
83
61
83
86
65
87
90
71
91
94
75
93
96
77
133
134
116
156
155
137
169
166
147
163
158
138
163
155
134
175
164
142
180
168
146
175
163
141
114
114
116
114
112
113
105
101
98
93
86
80
89
79
69
97
84
68
103
86
66
104
84
60
112
90
66
107
86
59
101
80
51
99
78
49
100
80
53
102
85
57
104
88
62
106
91
62
90
77
45
84
73
41
77
66
34
70
59
27
66
55
25
66
55
25
66
57
26
66
60
28
58
52
20
51
46
14
48
43
11
48
45
14
49
46
15
47
44
13
49
46
15
52
49
18
55
50
18
66
61
29
70
67
34
66
63
30
67
64
31
78
75
42
82
81
50
81
80
49
80
79
49
85
84
54
89
90
59
91
92
61
92
92
64
95
95
67
98
98
70
101
101
73
97
100
71
94
97
68
90
93
66
88
90
66
86
90
67
86
90
67
85
88
67
83
86
65
101
103
82
130
129
109
153
150
131
156
151
131
157
151
129
164
156
133
167
156
134
161
149
127
124
124
126
125
123
124
114
110
107
95
88
82
88
75
66
95
79
64
102
84
64
103
81
58
104
80
56
105
81
55
106
82
56
106
85
58
108
88
63
107
89
65
105
89
64
104
88
62
107
90
60
104
88
55
98
81
51
91
76
45
85
70
39
79
66
34
76
62
33
73
62
32
70
61
32
63
56
27
61
54
25
62
57
28
62
58
29
57
53
24
54
50
21
54
50
21
44
39
9
56
51
19
64
59
29
63
58
28
68
65
34
81
78
47
90
87
56
90
87
56
69
68
37
71
70
39
74
73
43
77
76
46
78
79
48
84
85
54
95
96
65
104
105
74
117
117
89
112
112
84
103
106
79
93
95
71
85
89
66
82
86
63
85
88
67
88
91
72
78
79
61
95
94
76
120
117
100
145
140
121
161
154
135
170
162
141
179
171
150
189
178
158
130
130
132
136
134
135
128
124
121
105
98
92
92
79
70
97
79
65
104
83
64
106
81
59
103
77
54
104
78
53
106
80
55
108
84
60
108
86
63
108
87
66
107
89
67
107
89
65
110
91
61
110
89
58
108
87
58
104
85
55
97
80
50
91
76
45
86
71
42
82
68
41
83
72
44
75
65
38
67
60
32
66
59
31
64
59
30
59
55
28
58
54
27
61
57
30
49
44
14
56
51
19
62
57
27
62
57
27
61
58
27
67
64
33
72
69
38
73
70
39
87
86
55
78
77
46
67
66
36
60
59
29
58
59
28
66
67
36
82
83
52
98
99
68
99
99
71
106
106
80
110
113
86
109
111
87
98
102
79
87
90
69
80
83
64
77
80
63
82
83
67
77
78
62
90
88
73
119
116
99
140
135
116
150
143
125
171
162
144
196
187
169
125
127
126
139
139
137
139
135
132
116
109
103
98
85
76
100
82
68
106
83
65
106
81
59
105
79
56
104
76
54
100
74
51
98
74
50
97
75
54
101
80
61
105
86
69
112
91
70
108
84
58
110
85
55
110
87
56
110
87
56
105
84
55
100
81
51
94
77
49
90
74
48
79
67
41
72
62
35
65
58
32
61
54
28
55
49
23
48
44
19
47
43
18
51
47
22
61
56
27
62
57
27
63
58
28
64
59
29
58
53
23
51
46
16
50
47
16
53
50
19
54
50
21
56
52
23
62
61
31
72
71
41
75
76
45
73
74
43
73
74
43
77
77
49
72
72
46
84
84
60
97
99
75
104
106
84
100
103
82
89
92
73
77
81
64
71
73
59
75
77
63
64
65
51
66
64
51
80
76
64
92
86
72
100
92
79
124
115
100
151
142
127
113
115
114
133
133
131
139
135
132
119
110
105
99
85
76
97
79
65
102
79
61
102
75
56
96
68
47
97
69
47
99
73
50
100
73
52
100
75
55
99
76
60
100
78
64
101
80
61
108
82
57
110
83
54
110
85
55
111
86
56
108
84
56
103
82
55
98
78
53
93
77
51
95
81
55
91
79
53
88
78
53
84
77
51
75
69
45
63
59
34
58
53
31
60
56
31
61
56
27
58
53
23
61
56
26
66
61
31
61
56
26
50
45
15
48
45
14
55
52
21
60
56
27
54
50
21
51
50
20
56
55
25
58
59
28
57
58
27
60
61
30
66
66
38
70
70
44
71
71
47
71
73
51
74
76
55
77
80
61
82
85
68
85
89
74
88
92
77
75
77
64
70
70
58
70
68
56
73
69
58
77
71
59
84
76
65
107
97
85
130
120
108
