93
115
77
94
117
71
95
121
58
96
122
57
99
122
68
100
121
78
101
120
88
102
122
85
108
131
77
101
125
65
96
121
66
108
131
89
115
137
114
103
123
111
98
119
104
113
132
112
101
116
83
109
125
88
97
118
85
99
126
95
99
132
103
88
124
94
91
128
94
98
133
93
99
128
80
105
130
73
111
132
67
113
133
62
117
138
61
128
149
70
141
164
84
151
177
88
168
199
93
171
204
87
179
209
87
188
215
86
195
217
82
197
215
77
196
208
72
195
202
73
193
194
77
170
164
66
141
129
55
121
105
54
118
98
73
121
97
93
120
97
107
117
98
104
115
107
92
109
109
81
107
112
80
104
116
78
98
117
71
89
116
63
83
117
57
82
121
58
78
119
53
80
119
52
82
119
50
80
115
47
78
108
44
78
104
41
80
101
42
81
101
42
94
116
78
95
118
72
96
122
59
97
123
58
99
122
70
100
121
80
101
120
88
102
122
85
102
125
71
112
136
76
117
142
87
114
137
95
108
127
105
104
122
106
102
121
102
104
119
96
118
127
98
116
126
92
108
123
90
99
120
87
87
114
79
100
132
91
83
119
69
88
121
64
108
139
71
130
158
81
160
184
100
183
206
116
196
219
128
202
227
133
208
235
142
212
240
140
195
228
113
195
229
106
195
230
102
196
232
100
196
233
94
195
229
90
192
224
87
191
218
89
207
226
111
198
208
111
167
165
90
125
113
61
105
81
53
110
80
70
122
86
90
120
88
91
113
97
82
117
111
85
117
116
86
107
113
77
98
113
70
99
121
72
96
125
69
89
123
63
84
120
58
80
119
54
79
116
49
76
111
45
76
106
44
77
103
42
80
101
44
81
100
44
96
118
79
96
120
72
97
123
60
98
124
61
100
122
73
101
121
83
102
121
91
102
122
87
111
134
82
103
127
69
100
123
69
98
119
76
99
117
91
112
130
108
120
139
111
116
129
101
122
120
95
110
104
78
116
119
88
117
128
88
93
111
61
114
140
77
132
163
85
183
214
121
190
221
115
198
228
112
204
234
112
203
232
106
193
223
99
182
214
91
173
208
88
172
208
86
178
211
81
173
211
74
168
212
73
162
215
75
157
219
76
153
220
79
150
218
83
149
214
88
149
203
89
172
209
113
170
186
111
137
132
76
114
85
51
119
70
53
129
66
61
120
62
58
110
76
64
108
90
70
115
100
77
115
110
80
110
114
77
105
116
73
99
118
70
94
121
68
89
120
63
83
117
57
78
112
51
75
106
46
75
104
46
77
102
45
78
101
47
80
100
47
98
121
77
98
122
72
98
124
61
99
125
62
100
122
75
101
121
84
102
121
91
102
122
87
115
138
86
102
126
68
108
131
79
121
139
97
117
133
104
112
128
101
107
125
85
98
113
72
125
131
97
116
120
85
113
121
80
106
120
69
131
152
87
177
200
120
202
226
130
187
209
98
209
225
100
204
216
82
195
204
63
188
193
51
184
186
50
183
186
53
183
188
59
184
189
63
160
164
41
154
164
42
145
166
45
134
170
48
124
175
56
114
179
63
106
178
68
105
175
76
96
156
68
110
154
79
107
127
68
83
76
34
72
37
9
86
27
11
112
33
28
116
41
36
99
51
41
84
52
37
94
69
49
114
98
73
119
113
81
106
108
71
97
108
65
100
119
71
93
117
65
86
115
61
81
110
54
78
107
51
78
105
52
80
104
52
80
102
53
78
100
51
99
123
75
99
123
71
99
125
62
99
125
64
100
121
76
100
120
85
101
120
92
101
120
88
108
127
79
111
132
76
117
136
88
117
134
92
111
126
93
112
128
91
116
135
80
112
136
76
108
139
80
85
121
60
91
127
63
113
149
79
152
185
104
134
160
69
197
214
110
221
226
110
217
206
80
211
187
53
203
164
27
198
148
13
198
140
7
193
129
3
182
118
0
169
105
0
173
114
22
162
114
32
148
115
36
133
117
42
113
120
50
95
120
55
79
118
61
70
114
65
81
119
80
77
104
73
77
82
60
76
58
44
76
31
26
77
11
12
87
2
7
88
8
9
77
22
15
67
27
15
71
38
21
83
58
36
99
85
56
110
106
71
108
113
73
101
114
70
96
115
69
91
115
65
88
112
62
84
111
60
85
109
59
84
108
60
84
106
59
82
104
57
99
123
71
99
124
69
99
125
62
99
124
66
99
120
79
99
118
88
99
117
91
99
118
86
99
118
70
112
132
79
103
120
75
92
108
69
110
124
89
122
137
94
113
129
64
97
122
41
53
88
4
74
116
30
130
174
87
160
200
112
161
198
105
85
112
15
124
141
37
190
192
82
164
152
32
162
134
9
158
117
0
163
113
0
175
118
0
181
120
0
175
113
0
163
105
0
154
107
19
143
107
33
132
107
40
117
109
47
101
111
58
85
111
64
72
108
72
64
105
75
63
103
79
60
91
73
75
89
76
97
93
82
108
81
72
92
49
42
77
20
11
67
9
0
64
16
2
73
34
17
65
33
12
49
25
0
67
52
21
109
103
69
118
120
81
94
105
62
99
115
70
97
116
70
94
116
69
92
114
67
89
111
64
89
111
64
93
112
67
95
114
69
100
123
69
100
123
67
98
124
63
98
123
66
97
119
80
97
118
87
97
115
89
97
116
84
95
114
66
112
132
81
108
125
83
115
129
93
131
142
108
97
109
61
62
76
0
73
91
0
148
170
59
160
187
72
137
165
55
59
87
0
63
93
0
113
140
45
98
119
24
125
141
43
153
161
58
146
150
40
136
137
20
131
133
8
134
137
8
135
142
10
133
145
11
124
145
18
106
143
30
95
141
40
87
138
45
81
136
52
75
137
64
71
135
74
67
134
81
66
131
88
56
116
78
51
105
71
52
96
61
63
94
60
74
94
57
79
90
50
82
83
41
86
76
38
88
63
33
101
71
43
92
67
37
72
53
20
78
68
32
105
103
64
113
118
75
99
111
65
104
120
73
104
122
74
102
120
72
96
115
67
92
110
62
93
110
65
103
119
74
112
128
83
100
124
66
99
123
65
98
124
63
97
122
67
96
118
79
96
117
86
96
115
87
96
116
81
96
115
67
106
124
74
101
115
79
113
124
92
106
113
80
46
54
3
65
77
0
179
196
81
173
194
53
132
156
8
103
130
0
65
94
0
77
105
0
133
162
56
41
67
0
111
135
39
143
163
64
142
163
62
139
160
55
133
159
49
127
157
41
116
154
35
107
151
30
94
152
32
70
147
33
59
142
36
51
133
33
44
125
33
42
119
39
44
115
45
44
112
51
47
110
57
61
117
70
72
124
78
78
124
78
79
121
73
86
125
72
98
133
77
103
134
75
106
125
70
131
127
82
129
114
75
125
113
71
126
119
75
118
117
71
104
110
62
105
115
65
114
128
77
108
125
73
109
125
76
106
122
73
98
114
65
93
107
58
98
110
64
112
124
78
127
136
91
97
121
61
96
120
60
94
120
59
94
118
66
96
118
80
96
117
86
95
116
83
95
115
77
98
118
67
101
119
71
105
116
84
113
121
97
52
56
29
31
35
0
135
144
55
199
216
86
169
197
25
143
177
0
127
164
0
124
160
0
133
168
24
147
180
50
109
138
20
36
59
0
130
148
46
136
154
55
133
150
56
119
140
47
113
139
48
109
142
53
91
129
42
62
112
23
53
124
32
43
119
28
44
116
30
58
123
41
71
125
50
79
124
57
89
127
66
102
133
76
98
125
72
100
124
74
101
125
75
99
126
73
99
128
72
99
130
73
97
131
71
103
128
71
113
124
68
116
121
65
115
123
66
115
126
68
113
126
70
108
125
70
109
128
72
112
131
75
106
125
70
114
131
79
116
130
79
101
113
63
95
105
55
117
125
78
132
135
90
119
122
77
96
120
58
94
118
56
92
117
59
93
117
65
94
116
77
95
117
81
94
116
77
93
114
69
93
113
60
102
118
71
104
113
86
92
95
78
40
39
19
30
31
0
124
129
39
205
215
80
198
213
32
190
211
10
190
211
20
187
208
29
181
202
37
184
203
51
158
173
32
107
118
0
60
68
0
84
90
0
99
105
7
87
97
8
67
84
4
66
87
18
76
105
41
83
121
60
77
128
61
81
134
66
88
138
69
94
135
69
93
125
62
92
116
54
99
117
57
109
122
66
111
122
66
111
121
68
109
123
70
106
124
72
103
128
73
100
130
76
98
131
78
101
132
75
102
127
62
108
129
62
109
132
64
107
132
66
108
133
68
108
134
71
108
134
73
109
133
75
113
134
78
87
104
50
90
104
51
117
127
77
119
125
77
101
104
57
90
89
43
86
83
38
95
120
55
93
117
55
91
116
58
92
116
64
91
116
76
92
117
78
93
116
70
92
115
63
96
117
60
101
117
70
96
103
83
62
62
54
30
26
17
35
31
0
100
99
16
208
203
73
215
197
25
227
204
14
237
218
30
235
219
35
228
213
32
233
220
45
237
223
54
225
210
49
166
150
2
149
132
0
127
115
0
116
111
11
117
118
40
119
127
67
112
128
81
106
124
86
105
121
84
113
128
89
118
130
90
114
125
82
111
120
73
110
118
67
111
120
65
111
120
65
112
123
67
109
124
67
107
126
71
105
128
76
102
130
81
100
132
85
99
132
89
100
134
83
97
129
62
104
136
61
105
139
63
102
135
62
103
136
67
108
139
72
107
137
73
104
129
71
85
108
52
65
83
31
66
78
28
83
91
44
95
98
53
100
101
57
99
96
53
89
84
42
95
120
55
93
117
55
91
116
58
92
116
66
91
116
74
92
117
75
93
117
65
92
116
58
104
126
62
100
113
67
90
94
79
44
40
41
33
24
25
41
31
6
81
75
0
216
204
82
250
220
62
255
225
50
255
236
58
255
238
56
255
232
47
255
232
44
255
239
51
255
242
58
255
235
61
247
225
64
223
206
66
190
179
61
149
148
56
120
127
57
113
127
74
121
136
95
121
127
91
119
123
88
113
118
78
108
114
68
113
120
69
120
129
72
118
128
68
109
121
59
111
126
61
110
126
63
109
127
65
109
129
70
109
130
74
108
131
79
109
131
84
107
134
79
102
135
64
106
143
65
105
142
65
100
133
62
102
135
66
111
141
77
111
139
78
105
130
73
101
121
70
91
107
60
78
90
44
61
68
26
55
57
17
72
73
33
84
80
42
73
69
31
96
121
56
94
118
56
92
117
60
93
117
67
92
118
73
93
119
72
94
119
61
93
118
52
104
125
58
99
113
64
90
91
83
40
34
44
36
23
33
39
26
10
80
71
2
247
235
125
255
234
96
255
238
84
255
243
83
255
249
80
255
253
72
255
246
57
251
237
42
249
235
38
255
241
48
255
246
62
251
244
76
219
219
73
166
174
53
120
136
37
102
125
43
105
130
62
113
138
73
113
135
73
109
131
66
105
128
60
103
129
56
106
133
56
106
130
52
101
126
45
107
130
50
111
130
51
113
130
52
117
129
55
121
128
58
126
128
62
127
127
63
124
131
64
114
137
65
111
141
67
108
138
68
103
132
65
108
134
71
117
142
84
120
143
89
117
136
88
115
132
88
93
108
67
79
90
50
69
77
40
56
60
25
53
54
20
55
55
21
52
49
16
96
121
56
94
118
56
92
117
60
93
117
65
92
118
71
93
120
69
94
120
55
93
119
48
94
115
46
101
115
66
91
92
86
43
34
51
38
21
40
38
21
13
84
72
11
251
239
139
255
240
122
255
245
113
252
239
99
249
238
88
255
250
87
255
250
75
255
244
58
255
247
55
255
247
54
248
233
44
234
223
47
232
226
66
229
232
91
203
213
90
153
171
63
109
133
39
100
127
48
103
130
59
109
137
63
110
138
64
101
132
56
94
125
49
97
125
48
105
132
55
106
130
52
107
130
52
111
130
51
116
130
53
119
130
52
124
131
54
127
131
55
125
133
58
121
138
67
113
136
68
109
131
66
109
131
69
115
134
78
120
138
86
121
139
91
122
137
96
88
102
66
76
87
53
58
68
34
43
50
19
45
50
20
66
69
40
67
70
41
44
44
16
97
119
55
93
117
55
91
116
59
92
116
64
91
117
69
92
119
66
93
120
51
92
118
44
92
114
41
104
118
69
83
83
81
43
31
53
49
31
57
49
29
30
69
54
0
174
165
74
245
237
138
255
255
149
255
252
137
243
239
114
248
242
106
249
239
92
251
235
77
255
243
75
254
227
52
255
228
52
255
228
56
252
227
64
251
231
80
241
228
87
212
208
75
180
184
71
128
143
62
109
130
65
104
124
61
110
130
69
110
130
71
100
121
64
100
121
65
109
130
74
103
127
69
104
128
68
104
130
65
105
132
63
107
135
61
107
138
60
108
140
57
112
139
60
122
139
71
114
125
65
110
121
63
116
126
73
116
128
80
109
120
77
105
116
76
107
117
83
70
79
50
65
74
47
44
52
28
12
20
0
14
19
0
49
54
31
57
62
39
27
32
9
93
117
57
92
116
58
90
115
58
88
116
58
90
117
62
90
118
59
91
118
47
91
117
43
97
120
50
105
121
76
70
72
67
34
29
47
60
48
72
59
44
49
37
27
0
74
68
8
150
149
82
199
202
123
227
230
139
232
231
125
238
234
111
236
227
88
235
219
62
251
228
60
255
225
49
255
232
53
255
226
50
247
213
41
241
212
46
249
225
65
246
230
75
232
224
91
186
192
94
136
148
72
105
116
47
109
121
59
119
132
78
112
126
77
103
118
75
104
121
77
102
124
77
102
126
74
101
129
71
102
132
70
103
135
68
103
139
67
104
140
66
108
138
68
126
137
77
115
120
66
110
114
63
117
123
75
114
119
78
95
101
63
84
90
56
85
92
61
45
51
25
25
33
9
21
29
5
23
31
8
14
22
0
14
22
0
29
37
13
41
49
25
89
116
63
87
114
59
85
113
54
84
114
50
87
118
50
90
120
50
91
121
49
92
119
50
89
113
55
98
116
76
86
99
82
60
65
68
55
57
69
75
73
84
83
82
80
74
74
62
64
68
45
80
85
45
124
129
63
190
191
98
228
227
101
220
213
60
215
204
28
238
221
30
241
219
22
242
216
18
243
214
24
244
216
29
243
216
37
238
215
41
234
213
42
227
214
58
216
215
88
178
181
74
124
129
35
109
116
38
108
117
54
114
124
72
111
124
78
99
116
72
99
118
70
106
129
75
100
125
67
101
127
66
113
137
77
105
129
71
102
123
67
121
138
86
93
100
49
111
113
64
125
127
80
125
128
85
112
114
75
92
96
61
81
85
52
76
81
51
66
72
44
35
44
15
34
43
14
21
32
2
25
36
4
17
28
0
50
61
27
66
77
43
86
114
65
84
113
59
83
113
53
83
114
47
85
117
44
88
118
44
89
119
49
92
118
57
93
115
68
91
111
76
78
93
74
62
73
67
67
74
80
86
90
102
90
93
108
79
83
95
69
73
76
64
66
52
72
73
29
113
114
34
166
164
45
192
185
35
204
193
17
224
207
16
222
199
5
225
198
3
227
199
11
229
201
16
225
198
19
220
194
19
214
191
17
208
190
30
194
187
54
166
164
51
137
137
39
123
126
45
111
117
53
104
113
60
105
118
72
103
120
75
107
127
76
103
126
72
99
123
65
107
128
69
118
137
81
116
133
79
110
123
77
116
125
80
116
119
74
116
115
71
110
111
69
107
108
68
100
102
65
90
91
59
74
77
46
63
68
36
81
88
57
39
46
15
22
31
0
29
40
6
51
65
29
68
83
44
93
108
67
99
114
73
83
111
60
84
113
57
84
114
52
83
114
47
83
113
43
84
114
44
89
115
50
92
117
62
99
120
79
84
103
75
68
82
67
63
74
70
71
78
84
80
84
95
74
76
89
61
63
75
62
62
72
57
54
49
51
46
14
78
73
9
142
132
34
188
175
45
197
181
26
198
175
7
206
180
7
213
183
9
218
186
15
217
186
18
215
184
18
208
179
15
203
175
13
193
173
26
172
163
44
142
139
42
133
132
49
125
128
57
113
118
62
99
108
61
102
115
71
103
120
75
96
116
65
93
114
58
100
121
62
106
128
66
103
121
61
103
118
63
105
119
68
107
116
69
111
114
71
109
110
70
102
103
63
91
91
53
77
79
42
64
68
35
55
58
27
49
54
22
64
71
38
39
46
13
30
40
5
58
70
32
70
85
44
83
98
55
78
95
50
71
88
43
82
111
55
84
113
55
85
115
53
83
113
49
83
112
46
83
112
48
87
112
55
91
113
66
90
110
75
73
88
67
60
72
62
64
72
72
71
76
82
63
67
76
49
52
61
41
41
51
37
33
48
48
41
46
47
38
20
63
51
3
118
102
24
168
149
44
179
155
29
169
142
1
187
155
10
193
159
10
197
161
15
194
159
13
192
157
13
189
157
12
185
155
9
174
151
21
148
140
41
108
107
27
116
117
47
115
119
60
115
122
71
105
114
71
105
118
75
100
117
72
95
113
61
97
118
61
117
139
77
117
137
74
93
108
49
91
104
48
109
122
69
117
125
78
102
104
64
98
98
60
90
90
54
79
81
44
65
69
34
52
56
21
38
44
10
30
36
2
36
44
7
43
53
16
56
68
28
83
96
53
55
71
24
50
66
17
36
54
4
40
58
6
82
113
53
83
114
54
84
116
53
84
114
50
84
112
51
82
110
52
84
108
60
85
105
68
72
87
64
61
73
61
59
70
66
70
78
81
73
78
84
59
64
70
47
50
55
46
46
54
43
36
54
62
50
64
54
41
35
44
29
0
79
60
4
132
109
33
164
135
41
173
140
33
181
145
33
185
145
31
183
144
27
177
138
21
173
136
19
174
139
19
170
138
17
156
134
25
94
87
9
63
63
3
107
110
57
113
116
69
116
123
81
105
116
76
106
121
78
100
117
72
99
117
65
99
119
60
112
132
71
107
125
63
81
95
36
81
91
38
98
108
58
100
107
63
102
106
69
91
92
58
75
76
42
62
66
31
56
60
25
47
53
17
36
42
6
26
34
0
44
52
11
62
73
30
79
92
46
91
105
56
47
64
10
45
62
7
55
75
16
81
101
42
80
115
49
80
115
49
82
114
49
84
114
52
85
113
54
84
108
58
80
100
62
77
93
66
66
78
64
63
72
67
66
74
76
75
80
86
68
73
79
51
56
60
43
47
48
48
49
53
52
45
61
69
56
73
57
43
43
38
21
5
53
33
0
95
69
18
131
102
36
153
119
45
157
120
40
157
119
36
150
110
25
139
102
14
139
104
14
143
108
18
137
104
11
117
95
12
30
24
0
24
25
0
113
116
73
117
124
83
114
122
83
101
113
73
109
124
81
104
122
74
112
130
78
102
119
64
95
113
55
90
105
48
86
96
43
88
96
47
85
92
48
73
80
39
81
87
51
82
86
53
71
75
42
47
53
19
25
31
0
22
30
0
40
48
9
59
67
26
72
83
40
84
96
48
99
113
62
105
120
65
77
95
37
79
97
35
99
120
55
122
143
78
78
115
46
77
112
44
79
111
46
83
113
51
86
113
58
83
106
62
73
92
60
65
80
61
72
82
74
73
78
81
72
76
85
70
73
82
56
59
64
39
43
44
33
38
34
38
40
39
38
35
44
46
38
49
37
26
30
28
13
6
40
22
2
58
35
4
71
43
4
84
51
6
92
58
10
91
55
3
82
47
0
75
40
0
78
46
0
85
53
0
76
46
0
52
31
0
8
3
0
8
12
0
116
122
86
115
123
86
110
121
81
105
117
77
116
132
87
106
124
76
122
139
87
115
132
80
100
114
63
96
108
58
110
119
74
112
119
77
95
99
62
78
84
50
64
70
36
65
70
38
54
60
26
31
38
4
15
23
0
24
35
0
60
71
28
93
105
59
95
107
59
95
109
56
114
129
72
113
131
71
107
126
62
100
121
54
114
135
66
116
138
66
78
115
45
74
111
41
74
109
43
80
111
51
86
113
62
82
104
65
71
87
61
59
71
57
77
83
83
76
79
86
72
74
86
63
65
77
49
52
57
36
40
39
33
38
31
39
42
35
49
49
51
42
40
43
28
22
22
28
18
16
44
30
21
48
30
16
42
19
1
44
17
0
51
23
0
50
20
0
43
13
0
40
11
0
49
22
0
59
33
0
47
22
0
20
5
0
17
16
0
11
18
0
111
121
86
102
114
76
108
120
80
112
128
83
124
140
93
104
122
72
97
113
64
106
119
73
95
106
63
91
99
58
109
115
77
107
113
79
88
91
62
80
85
55
76
83
50
48
55
21
19
26
0
15
25
0
41
52
12
73
84
41
94
106
60
99
113
62
107
121
68
99
114
57
114
132
70
105
124
58
107
128
59
95
117
45
112
134
61
107
129
56
77
117
44
74
114
43
75
110
44
81
112
53
78
104
56
93
113
76
50
64
41
55
65
56
46
50
53
53
53
63
52
51
65
45
45
57
41
42
47
43
45
42
42
45
36
35
41
29
47
53
43
24
29
22
10
11
5
18
15
10
31
23
20
36
25
21
42
27
24
50
31
27
59
38
33
39
19
12
38
18
11
25
5
0
39
21
11
59
40
33
29
12
4
7
0
0
0
4
0
44
56
20
101
113
75
97
112
71
81
97
52
86
102
55
92
108
59
110
126
77
80
96
49
102
115
72
108
118
81
98
105
72
86
90
63
71
75
50
63
65
44
66
70
47
43
53
19
20
30
0
16
26
0
44
56
16
76
89
45
90
103
57
95
109
58
100
117
62
101
119
59
102
121
57
116
135
69
98
120
48
59
81
8
67
89
14
89
111
36
76
98
23
74
116
44
74
114
43
76
113
46
83
114
55
79
105
57
84
104
67
41
55
32
46
53
45
55
56
60
51
49
60
41
39
53
32
30
43
31
30
35
33
35
32
34
37
26
31
38
22
31
43
23
12
23
6
2
10
0
10
13
6
20
19
17
24
18
20
27
18
23
33
22
28
42
29
36
22
10
14
30
18
22
32
20
24
36
25
31
33
24
29
5
0
5
1
0
0
20
28
4
73
85
49
117
132
91
96
111
68
79
95
48
89
106
54
72
89
37
55
71
22
69
84
41
105
117
79
124
135
103
101
110
83
69
74
51
58
61
40
58
61
42
55
60
37
28
40
4
36
49
6
54
67
24
73
86
42
80
94
45
82
99
47
97
114
59
115
133
73
117
136
72
103
122
56
98
120
48
76
98
25
43
65
0
59
81
6
93
115
40
95
117
42
71
114
43
73
114
44
77
114
47
83
117
57
79
105
57
69
89
52
31
43
21
33
39
29
48
49
51
38
37
45
29
25
39
27
24
35
29
28
33
32
33
28
33
36
25
33
40
22
14
26
2
2
16
0
0
8
0
4
11
3
9
13
12
11
10
16
14
11
20
21
15
25
28
23
30
14
9
16
22
17
23
28
23
30
32
29
38
29
27
40
9
8
22
8
12
15
84
93
72
94
108
72
120
135
94
111
127
82
92
108
59
82
99
47
74
91
39
89
105
58
104
116
76
60
71
37
52
62
35
77
85
61
75
83
60
56
61
39
36
41
18
16
25
0
39
54
13
66
82
35
94
110
61
99
116
64
86
103
48
77
97
38
87
107
44
100
121
56
99
120
51
85
107
35
87
109
37
80
102
29
61
83
10
73
95
22
99
121
48
101
123
50
71
114
45
73
114
46
74
113
48
81
115
55
77
103
55
56
74
36
25
38
12
27
33
21
32
32
32
25
22
29
23
20
29
29
26
35
32
30
33
28
29
24
27
29
18
26
33
15
4
17
0
0
12
0
0
10
0
2
12
4
5
10
13
6
9
16
12
12
22
20
18
29
19
18
24
16
15
20
21
21
23
28
29
33
38
41
48
44
46
58
36
39
54
31
36
40
113
125
105
85
99
64
90
105
64
101
117
72
101
117
68
90
107
55
84
100
51
111
127
82
81
93
57
29
40
10
30
40
15
58
68
43
41
51
24
21
32
0
29
41
5
36
49
6
64
82
32
86
105
50
104
123
67
104
124
65
95
115
52
88
109
44
82
103
36
75
96
27
69
91
19
63
85
12
77
99
26
90
112
39
87
109
36
91
113
41
102
124
52
101
123
51
69
114
47
71
113
47
72
111
48
78
112
52
75
102
51
41
59
17
26
37
7
30
34
19
24
23
19
24
19
23
26
21
28
30
25
32
28
26
29
23
22
20
19
20
12
18
22
7
4
13
0
1
13
0
3
13
2
7
13
11
8
11
18
10
12
24
19
19
29
27
27
35
20
21
23
8
10
7
3
6
0
15
20
13
19
24
20
16
22
22
40
45
51
66
74
74
74
85
68
56
69
39
62
74
38
71
84
41
92
105
59
100
114
65
71
84
40
53
65
25
49
60
26
40
51
21
45
58
30
36
49
19
16
30
0
41
56
13
75
92
40
68
87
31
73
94
35
87
109
47
97
119
55
98
120
55
100
123
55
102
125
55
93
116
44
78
102
28
70
94
20
64
88
14
70
94
20
82
106
32
88
110
38
93
114
45
100
121
52
102
123
54
69
113
50
70
112
48
69
108
45
75
109
49
74
101
48
28
47
2
25
36
4
31
36
16
19
19
11
24
20
19
26
21
25
28
23
29
31
29
30
37
36
34
35
36
28
31
33
22
7
11
0
7
13
1
10
15
11
10
14
17
13
13
25
15
14
28
21
21
31
27
26
31
3
4
0
10
13
2
49
53
36
110
117
99
105
112
96
50
58
47
50
56
52
78
88
80
49
60
44
42
54
30
66
77
45
80
92
54
80
93
49
67
80
36
47
60
17
55
67
29
64
75
43
38
49
19
26
39
9
37
51
16
61
77
32
97
116
60
108
129
62
83
106
34
79
104
36
91
116
50
99
124
56
98
124
53
98
121
49
100
124
50
99
123
47
94
118
42
87
111
35
86
110
34
85
109
35
87
110
38
93
114
45
96
117
50
95
116
49
93
114
49
65
111
49
67
111
48
67
107
45
74
108
48
74
101
48
18
37
0
21
33
0
28
32
9
18
16
4
26
21
17
28
22
24
29
24
28
42
40
41
56
55
51
46
47
41
25
26
18
6
7
0
10
11
6
14
13
18
14
12
23
14
12
26
14
12
26
15
13
24
17
15
18
17
17
7
9
12
0
11
17
0
58
65
34
72
81
52
56
64
41
84
93
76
111
119
104
80
88
73
66
75
58
88
98
73
99
110
76
77
88
48
41
52
12
37
47
10
80
90
55
43
54
24
35
46
16
48
62
29
81
96
55
98
117
61
96
119
49
99
124
41
107
135
50
94
120
46
98
125
54
102
128
55
99
125
51
94
121
44
92
119
40
94
121
42
96
123
44
92
116
38
100
124
48
97
121
47
91
114
42
97
120
52
99
121
56
93
113
50
87
107
44
63
108
49
66
110
49
67
107
47
75
108
51
77
101
51
13
30
0
18
28
0
24
26
4
21
17
6
29
24
21
30
24
26
31
26
30
45
43
44
55
56
51
29
32
23
0
2
0
3
3
1
9
7
10
14
11
20
15
11
25
14
10
25
11
9
22
7
6
12
3
3
1
2
4
0
9
13
0
2
9
0
40
50
13
88
98
63
113
124
90
128
139
109
103
113
89
108
117
100
97
106
89
99
109
85
85
96
66
71
81
46
58
68
31
31
43
7
28
40
4
10
21
0
47
61
26
80
96
57
99
117
69
109
131
69
104
130
56
97
125
40
96
126
40
100
128
51
95
123
49
93
121
46
95
122
45
96
123
46
95
122
45
95
122
43
96
123
44
90
114
38
99
123
49
88
111
39
73
96
26
81
104
36
95
116
51
96
116
53
95
115
52
70
118
60
56
101
42
70
109
52
80
113
60
56
79
33
31
45
9
26
30
5
18
16
3
22
14
11
37
28
31
34
27
34
54
49
55
42
42
44
36
38
33
1
9
0
0
6
0
7
8
12
0
0
9
8
6
17
18
16
27
11
10
18
13
14
18
15
17
14
0
2
0
15
22
6
9
17
0
15
24
0
67
79
43
106
118
80
126
141
102
137
152
113
96
107
73
69
77
54
66
73
53
53
61
38
46
55
28
51
62
30
45
56
22
30
44
8
26
41
2
75
92
50
84
103
57
95
118
66
102
125
69
100
126
63
97
124
55
95
125
51
96
127
51
96
126
52
95
125
51
95
125
51
96
124
49
94
122
47
92
120
45
91
117
44
90
116
43
88
111
39
98
121
49
88
109
40
70
91
22
78
99
32
93
112
46
94
113
49
91
110
46
68
116
56
59
104
45
68
107
50
81
111
59
63
84
39
33
47
11
21
25
2
19
17
4
41
33
31
49
40
45
53
43
51
36
31
37
20
18
19
3
5
0
1
9
0
3
10
2
22
23
28
20
18
29
21
20
28
15
14
20
3
3
5
7
9
6
23
26
17
29
35
21
1
8
0
17
27
3
53
64
34
110
121
87
120
132
94
105
120
79
112
127
84
95
107
69
78
87
60
47
52
30
23
31
7
37
46
19
52
63
31
45
56
22
50
64
28
80
97
55
95
114
68
100
120
69
104
127
71
105
130
72
101
130
66
99
128
62
98
129
61
99
130
60
96
126
54
96
126
52
95
125
51
94
124
50
94
122
48
91
118
47
90
116
45
89
115
44
92
115
45
81
104
34
63
84
15
64
85
18
85
104
38
93
112
46
90
109
43
94
113
47
69
114
49
66
108
44
67
106
43
80
111
52
74
97
45
38
53
12
15
22
0
19
20
2
46
41
35
43
34
35
52
43
48
18
11
16
11
7
6
1
0
0
24
26
15
21
22
14
34
32
33
33
28
34
22
17
21
19
15
16
25
24
22
26
25
20
21
23
12
22
26
11
20
25
5
73
81
57
112
121
92
118
128
94
98
110
74
92
104
66
88
103
62
55
67
29
36
45
16
31
40
13
15
24
0
11
20
0
26
37
5
49
60
26
76
91
52
107
124
80
104
123
77
104
124
73
102
125
71
100
125
67
97
125
64
97
126
60
97
126
60
98
127
60
95
127
54
95
127
54
95
125
53
93
123
51
91
121
49
91
118
49
88
115
46
88
113
45
99
124
56
69
92
24
46
69
1
64
85
18
92
113
48
91
112
47
84
105
40
94
115
50
70
111
43
72
111
44
70
105
39
79
109
47
82
107
50
46
64
16
15
25
0
21
25
2
41
41
29
32
27
23
33
24
25
13
4
7
15
7
5
23
15
12
41
34
24
27
20
10
35
27
24
36
28
26
21
13
10
18
10
7
35
30
24
37
33
22
25
23
10
29
30
12
85
88
67
123
129
103
132
138
110
100
109
78
79
89
55
84
96
60
76
88
50
41
53
17
26
37
5
33
42
13
24
33
2
23
32
1
52
63
29
83
97
61
99
116
74
107
124
80
101
120
72
98
118
67
94
117
63
94
119
61
96
122
61
96
125
61
97
126
62
97
126
60
95
126
56
95
126
56
95
125
55
93
123
53
91
121
51
89
118
51
89
116
49
87
114
47
101
126
60
74
99
33
54
79
13
71
93
28
93
115
50
88
109
44
80
101
36
91
112
47
75
111
39
78
114
42
73
106
35
78
109
41
86
112
49
58
78
25
24
39
0
23
32
3
40
43
26
37
34
27
19
14
11
18
8
9
8
0
0
29
15
12
27
12
5
20
6
0
29
16
8
40
27
19
26
16
6
13
3
0
22
14
1
36
28
13
60
55
36
94
93
72
127
129
105
114
118
91
106
113
82
100
107
76
89
99
65
73
83
48
63
75
39
75
87
51
46
57
23
22
33
0
13
25
0
50
62
26
96
108
70
102
117
76
92
109
65
96
113
68
99
118
70
98
118
67
96
119
65
97
120
64
99
124
66
101
127
66
99
127
66
98
127
63
95
126
59
94
125
57
94
125
57
93
124
56
92
121
54
90
119
53
88
117
51
89
115
50
89
115
50
85
111
46
76
102
37
79
104
39
88
113
48
85
107
43
80
102
38
88
110
46
80
112
39
82
114
41
78
110
37
78
108
38
84
110
45
70
93
37
42
61
16
25
39
6
29
36
16
39
39
29
16
11
8
19
9
10
11
0
0
24
6
6
15
0
0
31
11
4
34
16
4
36
20
5
29
16
0
30
17
0
49
38
20
74
66
45
104
98
76
131
126
104
105
105
79
97
100
71
97
102
72
86
93
62
77
87
53
62
72
38
47
59
23
70
82
46
35
47
9
43
55
17
50
62
22
66
78
38
85
100
59
89
104
61
87
104
59
94
112
64
98
118
67
99
119
68
98
121
67
98
121
65
97
122
65
96
121
63
96
121
63
94
122
61
94
124
60
94
124
60
94
124
60
94
125
58
94
123
57
93
122
56
92
121
55
91
120
54
79
105
40
91
117
52
90
116
51
82
108
43
84
110
45
84
109
44
82
107
42
87
112
47
84
114
44
84
114
44
83
113
43
79
106
39
78
104
39
82
107
50
62
83
38
29
44
11
22
31
10
34
35
27
17
11
11
23
11
15
49
30
36
42
20
23
27
1
4
50
25
21
47
25
11
36
18
0
43
27
4
68
52
29
95
80
57
118
106
82
122
115
89
112
106
80
86
85
57
96
97
66
94
99
67
58
65
32
49
59
25
50
60
26
28
39
5
38
50
14
46
61
20
87
102
59
104
119
76
88
103
60
83
99
54
92
108
63
99
117
69
105
123
75
95
115
64
97
117
66
96
119
65
94
117
63
91
114
58
90
113
57
91
116
59
92
120
61
93
123
61
94
124
62
96
124
63
96
125
61
96
125
61
96
125
61
95
124
60
94
123
59
84
113
49
92
121
57
88
117
51
83
112
46
87
116
50
87
113
48
84
110
45
89
115
50
87
114
47
85
112
45
88
115
48
79
105
40
74
100
37
89
114
57
76
97
52
31
48
14
31
40
21
34
35
27
22
16
18
28
15
22
95
75
84
69
43
52
42
12
20
54
26
23
56
33
15
50
30
3
71
54
26
96
81
52
104
90
61
115
104
76
120
111
82
100
95
65
109
106
75
87
88
57
73
76
45
49
56
23
46
56
22
37
47
13
12
23
0
40
52
14
85
100
57
89
105
60
91
107
62
98
114
67
103
119
72
92
108
61
84
102
54
94
112
62
94
114
63
97
117
66
96
119
65
93
116
62
89
112
56
89
112
56
94
119
62
100
125
68
94
122
63
95
123
62
96
124
63
97
125
64
97
126
62
97
126
62
97
126
62
97
126
62
100
129
65
95
124
60
85
114
48
85
114
48
94
123
57
89
118
52
82
111
45
88
117
51
89
113
51
90
114
52
90
115
50
88
112
50
87
112
54
83
108
53
73
94
51
63
78
47
9
18
1
31
32
26
24
17
22
34
21
30
113
93
104
87
63
76
42
14
26
46
18
17
64
43
22
99
83
50
122
105
75
88
73
42
92
79
47
112
101
69
86
80
48
88
83
51
86
86
52
73
74
42
69
75
41
37
44
10
24
34
0
41
53
17
45
57
21
66
81
42
97
113
68
95
113
65
93
111
63
92
110
60
91
109
59
92
110
60
92
110
60
93
111
59
93
113
60
93
113
60
93
113
60
92
113
57
90
113
57
90
113
57
89
112
56
88
113
56
96
121
63
97
122
64
98
124
63
98
124
63
97
123
62
97
123
62
100
126
63
102
128
65
99
128
62
96
125
59
92
121
55
90
119
53
90
119
52
91
120
53
92
121
54
92
121
54
100
124
66
97
121
61
89
113
53
82
106
46
81
105
47
82
105
53
80
98
56
75
88
58
23
30
12
26
27
21
18
13
17
49
37
47
137
119
131
109
87
99
53
30
40
48
24
24
121
103
81
127
112
79
114
101
67
112
99
65
113
103
68
91
85
49
81
77
42
87
84
49
91
93
56
53
57
22
30
38
1
9
19
0
23
35
0
60
72
34
73
88
49
95
110
69
96
114
66
95
113
63
93
111
61
92
110
60
91
109
59
92
110
60
93
111
59
93
111
59
92
112
59
92
113
57
92
113
57
91
112
56
89
112
56
88
111
55
88
111
55
88
112
54
94
118
60
96
120
62
98
122
62
98
122
62
98
122
62
99
123
63
101
125
63
102
128
65
103
129
64
98
127
61
95
124
58
93
122
55
93
122
55
93
123
53
94
124
54
94
124
54
100
125
68
97
122
64
90
116
55
85
109
49
86
110
52
92
112
59
94
109
66
92
103
71
35
40
20
18
19
11
7
3
4
47
37
45
141
128
137
128
113
120
93
76
82
94
76
72
113
101
77
120
109
77
99
90
57
124
115
82
128
122
86
89
87
49
82
82
44
72
74
35
56
61
21
27
33
0
18
29
0
28
41
0
58
71
28
85
100
57
90
105
62
100
117
72
95
113
65
93
113
62
92
112
59
91
111
58
91
111
58
91
111
58
92
112
59
92
113
57
90
111
55
90
111
54
90
111
54
89
110
53
89
110
53
88
109
52
88
109
52
88
109
52
92
113
56
95
116
59
98
119
60
100
121
62
100
122
60
101
123
61
104
126
64
103
128
63
107
132
67
104
131
64
102
129
62
100
127
58
98
125
56
98
125
54
98
125
54
99
126
55
94
122
63
96
124
65
96
122
61
93
119
56
94
115
56
94
113
58
90
103
57
85
92
58
54
58
35
42
43
29
33
30
25
46
40
40
101
95
95
89
80
81
71
63
61
74
65
56
90
84
60
114
109
77
109
104
72
109
106
73
104
104
68
91
93
56
82
87
47
57
62
22
22
29
0
18
29
0
40
53
9
72
88
43
93
109
64
93
111
63
87
105
57
93
111
63
93
113
62
92
112
61
92
112
59
92
112
59
92
112
59
92
112
59
92
113
57
92
113
57
89
110
53
89
110
53
88
109
52
88
109
50
88
109
50
87
109
47
87
109
47
88
108
49
89
109
50
94
111
56
99
117
59
102
122
63
104
124
63
105
125
64
107
127
64
108
130
65
112
134
69
109
134
66
107
132
64
103
130
59
100
127
56
99
127
53
99
127
53
100
128
54
95
127
64
99
129
65
99
128
62
95
122
55
92
114
49
89
104
45
80
90
38
71
78
36
27
30
0
53
52
32
78
76
63
75
75
65
98
98
88
89
91
80
93
95
82
94
97
78
92
92
66
105
106
75
112
113
81
67
71
38
42
46
13
56
62
26
48
56
17
40
48
7
32
43
1
36
49
5
50
66
19
80
98
50
94
112
62
86
106
55
88
108
55
94
114
61
91
111
60
92
112
61
92
112
61
92
112
61
92
112
59
92
112
59
92
113
57
92
113
57
90
109
53
90
110
51
89
109
50
89
109
48
89
109
48
88
108
45
88
108
45
88
108
45
91
106
49
96
111
54
103
118
61
106
124
64
110
128
68
112
130
68
114
132
70
114
135
70
116
137
70
115
138
68
114
137
67
108
134
61
103
129
56
99
125
51
99
125
51
100
126
52
94
129
61
96
132
62
98
129
59
95
122
51
95
116
47
98
113
48
98
107
50
96
99
52
55
57
20
84
84
56
111
113
91
88
91
72
77
82
62
62
71
50
74
86
62
70
83
57
93
99
71
88
92
65
109
116
85
75
82
49
43
53
19
54
64
29
50
60
23
62
74
34
54
69
26
52
70
22
48
66
16
72
90
38
88
108
55
87
108
52
93
114
58
88
109
53
90
110
59
91
111
60
92
112
61
93
113
62
93
113
60
93
113
60
92
113
57
92
113
56
91
111
52
91
111
52
91
111
50
90
110
47
90
110
47
89
110
45
89
110
45
90
109
45
91
106
47
98
111
55
107
121
62
114
129
70
118
134
72
121
137
75
123
139
76
122
141
75
122
141
73
122
144
72
121
143
71
114
138
64
107
131
57
99
126
49
98
125
48
99
126
49
88
126
53
93
129
55
97
129
53
99
126
49
104
125
50
114
127
57
119
128
65
121
124
71
90
91
47
97
97
61
121
124
93
108
114
86
101
111
84
94
111
79
111
131
96
100
120
85
31
44
16
28
38
11
43
53
26
40
51
21
22
33
1
25
36
2
34
49
10
37
54
12
63
80
36
67
86
38
56
76
25
75
95
42
90
111
54
86
110
52
94
118
58
79
103
45
87
110
58
88
110
61
90
112
63
91
114
62
94
114
61
93
113
60
92
113
57
92
113
56
93
113
54
93
113
52
93
113
52
92
112
49
92
113
48
91
112
45
91
112
45
92
111
45
94
108
47
103
114
56
113
124
66
120
134
73
125
139
78
128
142
80
129
145
82
130
146
81
127
146
78
129
149
78
127
149
76
120
142
67
110
132
57
102
126
48
100
124
46
101
125
47
89
122
49
95
128
55
100
131
55
104
128
52
106
127
52
111
127
56
114
124
61
112
120
63
81
85
35
65
70
27
88
94
56
92
102
65
92
106
70
75
93
55
69
92
50
41
61
23
37
52
21
38
51
23
20
33
3
21
35
2
9
23
0
16
33
0
49
68
22
29
48
0
67
90
36
81
104
48
69
93
35
77
101
41
80
106
43
78
104
39
97
123
58
88
112
50
87
110
54
88
111
57
90
113
59
91
114
58
94
115
59
93
114
57
93
114
55
92
114
52
93
115
53
93
115
51
93
115
51
92
114
49
92
115
47
92
115
47
91
114
44
92
113
46
94
110
48
102
116
55
114
128
67
123
137
75
129
144
79
132
147
80
133
150
82
134
151
81
133
150
79
133
154
79
132
153
76
124
147
69
113
136
56
104
127
47
101
126
45
102
127
46
125
148
80
107
130
62
94
117
49
107
128
61
119
138
72
102
118
55
84
100
38
90
103
47
57
70
17
67
79
29
72
86
37
107
120
74
71
87
42
47
64
20
43
60
16
52
69
27
45
56
22
41
52
18
21
33
0
30
45
4
41
59
11
34
55
0
49
73
13
65
91
26
71
101
31
71
103
30
73
105
32
75
107
34
78
108
36
81
111
41
86
116
46
92
119
52
89
114
49
92
114
50
94
116
52
95
117
53
94
119
54
95
120
55
95
120
54
95
120
54
92
117
51
91
116
50
91
116
50
90
115
47
90
115
47
90
115
47
91
116
48
92
117
49
94
115
50
100
121
56
112
131
65
124
143
75
135
152
82
140
157
86
142
158
83
142
159
81
143
160
82
143
162
81
141
160
79
133
155
72
123
146
64
113
136
54
105
130
47
102
127
44
104
122
64
81
99
41
65
83
25
85
102
47
118
135
80
111
128
74
68
85
33
34
50
1
47
63
16
71
87
42
69
85
40
65
80
37
41
56
15
49
64
25
68
83
44
61
73
37
26
38
2
40
52
14
38
51
8
54
70
23
66
87
31
57
81
19
64
94
24
71
103
28
66
100
23
68
103
23
70
105
25
71
106
26
73
107
30
77
109
34
82
114
41
87
117
47
91
116
48
94
117
49
96
119
51
97
120
52
96
121
53
96
121
53
96
121
53
96
121
53
94
119
51
94
119
51
92
119
50
91
118
49
91
118
49
91
118
49
91
118
49
92
117
49
93
116
48
100
123
55
112
133
64
124
144
73
136
154
80
141
159
83
144
161
81
145
162
81
147
164
83
148
166
82
145
165
80
140
160
75
129
151
68
119
143
59
111
136
52
108
133
49
98
111
68
121
134
91
142
155
112
144
157
114
133
145
105
118
130
92
106
118
80
99
111
75
84
95
61
107
118
86
108
119
89
80
90
63
55
65
38
44
54
29
54
64
40
25
35
8
25
36
2
56
68
28
62
78
33
73
91
41
78
102
44
69
95
30
70
100
30
66
98
23
63
98
18
62
100
17
64
102
19
65
102
22
67
104
26
73
107
31
78
112
36
83
115
42
93
119
48
96
119
49
98
121
51
100
123
53
98
124
53
98
124
53
97
123
52
97
123
52
97
123
52
97
123
52
96
122
51
95
121
50
93
120
49
92
119
48
91
118
47
91
117
46
94
117
47
101
124
54
113
135
63
126
146
74
137
155
79
143
162
83
147
164
84
148
165
84
150
168
84
151
169
83
149
169
82
144
164
79
134
156
71
124
148
62
117
143
56
114
140
53
122
133
99
125
136
102
134
145
111
135
146
114
123
134
104
113
124
94
110
120
93
106
116
91
116
126
102
97
106
85
83
92
73
60
69
50
46
55
38
22
31
14
54
62
47
56
65
44
34
46
10
70
86
41
75
93
45
72
92
39
69
95
34
63
92
25
68
100
27
60
94
17
60
98
15
61
99
16
62
100
17
62
100
17
64
101
21
68
105
27
76
110
33
82
114
39
93
119
46
96
119
49
99
122
52
101
124
54
100
126
55
99
125
54
98
124
53
97
123
52
98
124
53
98
124
53
97
123
52
96
122
51
95
121
50
94
120
49
93
119
48
92
118
47
97
120
48
104
126
54
116
136
64
127
148
73
139
158
79
146
163
83
149
166
85
150
168
84
150
168
82
151
169
83
150
168
82
145
165
78
136
159
71
128
150
65
121
145
59
117
143
56
109
118
87
97
106
75
106
115
86
108
117
90
83
91
67
68
76
52
83
91
68
99
106
86
91
98
80
55
62
46
37
43
29
30
36
22
29
35
23
4
10
0
43
49
39
57
66
47
27
42
3
68
88
37
71
94
40
63
88
30
60
89
23
60
91
21
68
105
28
61
100
19
59
99
13
59
99
13
60
100
14
60
100
14
62
101
18
67
104
24
74
111
31
82
114
38
90
118
44
93
119
46
96
122
49
99
125
52
100
126
53
100
126
53
98
124
51
97
123
50
101
124
52
100
123
51
99
122
50
97
120
48
97
120
48
97
120
48
98
121
49
99
122
50
103
127
53
109
131
56
119
140
63
130
151
72
140
159
78
147
165
81
152
167
82
153
169
81
151
167
79
153
169
81
151
169
81
147
167
78
138
161
71
131
154
66
125
149
61
123
147
59
104
113
82
60
69
38
54
63
32
80
89
60
86
95
68
87
95
71
87
95
71
77
85
62
67
74
54
48
55
37
31
38
22
31
37
23
29
35
21
16
22
10
33
39
27
23
32
11
25
42
0
66
89
33
72
97
39
65
94
30
62
93
25
59
92
19
64
103
24
56
95
12
56
98
12
57
100
11
57
100
11
57
100
11
60
100
14
65
104
21
73
111
28
80
115
35
88
116
41
92
118
45
96
122
49
100
126
53
102
128
55
102
128
55
101
127
54
99
125
52
102
125
53
100
123
51
98
121
49
97
120
48
98
121
49
101
124
52
104
127
55
107
131
57
111
133
58
115
138
60
124
145
66
134
153
72
142
160
76
147
165
79
151
167
79
152
168
79
151
167
78
153
169
80
152
171
81
150
169
79
143
164
73
135
158
68
129
154
63
127
152
61
52
60
23
48
56
19
74
82
45
81
88
54
48
55
21
40
47
14
66
73
42
78
84
56
70
76
50
52
57
34
20
25
3
26
31
11
23
28
8
35
39
22
48
52
35
34
44
17
32
51
3
67
95
34
73
102
38
70
101
33
63
99
25
55
93
16
59
98
17
50
92
8
55
98
9
54
99
8
54
99
8
55
98
9
57
100
11
64
104
18
71
111
25
79
114
30
87
115
38
92
118
44
97
123
49
102
128
54
105
131
57
105
131
57
106
130
56
105
129
55
104
128
54
102
126
52
100
122
49
98
120
47
101
123
50
107
129
56
113
135
62
117
139
64
117
140
60
121
144
62
128
150
67
136
156
71
143
161
75
146
164
76
150
166
77
150
166
75
148
164
73
150
166
75
150
169
77
148
167
75
142
163
70
134
157
66
129
154
62
127
152
60
84
92
53
80
88
49
98
106
69
90
98
61
49
56
22
44
51
18
61
68
37
54
61
30
57
63
35
40
46
20
14
19
0
43
48
26
33
38
18
29
34
14
13
17
0
0
7
0
31
54
2
63
94
27
67
98
30
66
99
28
63
101
24
57
96
17
62
104
22
58
100
14
53
97
8
53
98
7
53
98
7
52
97
6
55
98
9
60
103
14
70
110
22
78
114
27
87
116
36
92
119
42
98
125
48
103
130
53
107
134
57
108
135
58
109
133
57
108
132
56
106
130
54
104
126
51
101
123
48
99
121
46
103
125
50
110
132
57
119
141
66
124
147
69
121
144
62
125
147
62
132
152
67
138
158
71
143
161
73
147
163
74
148
164
73
149
166
72
144
161
67
146
163
69
148
165
71
144
164
69
139
160
67
133
154
61
127
150
59
125
150
58
111
121
86
107
117
82
90
100
66
44
54
20
50
59
28
44
53
24
60
69
42
62
71
44
34
42
18
73
81
58
80
87
67
36
43
25
0
4
0
0
4
0
1
8
0
0
7
0
18
43
0
68
101
32
79
112
41
59
95
21
63
101
24
59
100
21
49
91
7
59
103
16
56
100
11
52
98
8
50
95
4
50
95
4
54
97
7
61
104
14
71
111
22
79
115
28
88
117
35
95
122
43
102
129
50
107
134
55
110
134
56
109
133
55
107
131
53
106
130
52
106
129
51
107
130
52
109
130
53
109
130
53
111
132
55
115
136
59
121
142
65
126
147
68
130
152
69
130
153
65
135
155
68
142
162
73
149
168
78
152
168
77
150
165
72
146
161
66
145
160
65
146
161
66
145
162
68
143
163
68
140
161
68
137
158
65
131
154
63
129
152
61
107
116
87
92
101
72
59
68
41
67
76
49
56
64
40
50
58
34
21
29
6
27
34
14
12
19
1
23
30
14
26
32
18
15
21
7
8
14
2
10
16
4
8
14
4
0
11
0
21
49
0
66
99
26
73
109
35
57
94
17
62
101
22
60
102
20
50
94
9
59
103
16
55
101
13
53
97
8
50
94
5
51
94
4
54
97
7
63
103
14
71
111
22
79
115
27
84
116
31
92
119
38
99
126
45
104
131
50
107
132
51
106
131
50
105
130
49
106
129
49
109
132
52
111
132
53
113
134
55
114
135
56
116
137
58
122
141
62
128
147
68
132
151
70
137
157
72
137
157
70
140
160
71
146
165
75
154
170
79
155
172
78
152
167
72
148
163
68
146
161
66
145
160
65
143
160
66
142
159
65
139
158
66
138
159
68
139
160
69
137
160
69
73
83
59
55
64
43
23
32
11
44
53
34
52
61
42
62
71
54
39
47
32
43
51
38
20
28
17
10
17
9
6
13
6
12
19
12
12
18
14
3
9
5
0
2
0
0
6
0
32
60
2
65
99
23
68
105
28
55
92
15
62
101
22
61
103
21
53
97
12
58
102
17
55
99
12
53
97
10
52
95
6
51
94
5
56
96
7
64
103
14
71
110
21
77
113
25
83
115
29
89
118
34
97
125
41
101
129
45
105
130
47
105
130
47
106
129
47
107
130
48
114
136
54
116
138
56
120
139
58
122
141
60
124
143
62
129
146
66
135
152
72
139
156
75
142
162
75
142
162
73
144
162
74
148
167
77
154
170
79
155
172
78
151
166
71
148
162
67
148
162
67
145
160
65
142
159
65
141
158
64
140
159
67
144
163
73
147
167
78
150
170
81
48
58
33
50
60
35
50
60
36
29
39
15
56
65
44
57
66
47
65
74
57
55
63
48
28
36
23
24
32
19
23
31
20
20
27
19
7
14
7
0
3
0
0
4
0
11
25
2
48
76
18
67
101
25
66
103
26
57
94
16
62
101
22
62
104
22
56
98
16
56
100
15
55
99
14
54
96
10
52
94
8
53
93
5
58
96
9
65
101
13
72
108
20
77
111
24
83
115
29
89
119
33
95
123
38
99
127
42
104
129
45
106
131
47
110
134
50
112
136
52
117
139
56
120
142
59
125
144
62
129
146
65
132
149
68
135
152
71
140
157
76
143
161
77
145
165
78
144
164
75
145
164
74
147
166
76
152
168
77
153
168
75
149
163
68
145
159
64
146
160
65
146
159
67
144
159
66
144
160
69
145
164
74
150
168
80
154
174
85
158
178
89
28
43
4
59
74
35
83
97
61
54
68
32
46
60
25
14
28
0
11
24
0
5
18
0
0
7
0
5
18
0
10
22
0
2
14
0
0
6
0
0
9
0
19
31
11
38
55
21
64
92
31
70
104
27
66
103
25
60
97
19
62
101
22
63
102
23
57
98
19
56
98
16
55
97
15
54
96
12
54
94
8
55
93
8
60
96
9
66
100
14
72
106
20
76
108
22
82
112
26
85
115
27
90
120
32
95
123
36
101
127
40
106
132
45
112
136
50
115
139
53
121
143
58
124
146
61
130
150
65
135
153
69
139
154
71
141
156
73
145
160
77
147
162
79
149
167
81
146
166
77
146
165
75
147
166
76
151
167
76
151
166
73
148
161
69
143
156
64
144
157
65
145
158
66
147
162
71
150
166
75
152
171
81
155
173
85
157
177
90
159
179
92
27
47
0
64
83
27
81
100
44
93
112
57
50
69
14
20
38
0
1
19
0
29
47
0
24
41
0
33
50
5
34
51
7
26
43
1
27
43
4
44
60
21
61
77
38
65
87
38
72
101
34
70
102
26
67
101
24
63
100
22
62
99
21
61
100
21
60
99
20
55
96
17
55
96
17
56
95
14
55
93
10
57
92
8
61
95
11
66
98
13
72
104
19
75
107
21
75
105
17
79
109
21
83
113
25
89
117
30
96
122
35
103
129
42
112
136
50
117
141
55
125
147
62
131
151
66
136
154
70
140
158
74
144
159
76
145
160
77
148
161
79
148
163
78
152
170
82
148
168
79
147
166
76
150
166
77
152
167
76
151
166
73
148
161
69
143
156
64
142
155
63
145
158
68
149
164
73
153
167
79
156
172
84
155
173
87
155
175
88
154
174
87
60
85
2
81
106
23
86
111
30
105
130
49
86
110
32
79
103
25
70
94
18
98
122
48
95
118
46
95
118
46
92
115
45
87
110
42
89
111
46
94
116
52
93
115
51
86
111
45
72
102
28
64
96
20
64
98
22
67
101
25
61
98
21
60
97
20
61
99
22
58
96
19
57
96
17
55
94
13
55
93
10
57
92
10
61
95
11
66
98
15
73
102
18
76
106
20
72
102
14
75
105
15
79
109
19
86
115
25
95
121
32
104
130
41
115
139
51
121
145
57
129
152
64
135
155
68
142
160
74
145
163
77
148
163
78
149
163
78
150
164
79
150
165
80
151
169
81
147
167
78
145
164
74
148
164
75
150
165
74
149
164
73
146
159
67
141
154
62
142
155
65
144
157
67
147
161
73
151
165
77
152
168
80
151
169
83
149
169
84
149
169
84
76
106
10
85
115
19
93
122
29
74
103
10
98
127
35
91
120
30
92
120
33
79
107
20
89
117
32
88
116
32
91
118
37
94
121
42
91
118
41
82
109
32
74
101
24
70
98
21
70
101
25
59
91
15
62
96
20
67
101
25
59
96
19
59
96
19
62
100
23
59
97
20
56
95
16
56
93
15
57
92
12
58
91
10
62
94
11
66
98
15
72
101
17
75
105
19
72
102
14
75
105
15
79
109
19
86
115
25
96
122
33
106
132
43
118
142
54
127
150
62
135
155
68
139
159
72
145
163
77
150
165
80
152
166
81
151
165
80
151
165
80
151
166
81
147
165
77
144
162
74
144
160
71
144
160
71
146
161
70
145
160
69
142
155
63
138
151
59
143
156
66
144
157
67
145
159
71
147
161
74
148
163
78
148
163
78
146
164
80
145
165
80
