0
14
17
1
11
12
6
11
7
13
15
4
21
18
1
23
18
0
20
15
0
16
14
0
33
37
14
20
30
6
6
21
0
32
52
27
44
67
39
29
52
23
33
54
23
31
47
20
35
39
22
39
39
27
38
39
25
30
31
17
52
50
35
52
50
35
53
50
35
123
119
107
124
117
107
120
113
105
112
103
98
78
68
67
50
38
42
72
59
68
102
89
99
98
85
95
9
23
23
14
24
23
11
18
11
5
7
0
10
8
0
23
20
1
30
28
7
27
26
6
32
37
17
21
30
11
14
27
9
38
55
36
62
80
58
54
69
48
42
57
34
43
55
33
38
42
25
52
53
37
69
70
54
67
68
50
72
71
53
51
50
32
32
29
12
76
73
56
129
123
109
103
97
85
78
71
63
60
51
46
56
46
45
81
69
73
91
78
85
71
58
65
6
19
12
10
21
13
15
23
12
17
23
11
18
20
6
19
20
4
21
22
8
23
25
12
24
27
18
40
45
38
44
50
46
40
46
42
63
70
63
74
79
73
54
57
50
50
52
39
74
77
58
66
70
47
57
61
38
34
36
12
21
23
0
16
16
0
22
22
0
61
59
36
101
99
78
78
75
56
62
59
42
61
55
43
68
61
53
88
79
74
96
86
84
84
74
73
15
27
13
8
19
5
15
23
10
29
37
24
25
31
19
8
11
0
4
7
0
15
20
16
32
36
37
46
50
53
57
58
63
47
46
54
50
47
54
48
43
49
48
39
44
87
82
78
56
58
37
70
75
45
91
96
66
95
100
68
86
91
59
75
78
47
63
66
35
65
66
35
43
43
15
59
59
33
84
84
60
98
96
75
89
86
69
79
75
63
80
76
65
86
79
69
30
39
20
23
32
13
18
27
10
18
26
13
15
25
16
14
23
18
17
25
25
23
30
36
42
46
57
27
29
42
32
30
44
44
37
53
31
20
37
8
0
11
48
30
46
142
130
132
224
223
202
228
236
199
220
228
191
205
213
174
195
203
164
196
202
164
201
207
169
199
203
168
193
197
162
167
171
138
134
137
106
119
119
91
114
114
90
105
104
83
97
96
76
99
96
77
18
22
0
30
35
13
27
34
16
14
25
11
25
36
30
50
62
62
47
61
64
28
38
47
8
16
27
14
17
32
9
7
21
16
8
23
10
0
11
21
3
17
91
69
82
136
120
121
166
166
140
197
205
166
192
200
159
179
187
146
178
186
145
176
184
143
179
187
146
172
178
140
159
165
127
189
195
159
209
215
181
205
208
177
176
179
150
131
134
107
100
103
76
99
101
77
37
35
12
38
37
16
31
35
20
27
37
28
39
54
51
50
65
68
33
50
57
5
22
29
0
2
11
10
17
25
2
3
8
31
24
29
52
40
42
89
73
74
138
120
120
82
69
60
152
155
126
203
214
174
185
196
156
149
160
120
129
140
100
104
115
75
95
106
66
88
96
57
90
98
61
85
93
56
79
86
52
113
119
85
171
176
144
178
183
153
128
133
103
88
92
65
105
94
74
61
54
36
30
30
18
35
42
35
34
48
48
9
28
32
0
8
11
0
6
7
9
23
23
3
9
5
0
2
0
96
93
78
141
132
114
140
127
108
151
139
117
54
47
21
92
96
63
165
175
138
154
164
127
122
132
97
113
123
88
95
105
70
98
108
73
104
114
79
91
101
66
95
105
71
80
90
56
86
93
60
123
130
99
141
148
117
133
139
111
132
138
110
237
220
204
202
190
176
93
89
80
27
32
28
6
20
21
0
9
10
0
17
15
0
9
3
2
16
0
0
5
0
119
120
86
215
212
171
219
212
166
218
210
161
209
202
150
86
84
36
48
54
18
115
124
93
122
131
100
105
114
85
112
121
92
101
110
81
92
101
72
102
111
82
83
92
63
48
57
30
24
33
6
38
47
20
74
83
56
102
111
84
114
123
96
118
127
100
158
138
127
175
161
150
117
112
106
35
39
38
0
8
9
0
7
5
0
13
4
0
6
0
0
9
0
70
71
27
193
188
132
231
222
157
224
214
142
227
218
143
244
236
161
193
189
125
159
164
124
84
89
66
60
65
42
86
94
70
81
89
65
73
81
58
87
95
72
85
92
72
67
74
54
37
45
22
13
23
0
19
29
5
44
54
30
68
78
54
89
99
75
102
112
88
43
25
15
70
56
47
63
58
54
8
12
11
0
4
2
0
14
7
4
17
0
14
21
0
7
5
0
135
123
62
222
203
127
214
190
104
228
205
112
237
217
122
234
218
122
211
202
125
68
69
29
18
21
2
6
9
0
39
43
26
67
71
54
70
74
59
60
64
49
51
55
41
51
57
43
30
37
21
13
22
5
14
23
6
25
34
15
37
46
27
52
61
40
66
75
54
64
50
39
31
21
12
22
21
16
6
11
7
2
13
7
3
15
3
0
4
0
20
15
0
71
52
0
185
155
82
225
185
97
202
158
59
236
193
89
255
215
109
230
195
91
206
181
99
66
58
21
21
24
7
4
6
0
4
6
0
26
28
15
47
50
39
40
43
32
31
34
23
42
45
34
26
32
20
21
27
13
30
38
23
40
49
32
40
49
30
37
46
27
36
45
26
97
91
77
37
35
22
25
28
19
20
27
19
7
17
8
0
4
0
7
2
0
38
17
0
152
113
46
222
167
85
232
166
70
215
142
39
229
158
52
253
186
81
246
184
81
232
186
108
196
180
144
31
32
16
1
2
0
21
22
8
3
3
0
17
19
8
36
37
29
24
25
17
39
42
33
24
27
16
18
24
10
38
44
30
57
64
48
55
62
44
37
46
25
24
33
12
39
42
23
23
27
12
32
43
29
27
39
27
0
10
0
1
3
0
40
26
0
100
67
16
198
141
70
225
149
63
227
134
38
231
132
30
231
134
31
245
151
51
238
149
53
222
158
84
237
215
178
54
52
37
3
1
0
22
23
9
18
18
6
17
17
7
23
23
15
49
50
42
49
50
42
26
29
18
14
18
4
28
35
19
48
55
37
49
56
36
33
43
19
21
31
7
21
31
7
29
41
19
41
58
40
47
61
44
18
29
12
27
25
0
103
79
41
161
114
62
205
131
60
219
123
37
215
101
5
239
117
18
244
121
25
249
130
38
228
116
30
220
137
71
240
211
177
92
89
72
20
17
2
3
1
0
14
12
0
15
12
3
12
12
2
80
80
70
55
57
46
35
37
26
22
26
11
33
37
20
48
55
35
56
64
41
58
66
42
59
67
43
31
39
16
25
35
11
23
37
14
51
63
41
43
48
25
54
48
16
138
110
70
188
137
84
169
90
23
197
97
19
186
70
0
208
83
0
213
87
0
220
98
13
217
100
20
242
157
93
214
181
150
38
30
17
6
0
0
16
9
0
6
2
0
5
2
0
10
9
4
53
52
48
48
49
44
39
40
35
38
41
34
53
56
47
72
75
64
89
92
81
108
112
98
125
127
114
79
73
57
42
39
20
41
40
19
37
37
9
43
40
7
63
51
11
89
61
14
149
102
48
195
124
66
187
99
35
186
85
15
196
88
15
196
88
13
196
90
12
221
121
43
239
163
101
117
81
55
26
11
4
10
0
0
10
0
0
16
8
6
5
1
2
1
0
4
45
44
50
101
100
108
112
112
122
128
126
137
135
133
144
135
132
143
128
125
136
122
116
128
117
109
122
173
162
158
137
128
119
116
113
98
86
84
63
66
61
32
64
51
17
63
38
0
97
54
12
114
53
9
174
97
51
205
117
69
196
102
50
201
108
51
217
129
66
191
108
42
127
60
8
53
12
0
20
0
0
21
0
0
19
0
0
16
1
4
14
5
10
9
4
11
34
33
41
138
138
150
135
137
150
130
132
145
120
122
135
110
109
125
98
97
113
87
84
101
80
77
94
132
124
137
143
137
147
169
167
172
173
172
170
166
163
156
151
141
129
116
95
78
105
68
49
119
67
45
103
37
13
100
24
0
119
40
10
125
46
13
108
34
0
93
23
0
89
28
0
59
9
0
52
7
10
60
21
24
47
15
18
28
3
6
21
5
8
27
18
21
53
51
56
128
131
136
111
118
124
89
100
104
68
82
85
53
67
68
39
55
55
30
46
46
24
40
40
145
142
163
146
143
162
139
138
154
124
127
136
134
135
139
162
158
157
178
163
160
185
157
153
185
144
138
160
107
101
119
59
51
90
28
17
81
19
6
80
23
6
77
24
6
70
23
7
81
36
31
66
24
25
67
28
29
63
31
32
40
16
16
18
2
2
32
24
22
69
68
66
72
76
75
54
63
60
36
48
44
27
42
37
24
39
32
22
37
30
19
34
27
17
32
25
134
135
156
143
144
165
136
139
156
126
132
144
130
134
143
141
142
147
146
139
144
138
122
125
138
109
113
141
105
107
111
71
72
63
21
22
47
7
5
64
26
23
61
30
25
40
12
8
39
14
9
28
5
0
24
3
0
36
18
14
26
15
9
9
2
0
22
19
14
46
47
41
37
40
33
27
32
25
26
32
22
40
43
34
54
56
45
61
61
49
61
61
49
64
62
50
104
108
120
120
124
135
121
128
136
131
138
144
127
135
137
111
115
116
101
100
98
84
76
74
86
72
71
70
50
49
69
45
45
77
53
53
61
40
39
34
16
14
35
21
20
58
49
44
29
20
13
25
16
7
6
0
0
5
1
0
4
4
0
4
5
0
20
21
13
21
24
15
28
29
21
27
27
17
41
39
27
68
62
50
90
80
68
97
85
71
97
84
68
100
84
69
73
79
69
87
95
84
96
104
91
123
131
116
116
124
109
77
84
68
64
68
51
49
50
34
71
68
53
77
71
57
89
81
68
90
84
70
66
62
50
34
34
22
28
32
18
42
45
34
86
89
78
76
79
68
45
48
37
39
45
35
28
34
24
10
16
6
20
26
16
19
22
13
18
20
9
24
20
9
45
37
26
78
64
53
101
83
69
107
85
71
108
82
67
112
84
70
91
97
71
89
95
69
79
85
59
106
112
84
106
110
83
81
86
56
98
103
73
108
113
83
100
103
76
85
88
61
78
82
57
75
80
57
55
63
40
37
49
27
60
74
51
103
114
97
138
140
129
119
118
113
95
96
90
113
114
108
87
90
83
23
28
21
14
19
12
19
22
13
10
12
1
17
15
3
39
33
21
73
63
51
98
82
67
102
83
68
106
83
67
113
87
72
50
54
19
54
58
23
67
69
32
81
81
45
90
90
54
96
96
58
104
104
66
111
113
76
97
101
66
102
108
72
87
97
62
66
77
43
66
79
49
87
102
73
96
112
85
93
100
80
102
91
85
113
93
95
118
99
101
122
108
108
126
116
115
121
116
113
98
97
93
75
76
70
45
48
41
26
29
20
31
33
20
63
65
51
88
89
71
90
87
68
88
83
63
93
86
67
48
48
12
50
50
14
58
54
17
67
61
25
75
67
31
82
74
38
93
87
51
103
101
63
97
99
62
97
103
67
86
96
61
70
84
49
73
87
54
89
104
75
98
111
85
100
103
84
114
96
92
115
90
93
109
87
89
108
89
91
116
104
104
130
122
120
133
129
126
127
128
123
112
115
108
85
91
81
72
78
66
86
90
76
97
101
84
90
93
74
77
79
58
72
71
51
79
75
48
73
67
41
69
59
32
68
54
28
65
49
23
65
49
23
73
59
32
81
72
43
89
86
55
83
86
55
77
84
53
72
81
52
78
87
60
90
98
75
100
105
85
106
104
89
124
111
103
121
106
101
112
98
95
100
89
85
94
86
83
90
87
82
85
86
80
80
81
75
98
99
93
99
100
92
109
111
100
125
125
113
132
128
116
117
111
97
91
83
70
73
64
49
108
105
86
96
89
70
84
71
54
77
60
42
75
52
36
70
47
29
68
47
26
67
52
29
74
68
42
64
64
38
58
62
35
62
68
42
71
75
52
80
82
61
92
89
72
102
96
80
102
96
80
106
103
88
109
107
92
108
106
93
99
99
87
89
91
78
79
82
71
74
77
68
88
89
81
100
100
92
116
112
103
130
121
112
143
130
121
158
141
133
166
148
138
168
148
139
107
105
92
93
87
75
82
70
58
85
65
54
95
68
57
95
67
55
86
63
47
77
60
42
68
60
37
55
53
28
47
50
23
50
52
28
57
57
33
64
59
39
75
64
46
81
74
55
71
75
48
73
84
54
81
94
66
87
100
74
90
102
78
93
105
83
102
111
92
111
115
100
90
90
78
97
93
82
105
95
86
121
102
95
150
125
120
184
155
149
208
175
170
216
181
177
108
110
97
93
91
79
84
74
64
93
75
65
109
82
71
112
84
72
106
80
65
95
77
57
79
69
44
67
63
34
56
57
26
53
54
23
55
51
22
55
48
22
61
46
23
62
50
24
61
62
28
59
70
30
68
78
41
74
86
50
77
88
56
79
90
60
88
96
72
99
104
82
91
94
75
88
85
70
89
79
67
105
91
80
138
118
109
172
145
138
184
155
149
184
153
148
122
129
113
107
110
93
97
89
74
98
82
67
105
82
66
109
82
63
107
82
60
105
85
58
93
84
51
87
85
47
77
79
40
69
71
31
67
63
25
66
56
21
64
48
15
60
41
8
63
51
11
64
55
14
71
66
26
80
76
38
81
81
45
79
80
48
81
84
55
88
92
65
109
114
91
97
100
79
83
85
64
81
80
62
92
89
72
118
110
95
149
140
125
170
161
146
128
137
118
115
118
101
101
93
78
94
78
62
94
71
53
97
70
49
102
78
52
107
88
58
101
93
57
100
98
59
94
97
54
85
86
42
82
77
35
82
70
30
76
58
20
66
44
5
77
58
16
70
53
10
65
50
9
64
52
12
58
53
15
55
52
17
60
61
29
68
73
43
71
77
49
80
88
64
91
99
76
86
91
69
68
71
50
65
68
47
95
97
76
130
132
111
