1509.000000
1598.000000
1635.000000
1648.000000
1643.000000
1622.000000
1616.000000
1616.000000
1668.000000
1704.000000
1734.000000
1800.000000
1896.000000
1953.000000
1954.000000
2038.000000
2084.000000
2151.000000
2075.000000
2153.000000
2105.000000
2094.000000
1937.000000
2073.000000
2315.000000
2494.000000
2502.000000
2444.000000
2460.000000
2491.000000
2567.000000
2647.000000
2836.000000
2807.000000
2731.000000
2713.000000
2757.000000
2788.000000
2668.000000
2696.000000
2729.000000
2792.000000
2910.000000
2674.000000
2589.000000
2320.000000
2337.000000
2391.000000
2297.000000
2288.000000
2262.000000
2301.000000
2406.000000
2441.000000
2256.000000
2225.000000
2079.000000
2015.000000
1893.000000
1757.000000
1715.000000
1769.000000
1533.000000
1633.000000
1679.000000
1684.000000
1665.000000
1619.000000
1625.000000
1625.000000
1672.000000
1666.000000
1674.000000
1744.000000
1836.000000
1893.000000
1892.000000
1981.000000
2100.000000
2218.000000
2165.000000
2150.000000
2123.000000
2196.000000
2085.000000
2100.000000
2174.000000
2396.000000
2535.000000
2552.000000
2539.000000
2545.000000
2581.000000
2661.000000
2812.000000
2828.000000
2804.000000
2809.000000
2877.000000
2879.000000
2729.000000
2745.000000
2759.000000
2890.000000
2898.000000
2685.000000
2634.000000
2334.000000
2461.000000
2284.000000
2245.000000
2300.000000
2424.000000
2464.000000
2356.000000
2265.000000
2240.000000
2231.000000
2134.000000
2115.000000
2041.000000
1903.000000
1801.000000
1777.000000
1531.000000
1615.000000
1646.000000
1649.000000
1637.000000
1617.000000
1625.000000
1609.000000
1596.000000
1515.000000
1503.000000
1587.000000
1729.000000
1846.000000
1902.000000
1957.000000
2036.000000
2111.000000
2120.000000
2137.000000
2145.000000
2156.000000
2130.000000
2071.000000
2124.000000
2271.000000
2439.000000
2547.000000
2587.000000
2600.000000
2624.000000
2631.000000
2710.000000
2786.000000
2809.000000
2861.000000
2947.000000
2963.000000
2824.000000
2813.000000
2837.000000
3063.000000
2820.000000
2745.000000
2515.000000
2570.000000
2560.000000
2429.000000
2271.000000
2260.000000
2425.000000
2515.000000
2374.000000
2175.000000
2194.000000
2160.000000
2125.000000
2096.000000
2148.000000
2178.000000
2158.000000
2073.000000
1501.000000
1537.000000
1541.000000
1547.000000
1573.000000
1595.000000
1631.000000
1634.000000
1616.000000
1539.000000
1526.000000
1596.000000
1726.000000
1833.000000
1881.000000
1915.000000
1959.000000
1978.000000
2053.000000
2097.000000
2176.000000
2106.000000
2159.000000
2154.000000
2251.000000
2234.000000
2276.000000
2404.000000
2528.000000
2580.000000
2656.000000
2634.000000
2718.000000
2766.000000
2788.000000
2809.000000
2879.000000
2882.000000
2870.000000
2788.000000
2976.000000
3072.000000
2907.000000
2783.000000
2514.000000
2669.000000
2448.000000
2440.000000
2307.000000
2358.000000
2399.000000
2434.000000
2401.000000
2343.000000
2283.000000
2238.000000
2209.000000
2231.000000
2289.000000
2310.000000
2233.000000
2074.000000
1443.000000
1453.000000
1437.000000
1456.000000
1514.000000
1581.000000
1605.000000
1627.000000
1639.000000
1642.000000
1669.000000
1699.000000
1724.000000
1757.000000
1755.000000
1830.000000
1941.000000
2016.000000
2101.000000
2078.000000
2173.000000
2161.000000
2185.000000
2243.000000
2291.000000
2198.000000
2147.000000
2253.000000
2481.000000
2623.000000
2674.000000
2700.000000
2705.000000
2728.000000
2739.000000
2772.000000
2865.000000
2882.000000
2957.000000
2839.000000
3086.000000
2962.000000
3077.000000
2817.000000
2710.000000
2552.000000
2431.000000
2373.000000
2438.000000
2492.000000
2437.000000
2408.000000
2453.000000
2467.000000
2454.000000
2340.000000
2382.000000
2384.000000
2299.000000
2112.000000
1943.000000
1829.000000
1382.000000
1403.000000
1407.000000
1427.000000
1501.000000
1570.000000
1582.000000
1588.000000
1592.000000
1653.000000
1693.000000
1697.000000
1687.000000
1706.000000
1743.000000
1847.000000
2028.000000
2129.000000
2210.000000
2087.000000
2183.000000
2207.000000
2247.000000
2254.000000
2245.000000
2218.000000
2158.000000
2193.000000
2376.000000
2598.000000
2681.000000
2787.000000
2697.000000
2702.000000
2698.000000
2774.000000
2934.000000
2983.000000
3035.000000
3058.000000
3101.000000
3051.000000
3098.000000
2902.000000
2826.000000
2509.000000
2536.000000
2483.000000
2617.000000
2536.000000
2469.000000
2455.000000
2499.000000
2466.000000
2442.000000
2294.000000
2285.000000
2146.000000
1963.000000
1833.000000
1894.000000
2131.000000
1341.000000
1393.000000
1424.000000
1453.000000
1512.000000
1566.000000
1599.000000
1577.000000
1587.000000
1603.000000
1621.000000
1622.000000
1662.000000
1785.000000
1911.000000
2019.000000
2146.000000
2183.000000
2240.000000
2113.000000
2207.000000
2212.000000
2332.000000
2293.000000
2338.000000
2357.000000
2292.000000
2177.000000
2175.000000
2347.000000
2633.000000
2882.000000
2837.000000
2776.000000
2704.000000
2776.000000
2931.000000
2972.000000
3000.000000
3202.000000
3099.000000
3270.000000
3023.000000
2962.000000
2754.000000
2589.000000
2600.000000
2621.000000
2648.000000
2549.000000
2524.000000
2470.000000
2426.000000
2455.000000
2309.000000
2249.000000
2145.000000
2165.000000
2185.000000
2168.000000
2156.000000
2178.000000
1339.000000
1385.000000
1440.000000
1502.000000
1555.000000
1578.000000
1576.000000
1588.000000
1616.000000
1669.000000
1727.000000
1763.000000
1776.000000
1815.000000
1892.000000
2028.000000
2188.000000
2364.000000
2338.000000
2226.000000
2143.000000
2147.000000
2170.000000
2221.000000
2283.000000
2376.000000
2441.000000
2419.000000
2338.000000
2334.000000
2577.000000
2767.000000
2950.000000
2821.000000
2728.000000
2810.000000
2914.000000
2987.000000
3102.000000
3083.000000
3276.000000
3199.000000
3015.000000
2865.000000
2682.000000
2572.000000
2677.000000
2738.000000
2736.000000
2674.000000
2733.000000
2690.000000
2562.000000
2492.000000
2375.000000
2346.000000
2080.000000
2322.000000
2367.000000
2332.000000
2347.000000
2124.000000
1342.000000
1370.000000
1431.000000
1508.000000
1566.000000
1589.000000
1574.000000
1564.000000
1579.000000
1628.000000
1725.000000
1834.000000
1941.000000
2023.000000
2032.000000
2096.000000
2162.000000
2244.000000
2243.000000
2205.000000
2191.000000
2205.000000
2210.000000
2232.000000
2270.000000
2305.000000
2322.000000
2344.000000
2395.000000
2441.000000
2505.000000
2670.000000
2823.000000
2859.000000
2828.000000
2866.000000
2972.000000
3069.000000
3110.000000
3152.000000
3204.000000
3177.000000
3064.000000
2865.000000
2753.000000
2759.000000
2721.000000
2736.000000
2770.000000
2799.000000
2801.000000
2734.000000
2607.000000
2463.000000
2448.000000
2439.000000
2399.000000
2402.000000
2379.000000
2380.000000
2269.000000
2110.000000
1306.000000
1357.000000
1405.000000
1453.000000
1507.000000
1543.000000
1545.000000
1534.000000
1508.000000
1550.000000
1644.000000
1812.000000
2021.000000
2213.000000
2258.000000
2257.000000
2169.000000
2094.000000
1971.000000
1915.000000
1917.000000
1889.000000
1974.000000
1853.000000
1998.000000
2145.000000
2294.000000
2305.000000
2329.000000
2493.000000
2528.000000
2750.000000
2798.000000
2938.000000
2964.000000
2958.000000
3003.000000
3066.000000
3107.000000
3163.000000
3174.000000
3150.000000
3075.000000
2963.000000
2908.000000
2924.000000
2908.000000
2878.000000
2832.000000
2783.000000
2729.000000
2665.000000
2611.000000
2569.000000
2449.000000
2467.000000
2410.000000
2372.000000
2404.000000
2492.000000
2479.000000
2469.000000
1306.000000
1358.000000
1392.000000
1401.000000
1421.000000
1462.000000
1498.000000
1493.000000
1472.000000
1478.000000
1549.000000
1715.000000
1947.000000
2184.000000
2238.000000
2220.000000
2110.000000
2030.000000
1842.000000
1618.000000
1417.000000
1220.000000
1142.000000
1364.000000
1664.000000
1890.000000
2154.000000
2338.000000
2379.000000
2400.000000
2560.000000
2611.000000
2744.000000
2910.000000
2966.000000
2961.000000
2979.000000
3036.000000
3104.000000
3201.000000
3208.000000
3168.000000
3091.000000
3022.000000
2998.000000
2974.000000
2973.000000
2967.000000
2881.000000
2745.000000
2655.000000
2630.000000
2673.000000
2738.000000
2649.000000
2564.000000
2506.000000
2463.000000
2486.000000
2478.000000
2376.000000
2350.000000
1398.000000
1445.000000
1451.000000
1430.000000
1423.000000
1445.000000
1489.000000
1502.000000
1484.000000
1461.000000
1485.000000
1589.000000
1762.000000
1945.000000
1997.000000
1969.000000
1928.000000
1937.000000
1777.000000
1433.000000
1031.000000
754.000000
748.000000
869.000000
1227.000000
1592.000000
1847.000000
1972.000000
2100.000000
2283.000000
2366.000000
2509.000000
2600.000000
2739.000000
2828.000000
2897.000000
2973.000000
3068.000000
3123.000000
3213.000000
3219.000000
3167.000000
3092.000000
3061.000000
3041.000000
2980.000000
2902.000000
2898.000000
2805.000000
2745.000000
2732.000000
2760.000000
2751.000000
2700.000000
2613.000000
2506.000000
2554.000000
2540.000000
2508.000000
2354.000000
2158.000000
2073.000000
1545.000000
1569.000000
1570.000000
1545.000000
1522.000000
1525.000000
1553.000000
1558.000000
1534.000000
1492.000000
1472.000000
1512.000000
1597.000000
1706.000000
1796.000000
1782.000000
1764.000000
1696.000000
1487.000000
1073.000000
651.000000
448.000000
395.000000
706.000000
846.000000
961.000000
1112.000000
1396.000000
1751.000000
2031.000000
2363.000000
2439.000000
2618.000000
2705.000000
2792.000000
2872.000000
2969.000000
3066.000000
3089.000000
3143.000000
3147.000000
3136.000000
3090.000000
3094.000000
3093.000000
3017.000000
2987.000000
2934.000000
2856.000000
2786.000000
2793.000000
2833.000000
2817.000000
2707.000000
2516.000000
2397.000000
2418.000000
2442.000000
2443.000000
2343.000000
2256.000000
2269.000000
1600.000000
1615.000000
1636.000000
1651.000000
1645.000000
1633.000000
1632.000000
1622.000000
1595.000000
1544.000000
1511.000000
1524.000000
1572.000000
1646.000000
1742.000000
1764.000000
1662.000000
1376.000000
990.000000
600.000000
301.000000
224.000000
295.000000
302.000000
399.000000
522.000000
576.000000
767.000000
1205.000000
1678.000000
1994.000000
2257.000000
2501.000000
2663.000000
2790.000000
2857.000000
2917.000000
2999.000000
3032.000000
3043.000000
3081.000000
3121.000000
3114.000000
3125.000000
3118.000000
3054.000000
3077.000000
3036.000000
3004.000000
2882.000000
2806.000000
2791.000000
2803.000000
2789.000000
2740.000000
2621.000000
2528.000000
2473.000000
2421.000000
2320.000000
2261.000000
2247.000000
1561.000000
1575.000000
1620.000000
1677.000000
1709.000000
1695.000000
1690.000000
1669.000000
1644.000000
1591.000000
1558.000000
1572.000000
1631.000000
1707.000000
1754.000000
1777.000000
1576.000000
1130.000000
632.000000
301.000000
258.000000
247.000000
237.000000
215.000000
236.000000
295.000000
409.000000
575.000000
774.000000
993.000000
1321.000000
1636.000000
2029.000000
2367.000000
2632.000000
2757.000000
2841.000000
2945.000000
3004.000000
3020.000000
3054.000000
3136.000000
3161.000000
3146.000000
3120.000000
3056.000000
2984.000000
2937.000000
2962.000000
2951.000000
2896.000000
2819.000000
2757.000000
2749.000000
2772.000000
2705.000000
2548.000000
2427.000000
2348.000000
2272.000000
2155.000000
2039.000000
1580.000000
1569.000000
1618.000000
1697.000000
1742.000000
1733.000000
1741.000000
1678.000000
1641.000000
1581.000000
1587.000000
1618.000000
1654.000000
1690.000000
1841.000000
1627.000000
1372.000000
878.000000
448.000000
253.000000
250.000000
260.000000
235.000000
222.000000
258.000000
255.000000
273.000000
431.000000
659.000000
808.000000
898.000000
1026.000000
1403.000000
1877.000000
2328.000000
2636.000000
2763.000000
2793.000000
2908.000000
2921.000000
3023.000000
3118.000000
3162.000000
3071.000000
2935.000000
2845.000000
2786.000000
2753.000000
2802.000000
2817.000000
2774.000000
2653.000000
2488.000000
2353.000000
2200.000000
2238.000000
2128.000000
2025.000000
1969.000000
1927.000000
1821.000000
1674.000000
1561.000000
1584.000000
1625.000000
1670.000000
1720.000000
1743.000000
1760.000000
1739.000000
1671.000000
1593.000000
1595.000000
1633.000000
1642.000000
1655.000000
1698.000000
1538.000000
1152.000000
617.000000
333.000000
265.000000
246.000000
228.000000
223.000000
199.000000
242.000000
276.000000
276.000000
333.000000
539.000000
739.000000
754.000000
804.000000
956.000000
1331.000000
1810.000000
2244.000000
2566.000000
2693.000000
2706.000000
2720.000000
2810.000000
2855.000000
2863.000000
2823.000000
2770.000000
2744.000000
2647.000000
2611.000000
2499.000000
2420.000000
2336.000000
2247.000000
2169.000000
2100.000000
2146.000000
2130.000000
2090.000000
1930.000000
1777.000000
1761.000000
1816.000000
1804.000000
1527.000000
1623.000000
1668.000000
1665.000000
1686.000000
1746.000000
1793.000000
1802.000000
1737.000000
1660.000000
1628.000000
1617.000000
1605.000000
1614.000000
1520.000000
1285.000000
845.000000
421.000000
229.000000
213.000000
225.000000
233.000000
249.000000
199.000000
200.000000
228.000000
270.000000
297.000000
414.000000
626.000000
754.000000
992.000000
1107.000000
1302.000000
1512.000000
1791.000000
2110.000000
2343.000000
2452.000000
2561.000000
2669.000000
2712.000000
2705.000000
2681.000000
2697.000000
2775.000000
2903.000000
2890.000000
2819.000000
2696.000000
2581.000000
2503.000000
2484.000000
2492.000000
2470.000000
2461.000000
2330.000000
2147.000000
2030.000000
2059.000000
2134.000000
2158.000000
1507.000000
1644.000000
1711.000000
1697.000000
1701.000000
1762.000000
1833.000000
1852.000000
1812.000000
1750.000000
1688.000000
1635.000000
1590.000000
1595.000000
1376.000000
1066.000000
574.000000
291.000000
181.000000
206.000000
229.000000
242.000000
284.000000
254.000000
216.000000
179.000000
199.000000
224.000000
307.000000
492.000000
748.000000
1324.000000
1793.000000
2148.000000
2148.000000
1993.000000
1964.000000
2013.000000
2208.000000
2452.000000
2689.000000
2780.000000
2816.000000
2804.000000
2791.000000
2811.000000
2753.000000
2738.000000
2663.000000
2611.000000
2541.000000
2460.000000
2368.000000
2304.000000
2389.000000
2360.000000
2366.000000
2293.000000
2286.000000
2338.000000
2343.000000
2334.000000
1530.000000
1653.000000
1738.000000
1756.000000
1763.000000
1801.000000
1858.000000
1883.000000
1875.000000
1820.000000
1750.000000
1675.000000
1618.000000
1610.000000
1302.000000
928.000000
431.000000
259.000000
205.000000
231.000000
242.000000
252.000000
264.000000
293.000000
261.000000
202.000000
176.000000
179.000000
211.000000
303.000000
509.000000
1198.000000
1983.000000
2639.000000
2690.000000
2341.000000
1981.000000
1777.000000
1960.000000
2275.000000
2633.000000
2761.000000
2840.000000
2872.000000
2847.000000
2780.000000
2701.000000
2623.000000
2623.000000
2669.000000
2670.000000
2602.000000
2469.000000
2327.000000
2293.000000
2275.000000
2301.000000
2251.000000
2248.000000
2240.000000
2206.000000
2233.000000
1590.000000
1659.000000
1732.000000
1785.000000
1806.000000
1813.000000
1844.000000
1871.000000
1887.000000
1834.000000
1773.000000
1710.000000
1664.000000
1642.000000
1267.000000
851.000000
368.000000
275.000000
253.000000
261.000000
253.000000
251.000000
209.000000
265.000000
265.000000
265.000000
228.000000
185.000000
168.000000
181.000000
720.000000
1381.000000
2274.000000
2717.000000
2737.000000
2494.000000
2254.000000
2072.000000
2065.000000
2304.000000
2536.000000
2654.000000
2738.000000
2791.000000
2815.000000
2775.000000
2691.000000
2633.000000
2641.000000
2677.000000
2695.000000
2658.000000
2577.000000
2472.000000
2393.000000
2356.000000
2382.000000
2416.000000
2413.000000
2317.000000
2165.000000
2139.000000
1652.000000
1678.000000
1719.000000
1753.000000
1778.000000
1776.000000
1797.000000
1828.000000
1841.000000
1794.000000
1741.000000
1717.000000
1705.000000
1663.000000
1231.000000
777.000000
312.000000
271.000000
261.000000
248.000000
237.000000
221.000000
195.000000
208.000000
217.000000
270.000000
252.000000
209.000000
228.000000
369.000000
1124.000000
1908.000000
2623.000000
2610.000000
2432.000000
2277.000000
2187.000000
2112.000000
2135.000000
2290.000000
2517.000000
2674.000000
2724.000000
2731.000000
2764.000000
2784.000000
2718.000000
2662.000000
2604.000000
2583.000000
2551.000000
2523.000000
2484.000000
2457.000000
2393.000000
2357.000000
2404.000000
2540.000000
2608.000000
2517.000000
2324.000000
2213.000000
1689.000000
1705.000000
1706.000000
1710.000000
1712.000000
1729.000000
1756.000000
1788.000000
1782.000000
1733.000000
1685.000000
1699.000000
1712.000000
1670.000000
1194.000000
715.000000
255.000000
251.000000
250.000000
221.000000
200.000000
192.000000
212.000000
196.000000
185.000000
207.000000
209.000000
200.000000
322.000000
708.000000
1703.000000
2687.000000
3355.000000
3287.000000
3116.000000
2907.000000
2688.000000
2455.000000
2232.000000
2279.000000
2509.000000
2753.000000
2797.000000
2722.000000
2679.000000
2691.000000
2733.000000
2709.000000
2692.000000
2635.000000
2569.000000
2506.000000
2459.000000
2433.000000
2367.000000
2252.000000
2213.000000
2267.000000
2322.000000
2308.000000
2271.000000
2273.000000
1730.000000
1702.000000
1651.000000
1620.000000
1650.000000
1731.000000
1781.000000
1807.000000
1761.000000
1701.000000
1657.000000
1670.000000
1684.000000
1643.000000
1144.000000
646.000000
189.000000
233.000000
277.000000
264.000000
220.000000
176.000000
239.000000
173.000000
222.000000
221.000000
169.000000
198.000000
311.000000
1378.000000
2430.000000
3714.000000
4016.000000
4008.000000
3989.000000
3886.000000
3721.000000
3501.000000
2974.000000
2579.000000
2492.000000
2553.000000
2768.000000
2615.000000
2550.000000
2535.000000
2515.000000
2657.000000
2682.000000
2668.000000
2612.000000
2565.000000
2498.000000
2378.000000
2321.000000
2285.000000
2429.000000
2290.000000
2356.000000
2003.000000
2134.000000
2127.000000
1731.000000
1689.000000
1630.000000
1577.000000
1608.000000
1712.000000
1800.000000
1825.000000
1776.000000
1711.000000
1674.000000
1676.000000
1680.000000
1640.000000
1203.000000
720.000000
239.000000
213.000000
230.000000
266.000000
260.000000
207.000000
145.000000
223.000000
190.000000
184.000000
322.000000
275.000000
899.000000
1914.000000
3248.000000
4208.000000
4237.000000
4218.000000
4204.000000
4174.000000
4105.000000
3948.000000
3600.000000
2963.000000
2621.000000
2573.000000
2730.000000
2792.000000
2705.000000
2558.000000
2522.000000
2489.000000
2462.000000
2449.000000
2481.000000
2562.000000
2582.000000
2429.000000
2289.000000
2231.000000
2434.000000
2443.000000
2419.000000
2158.000000
2145.000000
2033.000000
1706.000000
1685.000000
1630.000000
1589.000000
1601.000000
1677.000000
1768.000000
1804.000000
1782.000000
1725.000000
1685.000000
1688.000000
1701.000000
1669.000000
1201.000000
744.000000
247.000000
196.000000
162.000000
183.000000
218.000000
221.000000
230.000000
98.000000
279.000000
210.000000
240.000000
358.000000
1561.000000
2477.000000
3943.000000
4180.000000
4152.000000
4142.000000
4128.000000
4137.000000
4115.000000
4035.000000
3852.000000
3202.000000
2734.000000
2541.000000
2631.000000
2824.000000
2759.000000
2703.000000
2503.000000
2376.000000
2288.000000
2311.000000
2375.000000
2472.000000
2532.000000
2464.000000
2377.000000
2341.000000
2381.000000
2366.000000
2312.000000
2285.000000
2266.000000
2174.000000
1723.000000
1713.000000
1669.000000
1626.000000
1614.000000
1642.000000
1707.000000
1752.000000
1763.000000
1727.000000
1701.000000
1723.000000
1762.000000
1765.000000
1276.000000
744.000000
207.000000
192.000000
180.000000
161.000000
164.000000
203.000000
210.000000
311.000000
253.000000
291.000000
387.000000
572.000000
1624.000000
2928.000000
3946.000000
4055.000000
3969.000000
3988.000000
4011.000000
4037.000000
4052.000000
4009.000000
3907.000000
3358.000000
2746.000000
2434.000000
2451.000000
2664.000000
2612.000000
2761.000000
2557.000000
2426.000000
2254.000000
2348.000000
2409.000000
2424.000000
2415.000000
2415.000000
2300.000000
2339.000000
2280.000000
2427.000000
2427.000000
2539.000000
2406.000000
2278.000000
1760.000000
1755.000000
1726.000000
1682.000000
1638.000000
1618.000000
1640.000000
1682.000000
1718.000000
1711.000000
1714.000000
1766.000000
1848.000000
1895.000000
1610.000000
975.000000
364.000000
173.000000
195.000000
201.000000
175.000000
194.000000
154.000000
248.000000
258.000000
626.000000
826.000000
1345.000000
1729.000000
2736.000000
3437.000000
3802.000000
3877.000000
3945.000000
3999.000000
4041.000000
4063.000000
4018.000000
3930.000000
3466.000000
2738.000000
2320.000000
2359.000000
2604.000000
2575.000000
2691.000000
2705.000000
2596.000000
2380.000000
2309.000000
2312.000000
2346.000000
2338.000000
2325.000000
2454.000000
2417.000000
2324.000000
2240.000000
2068.000000
2200.000000
2261.000000
2501.000000
1755.000000
1769.000000
1766.000000
1731.000000
1676.000000
1624.000000
1604.000000
1635.000000
1678.000000
1697.000000
1730.000000
1813.000000
1924.000000
2017.000000
1996.000000
1421.000000
766.000000
214.000000
124.000000
172.000000
188.000000
175.000000
358.000000
272.000000
329.000000
547.000000
724.000000
1455.000000
1677.000000
2568.000000
3085.000000
3695.000000
3868.000000
3961.000000
4022.000000
4057.000000
4063.000000
4021.000000
3932.000000
3434.000000
2598.000000
2043.000000
2154.000000
2561.000000
2636.000000
2484.000000
2582.000000
2625.000000
2586.000000
2343.000000
2174.000000
2133.000000
2181.000000
2251.000000
2221.000000
2325.000000
2308.000000
2362.000000
2240.000000
2213.000000
2089.000000
2220.000000
1674.000000
1730.000000
1770.000000
1766.000000
1725.000000
1655.000000
1619.000000
1631.000000
1675.000000
1707.000000
1747.000000
1835.000000
1962.000000
2081.000000
2155.000000
1841.000000
1236.000000
541.000000
213.000000
194.000000
230.000000
242.000000
221.000000
429.000000
443.000000
647.000000
1124.000000
1610.000000
1851.000000
2453.000000
2912.000000
3608.000000
3910.000000
3974.000000
4009.000000
4029.000000
4030.000000
4009.000000
3907.000000
3268.000000
2356.000000
1608.000000
1729.000000
2280.000000
2582.000000
2338.000000
2368.000000
2462.000000
2645.000000
2530.000000
2307.000000
2115.000000
2077.000000
2158.000000
2238.000000
2225.000000
2211.000000
2301.000000
2327.000000
2293.000000
2143.000000
2111.000000
1567.000000
1657.000000
1736.000000
1777.000000
1759.000000
1696.000000
1651.000000
1661.000000
1709.000000
1744.000000
1776.000000
1853.000000
1978.000000
2096.000000
2141.000000
2048.000000
1698.000000
1109.000000
624.000000
384.000000
364.000000
449.000000
626.000000
513.000000
710.000000
623.000000
979.000000
1577.000000
2437.000000
2898.000000
3393.000000
3804.000000
4014.000000
4041.000000
4032.000000
4030.000000
4049.000000
4048.000000
3924.000000
3157.000000
2159.000000
1299.000000
1376.000000
1902.000000
2421.000000
2377.000000
2415.000000
2353.000000
2515.000000
2592.000000
2536.000000
2402.000000
2261.000000
2120.000000
2207.000000
2131.000000
2219.000000
2217.000000
2294.000000
2319.000000
2235.000000
2164.000000
1573.000000
1649.000000
1719.000000
1750.000000
1726.000000
1677.000000
1601.000000
1670.000000
1752.000000
1812.000000
1800.000000
1813.000000
1922.000000
2058.000000
2140.000000
2087.000000
1943.000000
1724.000000
1441.000000
1153.000000
941.000000
881.000000
877.000000
905.000000
785.000000
791.000000
1614.000000
2291.000000
3377.000000
3757.000000
3897.000000
4015.000000
4046.000000
4067.000000
4078.000000
4050.000000
4017.000000
3980.000000
3793.000000
2812.000000
1929.000000
895.000000
1374.000000
1815.000000
2197.000000
2550.000000
2319.000000
2359.000000
2330.000000
2467.000000
2460.000000
2469.000000
2444.000000
2260.000000
2066.000000
2030.000000
2145.000000
2179.000000
2201.000000
2237.000000
2271.000000
2282.000000
1635.000000
1697.000000
1744.000000
1747.000000
1697.000000
1632.000000
1635.000000
1659.000000
1742.000000
1779.000000
1779.000000
1814.000000
1924.000000
2006.000000
1988.000000
2015.000000
1993.000000
1902.000000
1736.000000
1553.000000
1359.000000
1153.000000
1016.000000
931.000000
864.000000
1087.000000
1932.000000
3031.000000
4003.000000
4038.000000
4124.000000
4062.000000
4068.000000
4003.000000
3979.000000
4011.000000
4014.000000
3957.000000
3436.000000
2513.000000
1403.000000
680.000000
1163.000000
1693.000000
2222.000000
2360.000000
2437.000000
2328.000000
2201.000000
2283.000000
2368.000000
2376.000000
2417.000000
2443.000000
2204.000000
2080.000000
2111.000000
2266.000000
2287.000000
2225.000000
2216.000000
2229.000000
1698.000000
1744.000000
1773.000000
1750.000000
1695.000000
1617.000000
1657.000000
1724.000000
1823.000000
1810.000000
1809.000000
1877.000000
1986.000000
2020.000000
2026.000000
2011.000000
2067.000000
1990.000000
1779.000000
1589.000000
1456.000000
1303.000000
1084.000000
932.000000
858.000000
1442.000000
2350.000000
3523.000000
4174.000000
4075.000000
4022.000000
3928.000000
3946.000000
3915.000000
3918.000000
3943.000000
3906.000000
3767.000000
2983.000000
2013.000000
957.000000
646.000000
1090.000000
1582.000000
2165.000000
2287.000000
2506.000000
2319.000000
2172.000000
2102.000000
2258.000000
2372.000000
2399.000000
2471.000000
2357.000000
2234.000000
2064.000000
2142.000000
2240.000000
2274.000000
2241.000000
2185.000000
1746.000000
1752.000000
1745.000000
1728.000000
1689.000000
1650.000000
1697.000000
1790.000000
1890.000000
1878.000000
1852.000000
1918.000000
2064.000000
2190.000000
2327.000000
2273.000000
2222.000000
2007.000000
1762.000000
1565.000000
1430.000000
1312.000000
1101.000000
964.000000
827.000000
1644.000000
2602.000000
3823.000000
4180.000000
4064.000000
3987.000000
3868.000000
3903.000000
3956.000000
3987.000000
3978.000000
3859.000000
3579.000000
2589.000000
1562.000000
694.000000
758.000000
1140.000000
1535.000000
2073.000000
2219.000000
2451.000000
2348.000000
2197.000000
2039.000000
2202.000000
2397.000000
2407.000000
2379.000000
2452.000000
2343.000000
2120.000000
1955.000000
1991.000000
2129.000000
2190.000000
2132.000000
1748.000000
1726.000000
1701.000000
1694.000000
1702.000000
1719.000000
1776.000000
1853.000000
1925.000000
1923.000000
1930.000000
1971.000000
2046.000000
2107.000000
2181.000000
2214.000000
2186.000000
1997.000000
1788.000000
1561.000000
1334.000000
1175.000000
1009.000000
895.000000
780.000000
1738.000000
2761.000000
3982.000000
4122.000000
4064.000000
4038.000000
3902.000000
3865.000000
3829.000000
3807.000000
3782.000000
3610.000000
3114.000000
2108.000000
1057.000000
538.000000
805.000000
1160.000000
1472.000000
1874.000000
2079.000000
2293.000000
2336.000000
2237.000000
2067.000000
2113.000000
2320.000000
2418.000000
2353.000000
2419.000000
2427.000000
2357.000000
2063.000000
1885.000000
1901.000000
1994.000000
2010.000000
1723.000000
1694.000000
1677.000000
1685.000000
1713.000000
1756.000000
1794.000000
1876.000000
1989.000000
2139.000000
2268.000000
2221.000000
1953.000000
1519.000000
1310.000000
1407.000000
1703.000000
1793.000000
1664.000000
1389.000000
1105.000000
894.000000
760.000000
643.000000
703.000000
1742.000000
2860.000000
4008.000000
4012.000000
3985.000000
3967.000000
3860.000000
3771.000000
3684.000000
3639.000000
3558.000000
3212.000000
2379.000000
1454.000000
570.000000
508.000000
820.000000
1192.000000
1481.000000
1742.000000
2014.000000
2208.000000
2335.000000
2283.000000
2135.000000
2002.000000
2128.000000
2365.000000
2421.000000
2298.000000
2327.000000
2397.000000
2292.000000
2024.000000
1831.000000
1852.000000
1959.000000
1694.000000
1707.000000
1720.000000
1725.000000
1727.000000
1725.000000
1738.000000
1830.000000
2024.000000
2293.000000
2462.000000
2360.000000
1916.000000
1289.000000
895.000000
902.000000
1201.000000
1351.000000
1254.000000
1029.000000
826.000000
667.000000
501.000000
401.000000
590.000000
1606.000000
2708.000000
3719.000000
3651.000000
3667.000000
3651.000000
3649.000000
3597.000000
3523.000000
3419.000000
3175.000000
2614.000000
1705.000000
937.000000
451.000000
652.000000
892.000000
1268.000000
1542.000000
1703.000000
1999.000000
2206.000000
2322.000000
2335.000000
2256.000000
2028.000000
1997.000000
2218.000000
2395.000000
2279.000000
2172.000000
2215.000000
2289.000000
2116.000000
1875.000000
1799.000000
1882.000000
1668.000000
1729.000000
1777.000000
1781.000000
1743.000000
1686.000000
1698.000000
1787.000000
1983.000000
2148.000000
2183.000000
2059.000000
1893.000000
1761.000000
1581.000000
1406.000000
1151.000000
953.000000
810.000000
744.000000
701.000000
619.000000
428.000000
332.000000
500.000000
1407.000000
2381.000000
3246.000000
3172.000000
3229.000000
3137.000000
3169.000000
3049.000000
2902.000000
2619.000000
2103.000000
1466.000000
897.000000
596.000000
570.000000
782.000000
968.000000
1289.000000
1540.000000
1643.000000
1924.000000
2163.000000
2283.000000
2384.000000
2384.000000
2205.000000
2034.000000
2077.000000
2259.000000
2372.000000
2216.000000
2169.000000
2138.000000
2027.000000
1861.000000
1716.000000
1656.000000
1624.000000
1719.000000
1771.000000
1751.000000
1723.000000
1694.000000
1781.000000
1763.000000
1751.000000
1638.000000
1557.000000
1470.000000
1385.000000
1344.000000
1229.000000
1113.000000
858.000000
685.000000
602.000000
643.000000
741.000000
839.000000
904.000000
923.000000
1030.000000
1347.000000
2005.000000
2437.000000
2469.000000
2231.000000
1896.000000
1633.000000
1403.000000
1218.000000
998.000000
786.000000
595.000000
515.000000
582.000000
740.000000
829.000000
1040.000000
1354.000000
1596.000000
1787.000000
1912.000000
2188.000000
2255.000000
2321.000000
2308.000000
2277.000000
2105.000000
2019.000000
2173.000000
2277.000000
2323.000000
2218.000000
2088.000000
2005.000000
1929.000000
1797.000000
1629.000000
1623.000000
1750.000000
1794.000000
1731.000000
1648.000000
1655.000000
1657.000000
1602.000000
1340.000000
1040.000000
878.000000
862.000000
839.000000
727.000000
629.000000
564.000000
643.000000
803.000000
970.000000
1122.000000
1274.000000
1411.000000
1517.000000
1561.000000
1604.000000
1686.000000
1816.000000
1984.000000
2034.000000
1880.000000
1253.000000
874.000000
587.000000
615.000000
547.000000
488.000000
537.000000
703.000000
827.000000
920.000000
984.000000
1162.000000
1403.000000
1665.000000
1873.000000
2006.000000
2203.000000
2304.000000
2369.000000
2268.000000
2209.000000
2115.000000
2018.000000
2029.000000
2149.000000
2231.000000
2196.000000
2122.000000
2044.000000
1953.000000
1834.000000
1691.000000
1602.000000
1717.000000
1774.000000
1718.000000
1637.000000
1655.000000
1476.000000
1377.000000
1003.000000
774.000000
571.000000
474.000000
465.000000
457.000000
615.000000
775.000000
1071.000000
1287.000000
1501.000000
1645.000000
1727.000000
1763.000000
1810.000000
1817.000000
1844.000000
1812.000000
1781.000000
1789.000000
1830.000000
1821.000000
1291.000000
877.000000
569.000000
759.000000
835.000000
818.000000
834.000000
957.000000
1081.000000
1155.000000
1192.000000
1322.000000
1515.000000
1737.000000
1932.000000
2068.000000
2226.000000
2344.000000
2402.000000
2291.000000
2202.000000
2117.000000
2040.000000
2008.000000
2005.000000
2044.000000
2066.000000
2088.000000
2026.000000
1904.000000
1776.000000
1687.000000
1579.000000
1617.000000
1672.000000
1705.000000
1676.000000
1639.000000
1436.000000
1150.000000
782.000000
586.000000
414.000000
407.000000
660.000000
1059.000000
1367.000000
1628.000000
1707.000000
1753.000000
1781.000000
1777.000000
1751.000000
1714.000000
1683.000000
1691.000000
1735.000000
1775.000000
1766.000000
1767.000000
1802.000000
1842.000000
1560.000000
1216.000000
962.000000
1115.000000
1169.000000
1109.000000
1082.000000
1156.000000
1275.000000
1339.000000
1365.000000
1450.000000
1607.000000
1812.000000
2000.000000
2141.000000
2250.000000
2362.000000
2405.000000
2312.000000
2200.000000
2145.000000
2118.000000
2076.000000
1958.000000
1888.000000
1873.000000
1930.000000
1892.000000
1790.000000
1690.000000
1650.000000
1587.000000
1574.000000
1608.000000
1694.000000
1662.000000
1427.000000
1043.000000
655.000000
493.000000
559.000000
744.000000
1032.000000
1381.000000
1730.000000
1941.000000
1983.000000
1896.000000
1828.000000
1771.000000
1743.000000
1744.000000
1754.000000
1720.000000
1684.000000
1686.000000
1742.000000
1789.000000
1801.000000
1804.000000
1804.000000
1663.000000
1430.000000
1275.000000
1349.000000
1376.000000
1336.000000
1296.000000
1333.000000
1404.000000
1456.000000
1471.000000
1549.000000
1693.000000
1884.000000
2075.000000
2213.000000
2276.000000
2367.000000
2382.000000
2303.000000
2172.000000
2116.000000
2141.000000
2106.000000
1971.000000
1813.000000
1747.000000
1744.000000
1721.000000
1669.000000
1635.000000
1630.000000
1619.000000
1618.000000
1625.000000
1680.000000
1601.000000
1191.000000
749.000000
493.000000
704.000000
1068.000000
1481.000000
1811.000000
1963.000000
1958.000000
1966.000000
1904.000000
1885.000000
1810.000000
1760.000000
1744.000000
1749.000000
1760.000000
1811.000000
1753.000000
1752.000000
1755.000000
1782.000000
1810.000000
1836.000000
1847.000000
1749.000000
1617.000000
1498.000000
1532.000000
1579.000000
1553.000000
1486.000000
1450.000000
1478.000000
1519.000000
1563.000000
1663.000000
1818.000000
2004.000000
2169.000000
2282.000000
2311.000000
2360.000000
2352.000000
2270.000000
2103.000000
2019.000000
2039.000000
2022.000000
1943.000000
1797.000000
1725.000000
1655.000000
1618.000000
1608.000000
1617.000000
1622.000000
1593.000000
1618.000000
1629.000000
1655.000000
1612.000000
1325.000000
1155.000000
1119.000000
1421.000000
1592.000000
1723.000000
1816.000000
1899.000000
1986.000000
2012.000000
2044.000000
1998.000000
1913.000000
1846.000000
1787.000000
1735.000000
1687.000000
1743.000000
1730.000000
1774.000000
1749.000000
1763.000000
1810.000000
1879.000000
1959.000000
1944.000000
1855.000000
1742.000000
1744.000000
1750.000000
1681.000000
1578.000000
1520.000000
1548.000000
1619.000000
1694.000000
1821.000000
1996.000000
2166.000000
2292.000000
2348.000000
2326.000000
2327.000000
2309.000000
2226.000000
2056.000000
1941.000000
1950.000000
1972.000000
1910.000000
1816.000000
1731.000000
1647.000000
1583.000000
1572.000000
1575.000000
1568.000000
1516.000000
1528.000000
1552.000000
1608.000000
1662.000000
1707.000000
1604.000000
1678.000000
1705.000000
1729.000000
1736.000000
1717.000000
1731.000000
1780.000000
1953.000000
1991.000000
2014.000000
1929.000000
1872.000000
1841.000000
1823.000000
1794.000000
1763.000000
1765.000000
1782.000000
1778.000000
1793.000000
1801.000000
1853.000000
1956.000000
1997.000000
1955.000000
1836.000000
1798.000000
1746.000000
1642.000000
1550.000000
1577.000000
1652.000000
1761.000000
1820.000000
1969.000000
2149.000000
2310.000000
2391.000000
2404.000000
2328.000000
2300.000000
2262.000000
2201.000000
2051.000000
1934.000000
1953.000000
2015.000000
1927.000000
1844.000000
1704.000000
1647.000000
1585.000000
1531.000000
1487.000000
1465.000000
1458.000000
1444.000000
1496.000000
1572.000000
1650.000000
1745.000000
1834.000000
1827.000000
1775.000000
1737.000000
1686.000000
1668.000000
1669.000000
1703.000000
1772.000000
1880.000000
1953.000000
1940.000000
1926.000000
1932.000000
1928.000000
1896.000000
1838.000000
1804.000000
1781.000000
1793.000000
1810.000000
1806.000000
1842.000000
1963.000000
1977.000000
2040.000000
1908.000000
1890.000000
1832.000000
1677.000000
1559.000000
1621.000000
1750.000000
1901.000000
1962.000000
2105.000000
2285.000000
2454.000000
2527.000000
2539.000000
2465.000000
2372.000000
2264.000000
2165.000000
2029.000000
1930.000000
1911.000000
1943.000000
1944.000000
1854.000000
1747.000000
1656.000000
1570.000000
1485.000000
1436.000000
1405.000000
1435.000000
1449.000000
1496.000000
1572.000000
1671.000000
1767.000000
1840.000000
1855.000000
1842.000000
1787.000000
1714.000000
1652.000000
1626.000000
1644.000000
1694.000000
1768.000000
1837.000000
1883.000000
1916.000000
1949.000000
1971.000000
1939.000000
1878.000000
1834.000000
1841.000000
1864.000000
1869.000000
1859.000000
1881.000000
1955.000000
2051.000000
2088.000000
2068.000000
2051.000000
1937.000000
1761.000000
1631.000000
1691.000000
1861.000000
2065.000000
2112.000000
2238.000000
2409.000000
2556.000000
2622.000000
2618.000000
2552.000000
2456.000000
2306.000000
2160.000000
2014.000000
1918.000000
1885.000000
1882.000000
1902.000000
1883.000000
1846.000000
1760.000000
1658.000000
1558.000000
1476.000000
1425.000000
1433.000000
1484.000000
1542.000000
1623.000000
1707.000000
1772.000000
1863.000000
1902.000000
1914.000000
1852.000000
1760.000000
1676.000000
1628.000000
1625.000000
1643.000000
1692.000000
1747.000000
1822.000000
1883.000000
1944.000000
1975.000000
1956.000000
1892.000000
1858.000000
1871.000000
1906.000000
1911.000000
1897.000000
1886.000000
1919.000000
2054.000000
2111.000000
2157.000000
2114.000000
1982.000000
1766.000000
1634.000000
1740.000000
2017.000000
2221.000000
2287.000000
2406.000000
2550.000000
2669.000000
2715.000000
2700.000000
2619.000000
2512.000000
2348.000000
2188.000000
2023.000000
1916.000000
1865.000000
1842.000000
1844.000000
1850.000000
1835.000000
1788.000000
1697.000000
1598.000000
1486.000000
1397.000000
1441.000000
1508.000000
1593.000000
1674.000000
1740.000000
1782.000000
1860.000000
1908.000000
1943.000000
1885.000000
1799.000000
1718.000000
1662.000000
1653.000000
1657.000000
1697.000000
1751.000000
1833.000000
1902.000000
1970.000000
2006.000000
1980.000000
1920.000000
1868.000000
1865.000000
1873.000000
1874.000000
1855.000000
1848.000000
1873.000000
2028.000000
2115.000000
2179.000000
2087.000000
1926.000000
1740.000000
1670.000000
1835.000000
2164.000000
2346.000000
2475.000000
2584.000000
2695.000000
2767.000000
2792.000000
2762.000000
2693.000000
2577.000000
2422.000000
2238.000000
2066.000000
1956.000000
1889.000000
1852.000000
1820.000000
1803.000000
1776.000000
1736.000000
1668.000000
1581.000000
1475.000000
1394.000000
1438.000000
1523.000000
1614.000000
1690.000000
1742.000000
1766.000000
1806.000000
1850.000000
1888.000000
1853.000000
1799.000000
1736.000000
1706.000000
1704.000000
1733.000000
1778.000000
1842.000000
1905.000000
1964.000000
2016.000000
2049.000000
2018.000000
1961.000000
1901.000000
1866.000000
1834.000000
1811.000000
1809.000000
1827.000000
1880.000000
2026.000000
2152.000000
2193.000000
2054.000000
1868.000000
1745.000000
1818.000000
2039.000000
2316.000000
2444.000000
2629.000000
2739.000000
2806.000000
2842.000000
2844.000000
2800.000000
2749.000000
2641.000000
2500.000000
2298.000000
2110.000000
1995.000000
1925.000000
1874.000000
1847.000000
1812.000000
1794.000000
1753.000000
1697.000000
1637.000000
1574.000000
1539.000000
1436.000000
1519.000000
1603.000000
1667.000000
1705.000000
1712.000000
1731.000000
1762.000000
1797.000000
1794.000000
1766.000000
1741.000000
1736.000000
1747.000000
1800.000000
1855.000000
1922.000000
1964.000000
1996.000000
2036.000000
2067.000000
2037.000000
1994.000000
1932.000000
1883.000000
1819.000000
1787.000000
1811.000000
1868.000000
1946.000000
2038.000000
2145.000000
2121.000000
1968.000000
1772.000000
1691.000000
1880.000000
2165.000000
2398.000000
2537.000000
2744.000000
2846.000000
2882.000000
2888.000000
2878.000000
2833.000000
2767.000000
2654.000000
2507.000000
2296.000000
2103.000000
1992.000000
1917.000000
1854.000000
1825.000000
1808.000000
1796.000000
1767.000000
1714.000000
1674.000000
1642.000000
1636.000000
1427.000000
1498.000000
1568.000000
1617.000000
1638.000000
1643.000000
1650.000000
1685.000000
1718.000000
1731.000000
1733.000000
1721.000000
1728.000000
1751.000000
1807.000000
1872.000000
1929.000000
1949.000000
1966.000000
2003.000000
2040.000000
2033.000000
1978.000000
1918.000000
1860.000000
1806.000000
1792.000000
1840.000000
1916.000000
1991.000000
2044.000000
2090.000000
2012.000000
1876.000000
1705.000000
1631.000000
1824.000000
2162.000000
2405.000000
2650.000000
2829.000000
2929.000000
2949.000000
2929.000000
2908.000000
2860.000000
2755.000000
2615.000000
2428.000000
2200.000000
2021.000000
1920.000000
1858.000000
1779.000000
1738.000000
1721.000000
1735.000000
1720.000000
1690.000000
1652.000000
1611.000000
1580.000000
1428.000000
1481.000000
1539.000000
1583.000000
1597.000000
1593.000000
1610.000000
1642.000000
1684.000000
1703.000000
1710.000000
1706.000000
1714.000000
1727.000000
1789.000000
1839.000000
1888.000000
1890.000000
1897.000000
1944.000000
2001.000000
2021.000000
1939.000000
1865.000000
1777.000000
1757.000000
1780.000000
1843.000000
1923.000000
1971.000000
2049.000000
2071.000000
1999.000000
1877.000000
1759.000000
1677.000000
1800.000000
2144.000000
2427.000000
2776.000000
2883.000000
2984.000000
2990.000000
2961.000000
2938.000000
2891.000000
2744.000000
2561.000000
2324.000000
2092.000000
1917.000000
1826.000000
1763.000000
1698.000000
1662.000000
1661.000000
1707.000000
1723.000000
1708.000000
1662.000000
1586.000000
1510.000000
1429.000000
1468.000000
1517.000000
1569.000000
1605.000000
1604.000000
1611.000000
1623.000000
1668.000000
1695.000000
1686.000000
1676.000000
1665.000000
1683.000000
1706.000000
1739.000000
1756.000000
1752.000000
1790.000000
1882.000000
1977.000000
2008.000000
1924.000000
1826.000000
1748.000000
1733.000000
1737.000000
1771.000000
1827.000000
1883.000000
1945.000000
2058.000000
2141.000000
2136.000000
2225.000000
2145.000000
2317.000000
2378.000000
2674.000000
2875.000000
2961.000000
3037.000000
3009.000000
2961.000000
2940.000000
2849.000000
2694.000000
2470.000000
2245.000000
2034.000000
1887.000000
1824.000000
1783.000000
1730.000000
1679.000000
1694.000000
1750.000000
1800.000000
1794.000000
1716.000000
1592.000000
1460.000000
1451.000000
1493.000000
1532.000000
1584.000000
1641.000000
1656.000000
1642.000000
1638.000000
1679.000000
1696.000000
1694.000000
1670.000000
1659.000000
1665.000000
1663.000000
1677.000000
1672.000000
1681.000000
1730.000000
1834.000000
1944.000000
1970.000000
1886.000000
1790.000000
1730.000000
1724.000000
1724.000000
1733.000000
1769.000000
1821.000000
1936.000000
2030.000000
2130.000000
2218.000000
2408.000000
2481.000000
2663.000000
2699.000000
2833.000000
2914.000000
2980.000000
3048.000000
2989.000000
2918.000000
2880.000000
2784.000000
2602.000000
2387.000000
2190.000000
2003.000000
1871.000000
1821.000000
1793.000000
1739.000000
1692.000000
1700.000000
1784.000000
1864.000000
1872.000000
1775.000000
1624.000000
1472.000000
1517.000000
1562.000000
1600.000000
1647.000000
1705.000000
1732.000000
1713.000000
1705.000000
1715.000000
1717.000000
1704.000000
1671.000000
1648.000000
1643.000000
1626.000000
1630.000000
1628.000000
1671.000000
1735.000000
1836.000000
1920.000000
1934.000000
1861.000000
1779.000000
1733.000000
1731.000000
1741.000000
1769.000000
1805.000000
1856.000000
1969.000000
2043.000000
2102.000000
2188.000000
2454.000000
2708.000000
2931.000000
2924.000000
2960.000000
2960.000000
2979.000000
3017.000000
2939.000000
2848.000000
2776.000000
2661.000000
2479.000000
2285.000000
2115.000000
1960.000000
1858.000000
1814.000000
1778.000000
1729.000000
1665.000000
1676.000000
1761.000000
1856.000000
1865.000000
1758.000000
1601.000000
1464.000000
1613.000000
1659.000000
1693.000000
1735.000000
1798.000000
1841.000000
1831.000000
1811.000000
1792.000000
1774.000000
1730.000000
1667.000000
1625.000000
1598.000000
1595.000000
1597.000000
1625.000000
1698.000000
1784.000000
1873.000000
1929.000000
1927.000000
1847.000000
1789.000000
1744.000000
1754.000000
1795.000000
1852.000000
1918.000000
1968.000000
2028.000000
2068.000000
2051.000000
2155.000000
2473.000000
2858.000000
3093.000000
3070.000000
3055.000000
3030.000000
3024.000000
3008.000000
2904.000000
2786.000000
2678.000000
2547.000000
2344.000000
2176.000000
2009.000000
1896.000000
1814.000000
1780.000000
1743.000000
1687.000000
1616.000000
1607.000000
1671.000000
1738.000000
1729.000000
1620.000000
1500.000000
1417.000000
1713.000000
1763.000000
1782.000000
1813.000000
1872.000000
1928.000000
1935.000000
1913.000000
1888.000000
1843.000000
1768.000000
1673.000000
1589.000000
1551.000000
1552.000000
1569.000000
1622.000000
1711.000000
1800.000000
1873.000000
1894.000000
1880.000000
1810.000000
1757.000000
1722.000000
1747.000000
1821.000000
1914.000000
2002.000000
2053.000000
2069.000000
2093.000000
2037.000000
2211.000000
2527.000000
2954.000000
3146.000000
3121.000000
3117.000000
3103.000000
3084.000000
3016.000000
2891.000000
2751.000000
2608.000000
2444.000000
2240.000000
2070.000000
1904.000000
1810.000000
1747.000000
1709.000000
1673.000000
1625.000000
1567.000000
1555.000000
1577.000000
1602.000000
1568.000000
1482.000000
1413.000000
1407.000000
1781.000000
1827.000000
1826.000000
1829.000000
1886.000000
1947.000000
1973.000000
1960.000000
1937.000000
1882.000000
1797.000000
1688.000000
1596.000000
1543.000000
1539.000000
1551.000000
1602.000000
1681.000000
1766.000000
1810.000000
1803.000000
1783.000000
1742.000000
1709.000000
1675.000000
1707.000000
1792.000000
1910.000000
1998.000000
2046.000000
2050.000000
2080.000000
2058.000000
2311.000000
2630.000000
3064.000000
3176.000000
3159.000000
3162.000000
3171.000000
3124.000000
3012.000000
2875.000000
2719.000000
2541.000000
2363.000000
2149.000000
1990.000000
1815.000000
1729.000000
1661.000000
1621.000000
1580.000000
1540.000000
1524.000000
1509.000000
1521.000000
1515.000000
1489.000000
1450.000000
1438.000000
1455.000000
1799.000000
1836.000000
1819.000000
1806.000000
1836.000000
1898.000000
1933.000000
1942.000000
1923.000000
1880.000000
1802.000000
1709.000000
1629.000000
1590.000000
1582.000000
1589.000000
1614.000000
1675.000000
1741.000000
1759.000000
1734.000000
1710.000000
1721.000000
1715.000000
1706.000000
1721.000000
1793.000000
1902.000000
1976.000000
1995.000000
1991.000000
2031.000000
2039.000000
2353.000000
2692.000000
3143.000000
3200.000000
3176.000000
3186.000000
3191.000000
3120.000000
2969.000000
2826.000000
2669.000000
2468.000000
2281.000000
2080.000000
1930.000000
1750.000000
1661.000000
1578.000000
1524.000000
1481.000000
1459.000000
1455.000000
1459.000000
1460.000000
1458.000000
1474.000000
1494.000000
1508.000000
1516.000000
1781.000000
1808.000000
1781.000000
1752.000000
1778.000000
1837.000000
1876.000000
1886.000000
1878.000000
1855.000000
1795.000000
1724.000000
1666.000000
1648.000000
1649.000000
1652.000000
1671.000000
1715.000000
1765.000000
1764.000000
1723.000000
1705.000000
1745.000000
1778.000000
1787.000000
1788.000000
1841.000000
1925.000000
1977.000000
1969.000000
1941.000000
1972.000000
1975.000000
2312.000000
2682.000000
3170.000000
3206.000000
3173.000000
3171.000000
3180.000000
3097.000000
2925.000000
2781.000000
2619.000000
2411.000000
2226.000000
2031.000000
1885.000000
1708.000000
1603.000000
1521.000000
1455.000000
1417.000000
1407.000000
1393.000000
1390.000000
1385.000000
1405.000000
1467.000000
1532.000000
1558.000000
1528.000000
