3740.000000
4613.000000
4743.000000
4407.000000
3363.000000
2928.000000
4737.000000
7905.000000
3108.000000
4942.000000
6752.000000
7451.000000
7743.000000
7366.000000
5359.000000
3780.000000
4323.000000
4338.000000
5809.000000
5204.000000
6351.000000
4787.000000
5243.000000
5282.000000
5229.000000
4577.000000
3742.000000
5152.000000
9380.000000
8745.000000
4286.000000
5575.000000
6297.000000
6329.000000
5689.000000
3799.000000
3724.000000
6213.000000
8056.000000
8470.000000
4593.000000
6097.000000
5087.000000
5553.000000
5749.000000
5977.000000
5603.000000
4939.000000
5664.000000
9590.000000
8948.000000
8678.000000
4743.000000
4782.000000
4492.000000
3782.000000
3426.000000
6586.000000
7876.000000
8616.000000
7785.000000
4382.000000
4008.000000
4108.000000
4958.000000
5747.000000
6111.000000
6007.000000
5538.000000
6030.000000
9050.000000
9097.000000
7632.000000
11059.000000
7669.000000
10571.000000
9400.000000
10456.000000
8646.000000
8636.000000
8683.000000
7681.000000
4511.000000
3152.000000
4154.000000
4845.000000
5238.000000
5652.000000
5798.000000
5905.000000
6588.000000
8650.000000
8208.000000
6965.000000
8596.000000
11355.000000
10646.000000
11295.000000
10884.000000
6827.000000
8397.000000
7129.000000
6746.000000
3673.000000
2922.000000
4565.000000
5009.000000
5089.000000
5646.000000
7843.000000
10859.000000
11375.000000
9458.000000
6328.000000
7732.000000
8226.000000
8237.000000
9466.000000
9907.000000
8384.000000
7444.000000
7076.000000
7291.000000
7313.000000
4663.000000
2977.000000
7415.000000
5897.000000
6467.000000
9014.000000
10896.000000
11770.000000
12050.000000
9623.000000
7659.000000
8707.000000
7349.000000
6598.000000
5931.000000
6458.000000
7096.000000
7566.000000
5862.000000
6447.000000
9356.000000
6108.000000
4450.000000
8575.000000
9223.000000
9656.000000
9887.000000
11226.000000
11919.000000
12136.000000
10745.000000
8313.000000
8649.000000
8595.000000
6267.000000
5493.000000
5701.000000
6354.000000
6898.000000
6772.000000
8924.000000
10106.000000
7365.000000
5160.000000
9282.000000
9807.000000
10176.000000
10435.000000
11634.000000
12012.000000
12164.000000
10121.000000
9473.000000
9284.000000
8676.000000
7455.000000
5610.000000
6451.000000
8162.000000
7044.000000
7121.000000
8464.000000
11872.000000
10940.000000
8522.000000
9486.000000
9969.000000
10140.000000
10655.000000
11724.000000
11936.000000
12001.000000
9876.000000
8196.000000
6944.000000
7097.000000
7961.000000
7151.000000
6756.000000
8882.000000
7563.000000
7662.000000
7136.000000
12419.000000
12312.000000
11917.000000
9668.000000
10104.000000
10274.000000
10297.000000
11719.000000
11682.000000
11788.000000
10357.000000
8109.000000
7915.000000
5634.000000
7804.000000
8567.000000
8147.000000
4602.000000
4834.000000
4129.000000
5879.000000
12235.000000
11141.000000
9802.000000
9733.000000
9869.000000
10480.000000
10625.000000
11525.000000
11678.000000
11555.000000
11664.000000
8825.000000
5494.000000
7949.000000
6931.000000
8375.000000
6306.000000
6741.000000
5422.000000
5870.000000
4536.000000
7303.000000
9519.000000
7427.000000
8964.000000
9622.000000
10431.000000
11025.000000
11084.000000
11053.000000
10374.000000
11254.000000
7250.000000
7287.000000
6927.000000
7660.000000
8641.000000
6310.000000
5769.000000
5810.000000
7151.000000
3636.000000
3291.000000
5338.000000
6314.000000
7365.000000
7894.000000
8635.000000
9411.000000
9458.000000
9768.000000
9203.000000
9824.000000
11243.000000
9214.000000
9253.000000
8051.000000
5794.000000
7691.000000
6692.000000
5835.000000
4337.000000
1336.000000
1127.000000
2151.000000
3634.000000
5823.000000
5559.000000
6960.000000
7573.000000
7997.000000
6856.000000
7014.000000
7166.000000
12216.000000
10164.000000
10127.000000
10548.000000
4395.000000
10088.000000
8957.000000
5847.000000
3292.000000
1745.000000
1648.000000
3043.000000
2886.000000
5077.000000
5163.000000
7121.000000
7699.000000
7910.000000
6001.000000
5864.000000
5821.000000
12071.000000
10807.000000
9474.000000
7034.000000
4195.000000
8019.000000
7496.000000
5391.000000
1902.000000
2150.000000
3872.000000
6687.000000
5820.000000
3968.000000
4787.000000
5902.000000
8217.000000
7526.000000
6601.000000
5634.000000
5016.000000
10475.000000
11675.000000
9446.000000
8323.000000
7702.000000
6113.000000
5642.000000
2973.000000
1386.000000
4037.000000
3549.000000
4847.000000
5527.000000
3383.000000
4009.000000
4395.000000
4897.000000
6039.000000
5940.000000
5393.000000
6012.000000
6053.000000
12155.000000
10275.000000
8169.000000
5710.000000
3364.000000
2449.000000
3065.000000
2130.000000
4055.000000
3582.000000
3476.000000
2819.000000
3232.000000
3580.000000
3958.000000
4119.000000
4307.000000
4524.000000
4861.000000
4316.000000
4719.000000
11026.000000
11246.000000
8224.000000
5998.000000
4254.000000
2902.000000
2391.000000
2443.000000
3106.000000
3421.000000
2878.000000
3313.000000
3040.000000
3463.000000
3743.000000
3988.000000
4199.000000
4491.000000
4715.000000
4365.000000
4577.000000
7304.000000
11750.000000
9041.000000
5822.000000
4829.000000
2756.000000
2923.000000
2269.000000
3598.000000
2692.000000
3476.000000
3017.000000
2736.000000
3179.000000
3551.000000
3962.000000
4231.000000
4243.000000
4636.000000
4537.000000
4752.000000
5239.000000
10872.000000
9204.000000
6730.000000
4697.000000
3484.000000
3218.000000
3851.000000
2999.000000
2891.000000
3736.000000
2413.000000
