6845.000000
4009.000000
1475.000000
2169.000000
3097.000000
4358.000000
6715.000000
5847.000000
12185.000000
7670.000000
2622.000000
4399.000000
5290.000000
3501.000000
10419.000000
5731.000000
2207.000000
2919.000000
3178.000000
5040.000000
7148.000000
15040.000000
13212.000000
14980.000000
2545.000000
3786.000000
6338.000000
3594.000000
15981.000000
9759.000000
2470.000000
13231.000000
16285.000000
16419.000000
16707.000000
11100.000000
2976.000000
13138.000000
1917.000000
3855.000000
7053.000000
3910.000000
18687.000000
17032.000000
2534.000000
16129.000000
16721.000000
13840.000000
10429.000000
4350.000000
7282.000000
6375.000000
2983.000000
4906.000000
7291.000000
4211.000000
16653.000000
19087.000000
4915.000000
17350.000000
16048.000000
13235.000000
11233.000000
9741.000000
9651.000000
9126.000000
2909.000000
4179.000000
8349.000000
4245.000000
3166.000000
18346.000000
11379.000000
14097.000000
13600.000000
11002.000000
9409.000000
5596.000000
6439.000000
12619.000000
4893.000000
3185.000000
9252.000000
4057.000000
364.000000
11041.000000
12273.000000
17378.000000
11493.000000
14022.000000
5061.000000
4678.000000
2331.000000
10766.000000
10741.000000
4069.000000
9018.000000
4022.000000
287.000000
1336.000000
9936.000000
19089.000000
14815.000000
10867.000000
7067.000000
7452.000000
2769.000000
3032.000000
7126.000000
8148.000000
8073.000000
4142.000000
246.000000
298.000000
8228.000000
18286.000000
12280.000000
7229.000000
9761.000000
4377.000000
11327.000000
6654.000000
2092.000000
4316.000000
4278.000000
4428.000000
193.000000
212.000000
1597.000000
16982.000000
15764.000000
11168.000000
9706.000000
12310.000000
13349.000000
5264.000000
1670.000000
1867.000000
1895.000000
4314.000000
1331.000000
1776.000000
2468.000000
17431.000000
18007.000000
16117.000000
15868.000000
12324.000000
12470.000000
12556.000000
2415.000000
1645.000000
1801.000000
3074.000000
2825.000000
1758.000000
1826.000000
18036.000000
16992.000000
16106.000000
15343.000000
15432.000000
13511.000000
12836.000000
6387.000000
1758.000000
1493.000000
1830.000000
2919.000000
2685.000000
4758.000000
16228.000000
17159.000000
16908.000000
14299.000000
12991.000000
15124.000000
13164.000000
16303.000000
2806.000000
771.000000
571.000000
2610.000000
2746.000000
5509.000000
10384.000000
17485.000000
7941.000000
7859.000000
8325.000000
14304.000000
15779.000000
15921.000000
12222.000000
398.000000
572.000000
