2655.000000
3063.000000
3400.000000
3660.000000
3849.000000
3919.000000
4040.000000
4181.000000
4312.000000
4458.000000
4600.000000
4669.000000
4713.000000
4783.000000
4783.000000
4859.000000
4897.000000
4899.000000
4905.000000
4935.000000
4973.000000
4941.000000
4905.000000
4867.000000
4867.000000
4850.000000
4829.000000
4829.000000
4822.000000
4757.000000
4753.000000
4715.000000
4677.000000
4677.000000
4677.000000
4639.000000
4669.000000
4637.000000
4362.000000
3641.000000
3310.000000
2920.000000
2533.000000
2849.000000
3221.000000
3527.000000
3727.000000
3867.000000
3937.000000
4058.000000
4199.000000
4330.000000
4471.000000
4624.000000
4682.000000
4731.000000
4801.000000
4831.000000
4877.000000
4915.000000
4943.000000
4973.000000
4953.000000
4991.000000
4985.000000
4973.000000
4935.000000
4935.000000
4924.000000
4915.000000
4897.000000
4890.000000
4851.000000
4839.000000
4788.000000
4745.000000
4745.000000
4745.000000
4689.000000
4687.000000
4678.000000
4435.000000
3773.000000
3444.000000
3097.000000
2715.000000
2966.000000
3314.000000
3594.000000
3789.000000
3887.000000
3957.000000
4078.000000
4219.000000
4350.000000
4485.000000
4642.000000
4703.000000
4751.000000
4821.000000
4887.000000
4897.000000
4935.000000
4952.000000
4973.000000
5042.000000
5011.000000
5025.000000
5042.000000
5004.000000
5004.000000
4973.000000
4935.000000
4966.000000
4897.000000
4880.000000
4859.000000
4847.000000
4814.000000
4783.000000
4745.000000
4738.000000
4707.000000
4713.000000
4511.000000
3835.000000
3527.000000
3238.000000
2890.000000
3090.000000
3389.000000
3617.000000
3808.000000
3894.000000
3961.000000
4078.000000
4219.000000
4350.000000
4513.000000
4676.000000
4741.000000
4789.000000
4842.000000
4887.000000
4931.000000
4973.000000
4990.000000
5011.000000
5049.000000
5049.000000
5049.000000
5049.000000
5012.000000
5012.000000
4996.000000
4973.000000
4973.000000
4935.000000
4935.000000
4935.000000
4900.000000
4822.000000
4823.000000
4755.000000
4745.000000
4745.000000
4737.000000
4578.000000
3851.000000
3618.000000
3320.000000
2965.000000
3180.000000
3470.000000
3705.000000
3846.000000
3911.000000
3984.000000
4116.000000
4257.000000
4388.000000
4551.000000
4714.000000
4779.000000
4827.000000
4880.000000
4925.000000
4973.000000
5011.000000
5028.000000
5049.000000
5087.000000
5087.000000
5087.000000
5087.000000
5057.000000
5049.000000
5032.000000
5011.000000
5011.000000
4973.000000
4973.000000
4973.000000
4914.000000
4929.000000
4844.000000
4829.000000
4821.000000
4815.000000
4753.000000
4636.000000
3863.000000
3710.000000
3441.000000
3116.000000
3271.000000
3506.000000
3683.000000
3846.000000
3952.000000
4008.000000
4116.000000
4257.000000
4406.000000
4563.000000
4714.000000
4779.000000
4827.000000
4886.000000
4943.000000
4973.000000
4994.000000
5040.000000
5049.000000
5087.000000
5105.000000
5099.000000
5087.000000
5125.000000
5067.000000
5050.000000
5029.000000
5011.000000
4990.000000
4967.000000
4991.000000
4970.000000
4912.000000
4888.000000
4871.000000
4821.000000
4798.000000
4769.000000
4627.000000
3929.000000
3692.000000
3487.000000
3201.000000
3370.000000
3589.000000
3731.000000
3846.000000
3932.000000
3999.000000
4116.000000
4257.000000
4426.000000
4572.000000
4714.000000
4779.000000
4827.000000
4897.000000
4963.000000
4973.000000
4979.000000
5049.000000
5049.000000
5087.000000
5125.000000
5139.000000
5156.000000
5125.000000
5087.000000
5070.000000
5049.000000
5080.000000
5064.000000
5007.000000
5011.000000
4973.000000
4966.000000
4962.000000
4900.000000
4890.000000
4852.000000
4847.000000
4700.000000
3940.000000
3739.000000
3573.000000
3281.000000
3449.000000
3598.000000
3740.000000
3846.000000
3932.000000
4016.000000
4154.000000
4295.000000
4426.000000
4572.000000
4714.000000
4818.000000
4873.000000
4918.000000
4957.000000
5008.000000
5017.000000
5086.000000
5088.000000
5125.000000
5163.000000
5163.000000
5163.000000
5164.000000
5125.000000
5124.000000
5126.000000
5087.000000
5088.000000
5071.000000
5050.000000
5011.000000
4973.000000
4956.000000
4935.000000
4897.000000
4860.000000
4840.000000
4731.000000
3978.000000
3786.000000
3620.000000
3398.000000
3531.000000
3643.000000
3743.000000
3877.000000
3963.000000
4033.000000
4154.000000
4333.000000
4464.000000
4610.000000
4752.000000
4855.000000
4903.000000
4942.000000
4971.000000
5045.000000
5057.000000
5072.000000
5153.000000
5125.000000
5163.000000
5160.000000
5171.000000
5201.000000
5133.000000
5148.000000
5163.000000
5133.000000
5125.000000
5125.000000
5059.000000
5049.000000
4981.000000
4979.000000
4973.000000
4935.000000
4897.000000
4876.000000
4811.000000
4016.000000
3786.000000
3640.000000
3422.000000
3531.000000
3649.000000
3761.000000
3877.000000
3981.000000
4045.000000
4154.000000
4333.000000
4482.000000
4628.000000
4770.000000
4855.000000
4903.000000
4963.000000
5013.000000
5063.000000
5092.000000
5114.000000
5140.000000
4706.000000
5195.000000
5203.000000
5221.000000
5201.000000
5201.000000
5190.000000
5181.000000
5183.000000
5125.000000
5125.000000
5089.000000
5067.000000
5066.000000
5009.000000
4991.000000
4953.000000
4915.000000
4900.000000
4828.000000
3998.000000
3786.000000
3640.000000
3458.000000
3531.000000
3660.000000
3781.000000
3877.000000
4001.000000
4054.000000
4154.000000
4333.000000
4502.000000
4648.000000
4790.000000
4855.000000
4956.000000
1922.000000
4467.000000
5083.000000
5122.000000
5190.000000
5192.000000
891.000000
5000.000000
5225.000000
5201.000000
5201.000000
5201.000000
5201.000000
5201.000000
5163.000000
5125.000000
5125.000000
5125.000000
5087.000000
5081.000000
5011.000000
5011.000000
4973.000000
4935.000000
4931.000000
4850.000000
4042.000000
3786.000000
3640.000000
3498.000000
3590.000000
3660.000000
3781.000000
3922.000000
4008.000000
4078.000000
4199.000000
4378.000000
4502.000000
4648.000000
4790.000000
4893.000000
4984.000000
2868.000000
742.000000
4851.000000
3740.000000
3307.000000
1325.000000
1051.000000
5281.000000
5218.000000
5239.000000
5239.000000
5219.000000
5219.000000
5219.000000
5201.000000
5163.000000
5146.000000
5125.000000
5087.000000
5049.000000
5032.000000
5011.000000
4973.000000
4967.000000
4892.000000
4856.000000
4028.000000
3786.000000
3640.000000
3530.000000
3657.000000
3661.000000
3781.000000
3922.000000
4008.000000
4078.000000
4199.000000
4378.000000
4502.000000
4665.000000
4828.000000
4931.000000
4979.000000
4364.000000
1050.000000
603.000000
2830.000000
2549.000000
429.000000
894.000000
5311.000000
5251.000000
5239.000000
5239.000000
5257.000000
5240.000000
5219.000000
5201.000000
5163.000000
5163.000000
5163.000000
5125.000000
5087.000000
5087.000000
5021.000000
4977.000000
4935.000000
4925.000000
4889.000000
4060.000000
3824.000000
3678.000000
3536.000000
3836.000000
3713.000000
3772.000000
3922.000000
4026.000000
4096.000000
4217.000000
4378.000000
4500.000000
4657.000000
4808.000000
4931.000000
4979.000000
4663.000000
708.000000
436.000000
934.000000
756.000000
571.000000
932.000000
5262.000000
5255.000000
5257.000000
5235.000000
5257.000000
5240.000000
5219.000000
5209.000000
5189.000000
5179.000000
5163.000000
5125.000000
5104.000000
5069.000000
5033.000000
4990.000000
4953.000000
4942.000000
4878.000000
4058.000000
3824.000000
3678.000000
3536.000000
3934.000000
3897.000000
3842.000000
3922.000000
4046.000000
4116.000000
4237.000000
4378.000000
4512.000000
4658.000000
4800.000000
4931.000000
4979.000000
5066.000000
1036.000000
1531.000000
548.000000
560.000000
1561.000000
1388.000000
4036.000000
5267.000000
5275.000000
5247.000000
5257.000000
5240.000000
5219.000000
5219.000000
5219.000000
5194.000000
5163.000000
5125.000000
5119.000000
5049.000000
5049.000000
5011.000000
4973.000000
4957.000000
4874.000000
4049.000000
3824.000000
3678.000000
3536.000000
3890.000000
3918.000000
4000.000000
4005.000000
4046.000000
4133.000000
4220.000000
4378.000000
4512.000000
4675.000000
4838.000000
4931.000000
5011.000000
5025.000000
1600.000000
1073.000000
344.000000
349.000000
601.000000
1414.000000
2288.000000
4091.000000
5236.000000
5265.000000
5254.000000
5240.000000
5219.000000
5219.000000
5181.000000
5190.000000
5135.000000
5125.000000
5087.000000
5070.000000
5049.000000
5011.000000
4973.000000
4974.000000
4912.000000
4102.000000
3824.000000
3678.000000
3536.000000
3847.000000
3908.000000
4070.000000
4170.000000
4094.000000
4092.000000
4230.000000
4371.000000
4512.000000
4658.000000
4800.000000
4931.000000
4979.000000
5013.000000
924.000000
1099.000000
311.000000
305.000000
1132.000000
677.000000
1992.000000
2740.000000
3945.000000
5268.000000
5270.000000
5212.000000
5216.000000
5205.000000
5160.000000
5173.000000
5181.000000
5147.000000
5087.000000
5087.000000
5021.000000
5011.000000
4973.000000
4975.000000
4922.000000
4087.000000
3824.000000
3661.000000
3553.000000
2748.000000
3846.000000
3976.000000
4196.000000
4103.000000
4105.000000
4213.000000
4371.000000
4512.000000
4658.000000
4800.000000
4931.000000
4997.000000
5058.000000
1268.000000
616.000000
407.000000
348.000000
639.000000
664.000000
2023.000000
2544.000000
2020.000000
1752.000000
1986.000000
3749.000000
5087.000000
5179.000000
5163.000000
5173.000000
5181.000000
5147.000000
5087.000000
5087.000000
5021.000000
5011.000000
4973.000000
4975.000000
4922.000000
4057.000000
3824.000000
3667.000000
3547.000000
1496.000000
3343.000000
4071.000000
3937.000000
3945.000000
4143.000000
4198.000000
4371.000000
4512.000000
4658.000000
4800.000000
4931.000000
5017.000000
5095.000000
2833.000000
431.000000
382.000000
430.000000
340.000000
841.000000
2020.000000
2409.000000
2354.000000
2479.000000
2026.000000
1864.000000
1697.000000
3002.000000
5174.000000
5170.000000
5181.000000
5147.000000
5087.000000
5087.000000
5021.000000
5011.000000
4973.000000
4975.000000
4922.000000
4092.000000
3824.000000
3678.000000
3536.000000
744.000000
2871.000000
4032.000000
3880.000000
3948.000000
4137.000000
4167.000000
4340.000000
4512.000000
4659.000000
4805.000000
4893.000000
4979.000000
5044.000000
4792.000000
1291.000000
462.000000
390.000000
519.000000
1488.000000
2355.000000
2344.000000
2608.000000
2573.000000
2330.000000
1728.000000
1680.000000
1495.000000
3150.000000
5162.000000
5163.000000
5125.000000
5087.000000
5070.000000
5049.000000
5011.000000
4973.000000
4957.000000
4940.000000
4135.000000
3824.000000
3661.000000
3553.000000
1329.000000
2934.000000
3874.000000
3870.000000
3931.000000
4084.000000
4182.000000
4340.000000
4474.000000
4635.000000
4791.000000
4855.000000
4972.000000
5036.000000
4964.000000
2818.000000
769.000000
453.000000
1126.000000
2109.000000
2401.000000
2369.000000
2982.000000
2615.000000
2181.000000
1821.000000
1622.000000
1319.000000
1414.000000
4834.000000
5120.000000
5129.000000
5087.000000
5053.000000
5011.000000
5015.000000
4973.000000
4974.000000
4912.000000
4097.000000
3816.000000
3634.000000
3631.000000
1935.000000
2971.000000
3850.000000
3884.000000
3931.000000
4084.000000
4172.000000
4318.000000
4452.000000
4587.000000
4723.000000
4861.000000
4929.000000
5011.000000
5067.000000
4074.000000
2175.000000
1714.000000
1287.000000
2362.000000
2482.000000
2791.000000
3023.000000
2395.000000
1998.000000
1706.000000
1662.000000
1394.000000
1418.000000
2581.000000
5160.000000
5108.000000
5077.000000
5049.000000
5019.000000
5016.000000
4979.000000
4960.000000
4923.000000
4094.000000
3750.000000
3731.000000
3616.000000
2192.000000
3016.000000
3738.000000
3888.000000
3931.000000
4022.000000
4154.000000
4295.000000
4436.000000
4581.000000
4725.000000
4873.000000
4959.000000
5048.000000
5057.000000
4311.000000
2750.000000
2041.000000
2061.000000
2755.000000
2342.000000
3057.000000
2798.000000
1920.000000
1826.000000
1896.000000
1783.000000
1393.000000
1626.000000
1390.000000
4257.000000
5093.000000
5064.000000
5049.000000
5024.000000
5013.000000
4975.000000
4949.000000
4924.000000
4074.000000
3955.000000
3652.000000
3485.000000
2303.000000
3096.000000
3642.000000
3821.000000
3956.000000
4093.000000
4141.000000
4334.000000
4435.000000
4564.000000
4724.000000
4840.000000
4959.000000
5017.000000
5062.000000
4259.000000
3183.000000
3021.000000
2861.000000
3011.000000
2363.000000
3120.000000
2551.000000
1892.000000
1532.000000
1759.000000
1644.000000
1559.000000
1498.000000
1460.000000
1848.000000
3378.000000
3283.000000
2999.000000
2945.000000
2744.000000
2961.000000
2903.000000
2748.000000
2624.000000
2727.000000
2584.000000
2557.000000
2370.000000
2521.000000
2573.000000
2696.000000
2963.000000
2979.000000
3112.000000
3254.000000
3330.000000
3466.000000
3718.000000
3859.000000
3772.000000
3787.000000
3681.000000
3703.000000
3470.000000
3235.000000
3080.000000
2988.000000
2600.000000
2946.000000
2360.000000
1714.000000
1596.000000
1538.000000
1647.000000
1520.000000
1512.000000
1463.000000
1285.000000
2399.000000
2267.000000
2299.000000
2256.000000
2440.000000
2304.000000
2184.000000
2238.000000
2082.000000
2002.000000
1898.000000
1782.000000
2196.000000
2263.000000
2355.000000
2431.000000
2378.000000
2442.000000
2444.000000
2564.000000
2483.000000
2471.000000
2347.000000
2648.000000
2415.000000
2367.000000
2301.000000
2642.000000
3453.000000
3023.000000
2682.000000
2584.000000
2935.000000
2887.000000
2398.000000
1718.000000
1603.000000
1597.000000
1240.000000
1320.000000
1550.000000
1672.000000
1274.000000
918.000000
916.000000
1036.000000
1145.000000
1182.000000
1187.000000
1052.000000
1104.000000
1024.000000
967.000000
992.000000
967.000000
972.000000
1036.000000
1077.000000
1118.000000
1199.000000
1298.000000
1278.000000
1466.000000
1554.000000
1648.000000
1806.000000
1906.000000
2046.000000
2204.000000
2411.000000
2359.000000
3297.000000
3283.000000
2715.000000
2434.000000
3177.000000
2764.000000
2099.000000
1536.000000
1591.000000
1519.000000
1590.000000
1346.000000
1522.000000
1646.000000
1246.000000
1075.000000
1193.000000
1274.000000
1481.000000
1503.000000
1555.000000
1512.000000
1538.000000
1547.000000
1526.000000
1421.000000
1375.000000
1205.000000
1301.000000
1450.000000
1439.000000
1422.000000
1712.000000
1841.000000
2005.000000
2152.000000
2283.000000
2511.000000
2820.000000
2789.000000
3164.000000
3224.000000
3194.000000
3343.000000
3318.000000
2614.000000
2524.000000
3037.000000
2760.000000
2125.000000
1787.000000
1804.000000
1884.000000
1660.000000
1356.000000
1527.000000
1685.000000
1493.000000
1424.000000
2821.000000
3087.000000
3577.000000
3781.000000
3860.000000
4148.000000
4177.000000
4349.000000
4457.000000
4497.000000
4573.000000
2365.000000
2790.000000
3072.000000
3322.000000
3599.000000
3889.000000
4161.000000
4391.000000
4725.000000
4978.000000
5174.000000
5345.000000
5506.000000
5530.000000
5576.000000
5278.000000
4699.000000
3418.000000
2723.000000
2061.000000
3051.000000
2551.000000
2063.000000
1827.000000
1875.000000
1771.000000
1833.000000
1536.000000
1347.000000
1490.000000
1442.000000
1300.000000
4990.000000
5095.000000
5203.000000
5194.000000
5126.000000
5117.000000
5059.000000
5050.000000
5016.000000
4946.000000
4825.000000
4671.000000
4826.000000
5013.000000
5139.000000
5229.000000
5334.000000
5418.000000
5472.000000
5554.000000
5592.000000
5669.000000
5643.000000
5669.000000
5667.000000
5616.000000
5430.000000
5000.000000
4075.000000
2982.000000
1662.000000
3142.000000
2513.000000
1971.000000
1725.000000
1572.000000
1577.000000
1698.000000
1406.000000
1224.000000
1454.000000
1355.000000
1014.000000
5018.000000
5133.000000
5218.000000
5224.000000
5206.000000
5186.000000
5109.000000
5065.000000
5010.000000
4956.000000
4841.000000
4663.000000
4811.000000
4958.000000
5121.000000
5186.000000
5315.000000
5381.000000
5463.000000
5511.000000
5607.000000
5695.000000
5726.000000
5695.000000
5698.000000
5672.000000
5537.000000
5081.000000
4408.000000
3409.000000
1125.000000
2958.000000
2463.000000
1994.000000
1600.000000
1197.000000
1319.000000
1396.000000
1198.000000
1268.000000
1241.000000
1269.000000
1047.000000
4952.000000
5105.000000
5209.000000
5219.000000
5181.000000
5150.000000
5055.000000
5033.000000
4978.000000
4943.000000
4832.000000
4654.000000
4800.000000
4942.000000
5083.000000
5214.000000
5266.000000
5398.000000
5463.000000
5511.000000
5581.000000
5647.000000
5657.000000
5695.000000
5684.000000
5666.000000
5540.000000
5144.000000
4548.000000
3686.000000
787.000000
3091.000000
2421.000000
2079.000000
1641.000000
1284.000000
1313.000000
1227.000000
1019.000000
1137.000000
1241.000000
1120.000000
1015.000000
4741.000000
5072.000000
5166.000000
5180.000000
5142.000000
5131.000000
4999.000000
4990.000000
4939.000000
4894.000000
4787.000000
4626.000000
4789.000000
4952.000000
5083.000000
5238.000000
5320.000000
5403.000000
5459.000000
5497.000000
5514.000000
5593.000000
5611.000000
5619.000000
5617.000000
5611.000000
5509.000000
5158.000000
4598.000000
3825.000000
1149.000000
3176.000000
2392.000000
2447.000000
1812.000000
1304.000000
1240.000000
1024.000000
1055.000000
998.000000
1084.000000
1102.000000
877.000000
4488.000000
4970.000000
5079.000000
5097.000000
5092.000000
5048.000000
5021.000000
4953.000000
4919.000000
4863.000000
4750.000000
4608.000000
4795.000000
4934.000000
5083.000000
5153.000000
5227.000000
5337.000000
5377.000000
5427.000000
5464.000000
5503.000000
5525.000000
5601.000000
5573.000000
5543.000000
5521.000000
5244.000000
4699.000000
3928.000000
1054.000000
2948.000000
2345.000000
2560.000000
2196.000000
1568.000000
1231.000000
1043.000000
886.000000
1039.000000
1179.000000
1130.000000
926.000000
4493.000000
4875.000000
5027.000000
5029.000000
5047.000000
4972.000000
4989.000000
4940.000000
4901.000000
4826.000000
4672.000000
4531.000000
4756.000000
4914.000000
5023.000000
5072.000000
5154.000000
5220.000000
5169.000000
5339.000000
5433.000000
5467.000000
5505.000000
5581.000000
5564.000000
5543.000000
5537.000000
5394.000000
4886.000000
4270.000000
986.000000
3025.000000
2395.000000
2487.000000
2128.000000
1832.000000
1472.000000
1071.000000
833.000000
1150.000000
1360.000000
1059.000000
927.000000
4328.000000
4756.000000
4978.000000
5029.000000
5061.000000
4992.000000
4977.000000
4919.000000
4881.000000
4800.000000
4596.000000
4452.000000
4730.000000
4876.000000
5017.000000
5103.000000
5174.000000
5233.000000
5291.000000
5377.000000
5456.000000
5537.000000
5528.000000
5553.000000
5565.000000
5515.000000
5509.000000
5421.000000
5143.000000
4527.000000
1285.000000
3064.000000
2443.000000
2368.000000
2198.000000
2030.000000
1831.000000
1135.000000
877.000000
1360.000000
1291.000000
992.000000
838.000000
4171.000000
4599.000000
4930.000000
4990.000000
4990.000000
4994.000000
4935.000000
4890.000000
4835.000000
4740.000000
4512.000000
4368.000000
4678.000000
4867.000000
5002.000000
5130.000000
5200.000000
5261.000000
5385.000000
5419.000000
5457.000000
5563.000000
5564.000000
5583.000000
5577.000000
5507.000000
5508.000000
5453.000000
5269.000000
4833.000000
1964.000000
1812.000000
2355.000000
2129.000000
2213.000000
1992.000000
1913.000000
1590.000000
1856.000000
1743.000000
1228.000000
967.000000
822.000000
4003.000000
4446.000000
4807.000000
4911.000000
4915.000000
4935.000000
4955.000000
4853.000000
4816.000000
4654.000000
4419.000000
4270.000000
4612.000000
4840.000000
4943.000000
5033.000000
5124.000000
5189.000000
5283.000000
5333.000000
5396.000000
5483.000000
5488.000000
5515.000000
5518.000000
5459.000000
5479.000000
5432.000000
5322.000000
2282.000000
1772.000000
830.000000
2343.000000
1855.000000
2083.000000
2180.000000
2115.000000
1831.000000
2002.000000
1349.000000
792.000000
648.000000
848.000000
3841.000000
4347.000000
4735.000000
4893.000000
4897.000000
4886.000000
4892.000000
4835.000000
4751.000000
4581.000000
4332.000000
4171.000000
4562.000000
4817.000000
4941.000000
5027.000000
5100.000000
5104.000000
5223.000000
5272.000000
5353.000000
5436.000000
5408.000000
5446.000000
5489.000000
5472.000000
5446.000000
5361.000000
3660.000000
305.000000
399.000000
496.000000
996.000000
927.000000
1823.000000
2121.000000
2294.000000
1945.000000
1648.000000
810.000000
450.000000
485.000000
1786.000000
3739.000000
4271.000000
4660.000000
4813.000000
4877.000000
4843.000000
4827.000000
4815.000000
4690.000000
4506.000000
4254.000000
4045.000000
4408.000000
4702.000000
4865.000000
4997.000000
5056.000000
5120.000000
5169.000000
5225.000000
5301.000000
5324.000000
5362.000000
5338.000000
5399.000000
5408.000000
5392.000000
5328.000000
4781.000000
347.000000
381.000000
358.000000
455.000000
483.000000
386.000000
359.000000
412.000000
464.000000
342.000000
363.000000
321.000000
376.000000
2695.000000
3635.000000
4160.000000
4557.000000
4784.000000
4838.000000
4825.000000
4751.000000
4741.000000
4589.000000
4360.000000
4132.000000
3963.000000
4262.000000
4564.000000
4865.000000
4949.000000
5016.000000
5093.000000
5140.000000
5215.000000
5233.000000
5252.000000
5276.000000
5205.000000
5233.000000
5256.000000
5317.000000
5261.000000
5138.000000
397.000000
376.000000
450.000000
491.000000
371.000000
369.000000
318.000000
286.000000
325.000000
375.000000
405.000000
321.000000
531.000000
2725.000000
3539.000000
4029.000000
4378.000000
4694.000000
4731.000000
4671.000000
4663.000000
4598.000000
4339.000000
4103.000000
3871.000000
3828.000000
4150.000000
4503.000000
4708.000000
4823.000000
4906.000000
4992.000000
5024.000000
5047.000000
5043.000000
4988.000000
4981.000000
5009.000000
5075.000000
5011.000000
4869.000000
4667.000000
4447.000000
625.000000
704.000000
824.000000
948.000000
1025.000000
1159.000000
1259.000000
1351.000000
1469.000000
1551.000000
1651.000000
1770.000000
1942.000000
2371.000000
2431.000000
2394.000000
2308.000000
2245.000000
2062.000000
2287.000000
2257.000000
2160.000000
1914.000000
1609.000000
1443.000000
1823.000000
2080.000000
2215.000000
2318.000000
2364.000000
2466.000000
2384.000000
2341.000000
2596.000000
2502.000000
2680.000000
2852.000000
3215.000000
3164.000000
2886.000000
2988.000000
3105.000000
3126.000000
3087.000000
3218.000000
3379.000000
3057.000000
3119.000000
3022.000000
2971.000000
3019.000000
2812.000000
2820.000000
2696.000000
2628.000000
2610.000000
2608.000000
2577.000000
2555.000000
2447.000000
2338.000000
2284.000000
2413.000000
2273.000000
2092.000000
1990.000000
1652.000000
1301.000000
