2653.000000
2262.000000
1599.000000
1785.000000
835.000000
2056.000000
1847.000000
1030.000000
1216.000000
1703.000000
1889.000000
783.000000
2454.000000
1576.000000
1252.000000
1275.000000
1778.000000
1950.000000
1182.000000
2344.000000
1062.000000
1428.000000
1598.000000
1765.000000
1636.000000
1833.000000
1691.000000
948.000000
1727.000000
1660.000000
706.000000
1293.000000
2344.000000
2517.000000
863.000000
1882.000000
2131.000000
2201.000000
1965.000000
2036.000000
2007.000000
1528.000000
2016.000000
2029.000000
2098.000000
1790.000000
3031.000000
2419.000000
2562.000000
