3824.000000
4619.000000
4158.000000
4750.000000
5844.000000
4598.000000
4035.000000
1823.000000
3393.000000
3134.000000
2646.000000
2781.000000
2295.000000
3399.000000
4705.000000
2827.000000
3452.000000
4894.000000
1762.000000
3858.000000
5438.000000
4723.000000
5154.000000
2476.000000
3027.000000
1371.000000
2431.000000
5339.000000
4698.000000
2882.000000
1870.000000
2180.000000
1654.000000
2409.000000
5090.000000
3175.000000
1351.000000
967.000000
1667.000000
1361.000000
1783.000000
4174.000000
5605.000000
4647.000000
3747.000000
4358.000000
3719.000000
4165.000000
3710.000000
