1212.000000
1537.000000
1448.000000
1514.000000
1008.000000
1356.000000
1111.000000
844.000000
851.000000
1142.000000
1275.000000
1599.000000
1203.000000
1510.000000
1742.000000
1161.000000
1222.000000
1099.000000
1245.000000
1372.000000
1276.000000
1319.000000
1424.000000
1059.000000
1025.000000
1450.000000
1665.000000
1621.000000
977.000000
1219.000000
1614.000000
1423.000000
1440.000000
1755.000000
1683.000000
1948.000000
1174.000000
1221.000000
1378.000000
1237.000000
1582.000000
1635.000000
1075.000000
1242.000000
615.000000
1209.000000
1656.000000
1980.000000
1110.000000
874.000000
1414.000000
1510.000000
1306.000000
1913.000000
1220.000000
1269.000000
1176.000000
1102.000000
1452.000000
1286.000000
1201.000000
1287.000000
1301.000000
1130.000000
909.000000
1086.000000
924.000000
1165.000000
882.000000
771.000000
938.000000
1357.000000
1320.000000
2289.000000
2020.000000
1428.000000
1051.000000
1042.000000
1259.000000
1454.000000
1459.000000
1551.000000
1064.000000
1351.000000
1280.000000
1161.000000
1047.000000
576.000000
1681.000000
1253.000000
1446.000000
1910.000000
1661.000000
2911.000000
2315.000000
1862.000000
1436.000000
998.000000
970.000000
561.000000
1412.000000
1005.000000
1318.000000
832.000000
1127.000000
515.000000
807.000000
807.000000
993.000000
644.000000
1341.000000
1342.000000
1198.000000
2823.000000
1871.000000
1675.000000
1123.000000
1395.000000
1450.000000
1161.000000
915.000000
1469.000000
1461.000000
1466.000000
1176.000000
1304.000000
551.000000
1148.000000
1155.000000
972.000000
1138.000000
1370.000000
1138.000000
2574.000000
2543.000000
1907.000000
1699.000000
907.000000
896.000000
1628.000000
858.000000
448.000000
1658.000000
1718.000000
1487.000000
1437.000000
1323.000000
1400.000000
1499.000000
962.000000
470.000000
773.000000
742.000000
968.000000
2818.000000
2230.000000
1827.000000
1650.000000
817.000000
601.000000
1457.000000
884.000000
1119.000000
1762.000000
1154.000000
1449.000000
1636.000000
1377.000000
1270.000000
381.000000
776.000000
996.000000
496.000000
726.000000
1610.000000
2210.000000
1704.000000
1674.000000
1221.000000
828.000000
275.000000
1276.000000
920.000000
614.000000
1155.000000
1175.000000
852.000000
1206.000000
1103.000000
1125.000000
620.000000
1260.000000
854.000000
647.000000
1760.000000
3296.000000
2016.000000
1650.000000
1218.000000
1035.000000
778.000000
210.000000
528.000000
725.000000
698.000000
957.000000
1086.000000
909.000000
1247.000000
1182.000000
1560.000000
1032.000000
1571.000000
727.000000
1454.000000
2528.000000
2986.000000
1395.000000
1251.000000
1071.000000
976.000000
591.000000
170.000000
233.000000
360.000000
418.000000
1533.000000
1613.000000
1146.000000
1553.000000
959.000000
2544.000000
2664.000000
2611.000000
2722.000000
3207.000000
2316.000000
2398.000000
967.000000
994.000000
1018.000000
840.000000
858.000000
259.000000
253.000000
311.000000
545.000000
1279.000000
1401.000000
1338.000000
1095.000000
642.000000
2812.000000
2973.000000
2946.000000
3142.000000
2324.000000
2309.000000
1754.000000
721.000000
455.000000
1095.000000
938.000000
928.000000
305.000000
362.000000
362.000000
2015.000000
1531.000000
1380.000000
1207.000000
1155.000000
1246.000000
2532.000000
2291.000000
2461.000000
2842.000000
2189.000000
1148.000000
1524.000000
849.000000
316.000000
1275.000000
1111.000000
1002.000000
414.000000
415.000000
409.000000
1958.000000
1880.000000
2069.000000
1774.000000
2345.000000
2667.000000
2174.000000
2052.000000
2185.000000
3014.000000
2645.000000
1533.000000
945.000000
930.000000
284.000000
1372.000000
1132.000000
901.000000
480.000000
417.000000
366.000000
2146.000000
2285.000000
2634.000000
2050.000000
2223.000000
1994.000000
2616.000000
2595.000000
2533.000000
3102.000000
2718.000000
1824.000000
264.000000
570.000000
562.000000
990.000000
1157.000000
939.000000
508.000000
387.000000
515.000000
2115.000000
2586.000000
2651.000000
2539.000000
2398.000000
2622.000000
2164.000000
2020.000000
1807.000000
3073.000000
2901.000000
1869.000000
339.000000
316.000000
739.000000
1380.000000
1765.000000
720.000000
647.000000
429.000000
619.000000
2720.000000
2334.000000
2071.000000
2130.000000
2416.000000
2309.000000
1970.000000
1765.000000
1914.000000
3047.000000
2877.000000
1937.000000
1030.000000
478.000000
444.000000
1346.000000
1389.000000
1151.000000
439.000000
460.000000
597.000000
1620.000000
1605.000000
1723.000000
1990.000000
1592.000000
1681.000000
1468.000000
2062.000000
1803.000000
2599.000000
2299.000000
1685.000000
1210.000000
1741.000000
725.000000
968.000000
1101.000000
693.000000
764.000000
463.000000
1165.000000
1800.000000
1949.000000
2010.000000
2420.000000
1656.000000
1233.000000
1031.000000
1179.000000
1516.000000
2319.000000
2029.000000
2009.000000
1392.000000
1552.000000
1171.000000
1080.000000
907.000000
682.000000
1101.000000
468.000000
1893.000000
1937.000000
1805.000000
1504.000000
2309.000000
2244.000000
1715.000000
1770.000000
2209.000000
2155.000000
2318.000000
2070.000000
1720.000000
1299.000000
1263.000000
1566.000000
1541.000000
787.000000
609.000000
449.000000
875.000000
2238.000000
1286.000000
1357.000000
1648.000000
2268.000000
2014.000000
1947.000000
