3383.000000
3719.000000
3390.000000
3821.000000
3969.000000
4439.000000
4818.000000
4316.000000
4352.000000
3837.000000
4231.000000
4036.000000
3971.000000
4315.000000
4322.000000
4188.000000
4185.000000
3811.000000
4595.000000
4911.000000
4567.000000
4859.000000
4367.000000
3613.000000
3787.000000
3917.000000
4446.000000
4350.000000
3683.000000
1884.000000
2268.000000
4368.000000
4037.000000
4369.000000
4030.000000
4158.000000
3572.000000
3138.000000
3351.000000
3880.000000
3235.000000
1618.000000
1445.000000
3899.000000
2973.000000
3503.000000
3298.000000
3502.000000
4037.000000
3528.000000
3688.000000
3593.000000
4402.000000
2554.000000
2523.000000
3874.000000
3497.000000
2717.000000
3424.000000
3084.000000
3629.000000
3779.000000
3815.000000
1858.000000
4346.000000
1199.000000
1068.000000
3816.000000
4257.000000
3518.000000
4062.000000
3717.000000
3615.000000
3901.000000
2982.000000
2074.000000
2995.000000
1964.000000
2032.000000
4242.000000
4176.000000
3367.000000
4125.000000
3061.000000
3888.000000
4292.000000
2009.000000
1702.000000
2322.000000
2347.000000
2080.000000
3684.000000
4390.000000
3834.000000
3717.000000
3668.000000
4034.000000
4463.000000
1712.000000
1811.000000
2417.000000
2722.000000
1792.000000
1135.000000
4289.000000
4145.000000
3653.000000
4755.000000
3080.000000
4013.000000
1373.000000
1716.000000
2208.000000
1189.000000
1211.000000
1220.000000
3944.000000
5125.000000
4219.000000
4326.000000
3325.000000
5384.000000
1057.000000
1633.000000
2044.000000
1940.000000
340.000000
1617.000000
4397.000000
4033.000000
4610.000000
4164.000000
2599.000000
4078.000000
5677.000000
873.000000
2106.000000
2556.000000
193.000000
1327.000000
4644.000000
4511.000000
4719.000000
5152.000000
