6800.000000
6709.000000
5706.000000
4641.000000
4533.000000
5221.000000
6901.000000
6106.000000
7883.000000
9611.000000
9738.000000
9735.000000
9647.000000
9548.000000
9457.000000
6411.000000
6232.000000
5018.000000
4602.000000
5482.000000
5477.000000
8020.000000
6856.000000
6245.000000
9316.000000
9888.000000
9579.000000
9548.000000
9531.000000
9524.000000
5503.000000
5296.000000
5604.000000
7252.000000
8546.000000
6520.000000
8014.000000
9187.000000
7681.000000
9000.000000
10049.000000
9528.000000
9424.000000
9502.000000
9589.000000
4484.000000
4592.000000
5972.000000
8562.000000
10183.000000
8269.000000
8127.000000
9397.000000
9143.000000
8529.000000
8639.000000
9133.000000
9311.000000
9415.000000
9551.000000
4037.000000
4379.000000
5079.000000
7300.000000
9148.000000
8881.000000
7798.000000
8549.000000
9262.000000
7391.000000
6541.000000
8026.000000
8982.000000
9244.000000
9399.000000
4296.000000
4359.000000
4859.000000
5815.000000
6659.000000
6920.000000
6912.000000
7391.000000
7639.000000
5292.000000
4604.000000
6805.000000
8579.000000
9120.000000
9178.000000
5149.000000
4381.000000
4383.000000
4974.000000
5622.000000
6111.000000
5957.000000
6078.000000
6485.000000
4939.000000
3888.000000
5614.000000
8050.000000
8939.000000
8902.000000
6349.000000
5369.000000
4508.000000
4681.000000
5585.000000
5824.000000
5299.000000
4955.000000
6189.000000
5512.000000
3681.000000
4613.000000
7325.000000
8555.000000
8414.000000
7177.000000
6711.000000
5826.000000
4876.000000
5263.000000
6012.000000
5158.000000
4388.000000
5394.000000
6040.000000
4049.000000
4330.000000
6787.000000
7896.000000
7808.000000
7480.000000
7596.000000
7298.000000
6406.000000
5697.000000
5957.000000
5817.000000
4927.000000
5548.000000
7148.000000
6678.000000
5361.000000
6648.000000
7532.000000
7474.000000
7968.000000
7981.000000
8051.000000
7693.000000
6295.000000
4593.000000
4272.000000
5105.000000
5981.000000
8392.000000
9888.000000
8206.000000
7230.000000
7575.000000
7510.000000
8347.000000
8068.000000
7892.000000
7763.000000
6664.000000
4024.000000
3172.000000
4498.000000
5456.000000
7454.000000
9668.000000
9629.000000
8046.000000
7403.000000
7195.000000
7572.000000
6793.000000
6672.000000
7065.000000
6657.000000
5092.000000
3754.000000
5234.000000
4941.000000
4697.000000
7614.000000
8796.000000
7615.000000
6239.000000
5958.000000
4830.000000
4176.000000
4521.000000
5191.000000
5064.000000
4310.000000
5155.000000
6344.000000
6592.000000
6620.000000
8776.000000
9420.000000
7751.000000
5386.000000
4827.000000
