2318.000000
2602.000000
2651.000000
1039.000000
1036.000000
1549.000000
937.000000
1161.000000
1072.000000
2088.000000
2029.000000
1614.000000
2011.000000
1960.000000
1911.000000
2502.000000
2775.000000
2324.000000
2335.000000
1464.000000
1813.000000
1856.000000
1226.000000
1527.000000
1435.000000
1669.000000
1009.000000
1734.000000
1993.000000
731.000000
722.000000
774.000000
848.000000
1308.000000
532.000000
789.000000
762.000000
557.000000
1257.000000
1812.000000
230.000000
233.000000
222.000000
256.000000
1214.000000
834.000000
369.000000
1152.000000
1237.000000
806.000000
1646.000000
1395.000000
433.000000
157.000000
167.000000
926.000000
1055.000000
397.000000
1049.000000
484.000000
2113.000000
1340.000000
729.000000
1483.000000
112.000000
92.000000
1095.000000
1153.000000
739.000000
812.000000
1104.000000
1972.000000
1838.000000
404.000000
1410.000000
143.000000
93.000000
1323.000000
1183.000000
1399.000000
359.000000
604.000000
1631.000000
1670.000000
3275.000000
1269.000000
264.000000
307.000000
1751.000000
1479.000000
1201.000000
491.000000
244.000000
1387.000000
870.000000
1315.000000
1144.000000
396.000000
456.000000
2232.000000
2055.000000
2085.000000
526.000000
807.000000
291.000000
306.000000
1114.000000
1456.000000
2507.000000
2468.000000
2227.000000
2490.000000
2362.000000
2382.000000
2436.000000
2498.000000
2324.000000
2455.000000
2501.000000
2449.000000
2327.000000
