7927.000000
7832.000000
7626.000000
7570.000000
7500.000000
7415.000000
7456.000000
7579.000000
7555.000000
7590.000000
7799.000000
7496.000000
7634.000000
7808.000000
7699.000000
7491.000000
7612.000000
7660.000000
7532.000000
7576.000000
7618.000000
7664.000000
7704.000000
7690.000000
7652.000000
7586.000000
7646.000000
7655.000000
7728.000000
7509.000000
7491.000000
7594.000000
7563.000000
7565.000000
7641.000000
8016.000000
7634.000000
7710.000000
7591.000000
7563.000000
7607.000000
7663.000000
7734.000000
8110.000000
8745.000000
7720.000000
7662.000000
7686.000000
7965.000000
7631.000000
7737.000000
7639.000000
7605.000000
7489.000000
7591.000000
7557.000000
7594.000000
8164.000000
7174.000000
7038.000000
7022.000000
7674.000000
7667.000000
7726.000000
7680.000000
7733.000000
7703.000000
7861.000000
8256.000000
7803.000000
7722.000000
7794.000000
7860.000000
7738.000000
7738.000000
7682.000000
7666.000000
7577.000000
7587.000000
7578.000000
7765.000000
6106.000000
6679.000000
6349.000000
6644.000000
8048.000000
7718.000000
7753.000000
7693.000000
7743.000000
7641.000000
7693.000000
7771.000000
7791.000000
7777.000000
7766.000000
7824.000000
7842.000000
7857.000000
7819.000000
7719.000000
7677.000000
7783.000000
7573.000000
7916.000000
4340.000000
5222.000000
4568.000000
6637.000000
3939.000000
7748.000000
7880.000000
7814.000000
7852.000000
7750.000000
7756.000000
7781.000000
7775.000000
7804.000000
7865.000000
7880.000000
7941.000000
7892.000000
7830.000000
7743.000000
7781.000000
9298.000000
7608.000000
6834.000000
4129.000000
5501.000000
6727.000000
4866.000000
3379.000000
7809.000000
7872.000000
7805.000000
7857.000000
7823.000000
7976.000000
7865.000000
7856.000000
7813.000000
7843.000000
7980.000000
7987.000000
7933.000000
7819.000000
7821.000000
7760.000000
8595.000000
7709.000000
5052.000000
4005.000000
4605.000000
5243.000000
5265.000000
3094.000000
7660.000000
7831.000000
7857.000000
7857.000000
8594.000000
8376.000000
8226.000000
8204.000000
7909.000000
7883.000000
8032.000000
7983.000000
7913.000000
7857.000000
7857.000000
7890.000000
8080.000000
7704.000000
7839.000000
4953.000000
2357.000000
3270.000000
4431.000000
4813.000000
7725.000000
7895.000000
7994.000000
7933.000000
8931.000000
9212.000000
8771.000000
7943.000000
8009.000000
7995.000000
8019.000000
8058.000000
8038.000000
7959.000000
7895.000000
7899.000000
7819.000000
7699.000000
5398.000000
5851.000000
4658.000000
2970.000000
5386.000000
4922.000000
7789.000000
7982.000000
7880.000000
7847.000000
8034.000000
8439.000000
8162.000000
8070.000000
7953.000000
8070.000000
8136.000000
8185.000000
8187.000000
7995.000000
7976.000000
7881.000000
7986.000000
7814.000000
3430.000000
5318.000000
3502.000000
2169.000000
4289.000000
6195.000000
6813.000000
8083.000000
7899.000000
7957.000000
8001.000000
8047.000000
8077.000000
7975.000000
7927.000000
8312.000000
8222.000000
8354.000000
8122.000000
7981.000000
7948.000000
7968.000000
7972.000000
8121.000000
5341.000000
2811.000000
3980.000000
1866.000000
4864.000000
5745.000000
5970.000000
7419.000000
7907.000000
7977.000000
8039.000000
7947.000000
8039.000000
8022.000000
8032.000000
8075.000000
8222.000000
8157.000000
8060.000000
7997.000000
7967.000000
7959.000000
8019.000000
8707.000000
5738.000000
4950.000000
3131.000000
4586.000000
5285.000000
4911.000000
5374.000000
6752.000000
7774.000000
8043.000000
8033.000000
8137.000000
8067.000000
8116.000000
8019.000000
8019.000000
8272.000000
8321.000000
8221.000000
8103.000000
8013.000000
8027.000000
7971.000000
8645.000000
6923.000000
3624.000000
4137.000000
4309.000000
4096.000000
4091.000000
5106.000000
6282.000000
6751.000000
8109.000000
7983.000000
8051.000000
8038.000000
8085.000000
8071.000000
8073.000000
8319.000000
8355.000000
8117.000000
8059.000000
8105.000000
8370.000000
7956.000000
8395.000000
7563.000000
5951.000000
3406.000000
4634.000000
4442.000000
3239.000000
4833.000000
5274.000000
6388.000000
8020.000000
8035.000000
8088.000000
8081.000000
8072.000000
8103.000000
7999.000000
8081.000000
8226.000000
8321.000000
8012.000000
7975.000000
7983.000000
8008.000000
8443.000000
7473.000000
7278.000000
4569.000000
4931.000000
4543.000000
4316.000000
4324.000000
4987.000000
6463.000000
7165.000000
8224.000000
8180.000000
8153.000000
8081.000000
8157.000000
8133.000000
8395.000000
8328.000000
8281.000000
8066.000000
8066.000000
8009.000000
7974.000000
8791.000000
8019.000000
7913.000000
6490.000000
5990.000000
5842.000000
4653.000000
4302.000000
4716.000000
5434.000000
6577.000000
8226.000000
8178.000000
8176.000000
8178.000000
8142.000000
8178.000000
8290.000000
8310.000000
8262.000000
8148.000000
8014.000000
8066.000000
7984.000000
8432.000000
7914.000000
7135.000000
6594.000000
6269.000000
5980.000000
4816.000000
4145.000000
5538.000000
6633.000000
6414.000000
8111.000000
8282.000000
8197.000000
8189.000000
8218.000000
8256.000000
8212.000000
8288.000000
8268.000000
8285.000000
8020.000000
8034.000000
8051.000000
8311.000000
7514.000000
7102.000000
6511.000000
6149.000000
6223.000000
5370.000000
4214.000000
5221.000000
5514.000000
6371.000000
8266.000000
8154.000000
8170.000000
8259.000000
8282.000000
8250.000000
8260.000000
8309.000000
8083.000000
8188.000000
8152.000000
8090.000000
8063.000000
8342.000000
6362.000000
7386.000000
6706.000000
6230.000000
6532.000000
5206.000000
4157.000000
4724.000000
6558.000000
6262.000000
8031.000000
8164.000000
8090.000000
7967.000000
7923.000000
8233.000000
8257.000000
8225.000000
8292.000000
8338.000000
8350.000000
8290.000000
8304.000000
8020.000000
3920.000000
7616.000000
7286.000000
6777.000000
6592.000000
5210.000000
4154.000000
3698.000000
6528.000000
6188.000000
7773.000000
8121.000000
8286.000000
8094.000000
8133.000000
8224.000000
8381.000000
8318.000000
8282.000000
8271.000000
8257.000000
8251.000000
8271.000000
7408.000000
3280.000000
6762.000000
7199.000000
6812.000000
6256.000000
5844.000000
3733.000000
4227.000000
5939.000000
6325.000000
7259.000000
8359.000000
8229.000000
8309.000000
8318.000000
8336.000000
8295.000000
8312.000000
8385.000000
8321.000000
8454.000000
8452.000000
8340.000000
6247.000000
2726.000000
4898.000000
6749.000000
6376.000000
5399.000000
5966.000000
4643.000000
3816.000000
5106.000000
6114.000000
6955.000000
8359.000000
8427.000000
8421.000000
8331.000000
8344.000000
8541.000000
8387.000000
8390.000000
8426.000000
8430.000000
8446.000000
8465.000000
5856.000000
2825.000000
4748.000000
6704.000000
5766.000000
5303.000000
5662.000000
4674.000000
4230.000000
5128.000000
5732.000000
6831.000000
8431.000000
8461.000000
8412.000000
8464.000000
8358.000000
8471.000000
8840.000000
8508.000000
8587.000000
8629.000000
8476.000000
8417.000000
5575.000000
2871.000000
7279.000000
6813.000000
5986.000000
4983.000000
4881.000000
4959.000000
3650.000000
4643.000000
5879.000000
6117.000000
8730.000000
8430.000000
8415.000000
8431.000000
8478.000000
