4516.000000
4495.000000
3163.000000
3027.000000
4068.000000
4242.000000
3723.000000
3835.000000
4237.000000
4655.000000
4875.000000
5437.000000
4214.000000
4343.000000
5490.000000
6297.000000
4758.000000
2434.000000
3196.000000
3310.000000
4185.000000
4215.000000
4201.000000
3963.000000
3473.000000
3355.000000
3543.000000
3506.000000
3811.000000
5205.000000
6320.000000
6627.000000
6662.000000
5403.000000
4730.000000
5838.000000
6734.000000
5761.000000
3380.000000
3814.000000
4135.000000
4810.000000
4126.000000
4293.000000
4994.000000
4561.000000
3481.000000
2751.000000
4242.000000
6849.000000
8046.000000
8769.000000
8555.000000
8663.000000
7976.000000
5320.000000
5518.000000
5672.000000
4724.000000
4767.000000
5337.000000
5368.000000
5612.000000
4292.000000
4697.000000
4501.000000
4155.000000
3000.000000
4128.000000
6684.000000
8921.000000
8613.000000
8529.000000
7335.000000
7233.000000
8597.000000
7187.000000
5686.000000
6139.000000
5589.000000
7168.000000
7045.000000
5604.000000
5636.000000
4262.000000
3982.000000
3879.000000
3672.000000
4123.000000
7588.000000
9915.000000
8653.000000
8020.000000
7163.000000
6137.000000
6330.000000
7397.000000
8118.000000
5581.000000
5155.000000
5576.000000
6983.000000
6534.000000
4385.000000
4602.000000
3350.000000
3166.000000
3168.000000
3209.000000
5446.000000
8844.000000
8416.000000
6971.000000
5663.000000
5284.000000
6265.000000
7067.000000
8326.000000
9074.000000
8027.000000
4899.000000
4419.000000
5086.000000
4807.000000
3420.000000
3799.000000
3707.000000
3208.000000
3042.000000
3152.000000
5389.000000
8197.000000
8080.000000
6195.000000
4563.000000
4635.000000
5802.000000
6466.000000
7890.000000
8559.000000
9191.000000
5378.000000
3992.000000
4677.000000
4871.000000
3690.000000
3823.000000
3328.000000
3595.000000
4083.000000
4538.000000
6625.000000
7595.000000
7814.000000
6982.000000
5073.000000
4643.000000
5344.000000
5743.000000
7258.000000
7736.000000
8564.000000
7120.000000
4471.000000
4214.000000
3992.000000
3429.000000
3891.000000
2907.000000
3635.000000
3753.000000
6524.000000
8341.000000
6779.000000
7293.000000
7368.000000
6809.000000
5938.000000
5758.000000
6327.000000
7356.000000
7753.000000
8024.000000
8136.000000
4983.000000
4320.000000
3348.000000
3015.000000
4085.000000
2976.000000
3479.000000
4915.000000
8952.000000
7976.000000
5645.000000
6546.000000
7117.000000
7385.000000
7600.000000
7217.000000
7315.000000
7765.000000
7081.000000
7599.000000
8469.000000
6213.000000
4347.000000
3736.000000
2397.000000
2643.000000
2880.000000
2857.000000
5118.000000
9349.000000
6740.000000
4369.000000
5129.000000
6316.000000
6662.000000
7624.000000
7913.000000
7779.000000
7670.000000
5498.000000
6013.000000
7424.000000
6389.000000
3460.000000
3518.000000
2302.000000
2519.000000
2630.000000
2470.000000
4166.000000
7742.000000
5133.000000
3665.000000
4153.000000
5012.000000
5799.000000
6900.000000
7699.000000
8074.000000
8133.000000
5405.000000
5107.000000
6740.000000
6318.000000
3383.000000
3986.000000
2325.000000
2392.000000
2013.000000
1617.000000
2560.000000
6174.000000
4280.000000
3506.000000
3687.000000
4481.000000
6241.000000
6879.000000
7072.000000
7512.000000
7422.000000
5281.000000
4069.000000
6254.000000
6573.000000
3389.000000
3742.000000
2541.000000
2173.000000
5360.000000
4826.000000
4683.000000
6526.000000
4902.000000
3622.000000
3613.000000
4085.000000
6058.000000
7170.000000
6199.000000
6452.000000
5953.000000
4011.000000
3617.000000
5613.000000
6079.000000
2682.000000
3130.000000
2254.000000
1635.000000
9563.000000
9339.000000
8726.000000
7310.000000
4457.000000
3316.000000
3169.000000
3816.000000
4622.000000
6745.000000
6091.000000
5158.000000
5047.000000
4109.000000
3847.000000
5556.000000
5737.000000
2725.000000
2572.000000
1875.000000
1769.000000
9533.000000
9350.000000
9080.000000
7661.000000
4631.000000
2414.000000
1796.000000
2851.000000
3995.000000
5187.000000
6524.000000
4858.000000
5211.000000
5407.000000
4363.000000
5629.000000
6147.000000
5071.000000
3899.000000
2696.000000
3392.000000
8685.000000
8718.000000
8567.000000
7888.000000
6109.000000
4275.000000
3278.000000
3321.000000
3694.000000
3950.000000
6327.000000
6685.000000
6049.000000
6726.000000
6082.000000
6250.000000
7829.000000
8219.000000
8100.000000
7241.000000
7193.000000
6840.000000
6919.000000
7127.000000
7083.000000
6603.000000
6734.000000
6555.000000
6083.000000
5784.000000
5808.000000
6813.000000
7138.000000
7682.000000
8254.000000
8570.000000
9041.000000
9310.000000
9233.000000
9490.000000
9639.000000
9587.000000
6437.000000
6638.000000
6304.000000
6621.000000
6513.000000
6657.000000
6609.000000
6466.000000
6319.000000
6795.000000
6987.000000
6827.000000
7418.000000
7687.000000
8035.000000
8487.000000
8641.000000
8697.000000
9301.000000
9664.000000
10012.000000
4996.000000
5140.000000
5152.000000
5604.000000
5923.000000
6423.000000
6538.000000
6613.000000
6298.000000
6093.000000
6208.000000
6433.000000
6687.000000
6550.000000
6370.000000
6511.000000
6897.000000
7616.000000
8166.000000
8160.000000
8730.000000
