3879.000000
3825.000000
3731.000000
3572.000000
3340.000000
3195.000000
3008.000000
2793.000000
2625.000000
2543.000000
2432.000000
2342.000000
2246.000000
2260.000000
2214.000000
2099.000000
2182.000000
2424.000000
2449.000000
2440.000000
2350.000000
2218.000000
2221.000000
2166.000000
2170.000000
2173.000000
2171.000000
2142.000000
2130.000000
2155.000000
2309.000000
2469.000000
3906.000000
3864.000000
3746.000000
3572.000000
3340.000000
3146.000000
2970.000000
2739.000000
2571.000000
2462.000000
2316.000000
2287.000000
2258.000000
2161.000000
2260.000000
5650.000000
5757.000000
5460.000000
5116.000000
4820.000000
4227.000000
4256.000000
4779.000000
5167.000000
2189.000000
2200.000000
2173.000000
2161.000000
2238.000000
2474.000000
2705.000000
2832.000000
3960.000000
3864.000000
3758.000000
3572.000000
3375.000000
3144.000000
2894.000000
2662.000000
2488.000000
2404.000000
2756.000000
4923.000000
3213.000000
5529.000000
5318.000000
4803.000000
4483.000000
3687.000000
3335.000000
3640.000000
3581.000000
3295.000000
3501.000000
4163.000000
4823.000000
2340.000000
2216.000000
2286.000000
2548.000000
2828.000000
3088.000000
3224.000000
3999.000000
3891.000000
3753.000000
3580.000000
3333.000000
3110.000000
2822.000000
2603.000000
2501.000000
2402.000000
4139.000000
4001.000000
4588.000000
4943.000000
4738.000000
4317.000000
3900.000000
3215.000000
3232.000000
3202.000000
3091.000000
2829.000000
3234.000000
3573.000000
4916.000000
5160.000000
4940.000000
3244.000000
2769.000000
3181.000000
3456.000000
3681.000000
3989.000000
3839.000000
3715.000000
3505.000000
3250.000000
3042.000000
2723.000000
2543.000000
2462.000000
2364.000000
4431.000000
4215.000000
3460.000000
4095.000000
4794.000000
5018.000000
4879.000000
3853.000000
3578.000000
3130.000000
2940.000000
3174.000000
2979.000000
4137.000000
5137.000000
5311.000000
3880.000000
4275.000000
3210.000000
3548.000000
3871.000000
4097.000000
3989.000000
3834.000000
3694.000000
3407.000000
3138.000000
2882.000000
2663.000000
2518.000000
2430.000000
2390.000000
4853.000000
4036.000000
2589.000000
4224.000000
5657.000000
4478.000000
3787.000000
2554.000000
2244.000000
3224.000000
2833.000000
2218.000000
1830.000000
2181.000000
3337.000000
5160.000000
5168.000000
4517.000000
3449.000000
3858.000000
4177.000000
4343.000000
3926.000000
3776.000000
3563.000000
3331.000000
3053.000000
2780.000000
2588.000000
2490.000000
2402.000000
2340.000000
3453.000000
4491.000000
3201.000000
4911.000000
5283.000000
3882.000000
2509.000000
2249.000000
2066.000000
1664.000000
3306.000000
1967.000000
1904.000000
1091.000000
1953.000000
3764.000000
5265.000000
3698.000000
3709.000000
4079.000000
4397.000000
4620.000000
3842.000000
3661.000000
3430.000000
3207.000000
2913.000000
2686.000000
2520.000000
2439.000000
2375.000000
2285.000000
2546.000000
4607.000000
3646.000000
4968.000000
4568.000000
3215.000000
3158.000000
3119.000000
2748.000000
2694.000000
3272.000000
2492.000000
2388.000000
2461.000000
2636.000000
3151.000000
4841.000000
3394.000000
3903.000000
4268.000000
4595.000000
4875.000000
3832.000000
3571.000000
3271.000000
2993.000000
2720.000000
2545.000000
2499.000000
2401.000000
2397.000000
2458.000000
4787.000000
5943.000000
5263.000000
5439.000000
3991.000000
2991.000000
2988.000000
3341.000000
3085.000000
3616.000000
3565.000000
3102.000000
2537.000000
2610.000000
2373.000000
3033.000000
4504.000000
3546.000000
4030.000000
4373.000000
4743.000000
5060.000000
3920.000000
3560.000000
3154.000000
2801.000000
2621.000000
2465.000000
2493.000000
2815.000000
4752.000000
5041.000000
5260.000000
4366.000000
4116.000000
5523.000000
3666.000000
2460.000000
1889.000000
3378.000000
3497.000000
3476.000000
4325.000000
3343.000000
2536.000000
2597.000000
2212.000000
2606.000000
4274.000000
3538.000000
4084.000000
4523.000000
4893.000000
5112.000000
3857.000000
3544.000000
3126.000000
2816.000000
2575.000000
3164.000000
5207.000000
4755.000000
3720.000000
2724.000000
4275.000000
3084.000000
3136.000000
4731.000000
3802.000000
2674.000000
2584.000000
3146.000000
3407.000000
3609.000000
2877.000000
2505.000000
2682.000000
2604.000000
1720.000000
2326.000000
4451.000000
3545.000000
4076.000000
4522.000000
4897.000000
5166.000000
3848.000000
3448.000000
3114.000000
2924.000000
4452.000000
5017.000000
4774.000000
4221.000000
3649.000000
2517.000000
3220.000000
3243.000000
3408.000000
3786.000000
4165.000000
2416.000000
2385.000000
3526.000000
3854.000000
3843.000000
2990.000000
3081.000000
2779.000000
2853.000000
1789.000000
2904.000000
4814.000000
3540.000000
3995.000000
4522.000000
4867.000000
5211.000000
3730.000000
3519.000000
3271.000000
5208.000000
4902.000000
4872.000000
4696.000000
4354.000000
2291.000000
3398.000000
3766.000000
3306.000000
2080.000000
2835.000000
3747.000000
2471.000000
1422.000000
3166.000000
3517.000000
3264.000000
2830.000000
2452.000000
2961.000000
2875.000000
2185.000000
3887.000000
5032.000000
3341.000000
3926.000000
4472.000000
4812.000000
5171.000000
3637.000000
3888.000000
5666.000000
4555.000000
4708.000000
4738.000000
2988.000000
3349.000000
3597.000000
3576.000000
3685.000000
2763.000000
2949.000000
2606.000000
2760.000000
2357.000000
1579.000000
3069.000000
3816.000000
3663.000000
3178.000000
2952.000000
3211.000000
3185.000000
3830.000000
5300.000000
3252.000000
3321.000000
3764.000000
4410.000000
4740.000000
5038.000000
4440.000000
5224.000000
4518.000000
4745.000000
3872.000000
3980.000000
3213.000000
2962.000000
3612.000000
3103.000000
3300.000000
2934.000000
3523.000000
2420.000000
2950.000000
1416.000000
1430.000000
2882.000000
4280.000000
3856.000000
3849.000000
3806.000000
3971.000000
5642.000000
4631.000000
2900.000000
2817.000000
3170.000000
3627.000000
4174.000000
4616.000000
4907.000000
5098.000000
4556.000000
4575.000000
3886.000000
3830.000000
3235.000000
3595.000000
2793.000000
3268.000000
3210.000000
2964.000000
3722.000000
3751.000000
3289.000000
3211.000000
2221.000000
1571.000000
1334.000000
2264.000000
2638.000000
2920.000000
3690.000000
5284.000000
6708.000000
6674.000000
3255.000000
2790.000000
3086.000000
3518.000000
3940.000000
4388.000000
4741.000000
