3635.000000
3813.000000
3478.000000
3640.000000
3987.000000
3913.000000
3817.000000
4016.000000
4118.000000
4124.000000
4129.000000
4276.000000
4232.000000
4022.000000
4024.000000
3833.000000
3318.000000
3802.000000
3527.000000
3688.000000
4015.000000
3630.000000
3033.000000
3035.000000
3329.000000
3976.000000
4234.000000
4163.000000
4264.000000
4093.000000
4027.000000
3949.000000
3141.000000
3722.000000
3611.000000
3659.000000
3395.000000
3092.000000
2208.000000
2340.000000
2483.000000
2811.000000
3936.000000
3939.000000
4202.000000
4243.000000
4193.000000
4182.000000
3195.000000
3461.000000
3379.000000
2344.000000
2679.000000
2185.000000
1787.000000
1823.000000
2250.000000
3023.000000
3216.000000
3654.000000
4049.000000
4186.000000
4165.000000
4222.000000
3105.000000
3244.000000
3388.000000
1492.000000
1958.000000
1514.000000
1052.000000
1740.000000
1582.000000
2619.000000
2937.000000
3032.000000
3990.000000
4113.000000
4118.000000
4155.000000
3074.000000
3351.000000
3355.000000
2522.000000
1804.000000
1655.000000
1189.000000
2140.000000
1366.000000
2141.000000
2968.000000
3155.000000
4023.000000
4032.000000
4057.000000
4127.000000
3185.000000
3510.000000
3484.000000
3415.000000
1684.000000
1357.000000
1431.000000
2207.000000
2307.000000
2222.000000
2985.000000
3730.000000
4119.000000
4071.000000
3967.000000
4126.000000
2827.000000
3439.000000
3624.000000
3510.000000
1646.000000
1280.000000
1342.000000
2190.000000
2248.000000
1757.000000
3193.000000
4046.000000
4077.000000
4023.000000
3714.000000
3937.000000
2468.000000
3222.000000
3638.000000
3443.000000
1723.000000
1425.000000
1619.000000
2181.000000
2075.000000
1815.000000
2999.000000
3890.000000
3733.000000
3623.000000
3476.000000
3542.000000
2533.000000
3279.000000
3698.000000
3511.000000
1762.000000
1533.000000
1424.000000
2213.000000
2047.000000
2068.000000
2767.000000
3781.000000
3257.000000
3266.000000
3464.000000
3354.000000
2691.000000
3392.000000
3753.000000
3185.000000
1882.000000
1627.000000
1449.000000
2353.000000
2214.000000
1701.000000
2621.000000
3319.000000
3360.000000
3422.000000
3340.000000
3064.000000
2570.000000
3292.000000
3704.000000
2735.000000
1827.000000
1717.000000
1834.000000
2778.000000
2250.000000
1806.000000
3014.000000
3208.000000
3665.000000
3456.000000
3088.000000
2566.000000
2257.000000
3142.000000
3219.000000
2448.000000
1797.000000
1821.000000
1648.000000
2295.000000
2017.000000
2155.000000
3068.000000
3171.000000
3494.000000
3434.000000
2858.000000
2164.000000
1949.000000
2782.000000
2580.000000
2235.000000
1916.000000
2071.000000
1785.000000
1936.000000
1944.000000
2478.000000
3005.000000
3024.000000
3297.000000
3389.000000
2999.000000
2528.000000
2041.000000
2607.000000
2088.000000
2144.000000
1925.000000
2172.000000
2059.000000
2143.000000
2191.000000
2483.000000
2759.000000
2767.000000
3054.000000
3271.000000
3026.000000
2729.000000
