5119.000000
5573.000000
6036.000000
6490.000000
6943.000000
7405.000000
7773.000000
8098.000000
8208.000000
8372.000000
8441.000000
8474.000000
8529.000000
8673.000000
8744.000000
8699.000000
8741.000000
8737.000000
8712.000000
8726.000000
8701.000000
8701.000000
8693.000000
8652.000000
8576.000000
8512.000000
5134.000000
5588.000000
6091.000000
6557.000000
7021.000000
7460.000000
7837.000000
8093.000000
8318.000000
8135.000000
8028.000000
8476.000000
8610.000000
8627.000000
8714.000000
8731.000000
8744.000000
8742.000000
8706.000000
8720.000000
8704.000000
8627.000000
8607.000000
8585.000000
8520.000000
8447.000000
5217.000000
5675.000000
6137.000000
6636.000000
7123.000000
7504.000000
7882.000000
8103.000000
8245.000000
6689.000000
6928.000000
7809.000000
8626.000000
8647.000000
8727.000000
8752.000000
8752.000000
8752.000000
8733.000000
8749.000000
8755.000000
8653.000000
8604.000000
8597.000000
8555.000000
8490.000000
5258.000000
5778.000000
6260.000000
6719.000000
7146.000000
7531.000000
7851.000000
8139.000000
7341.000000
6816.000000
5584.000000
6262.000000
8452.000000
8612.000000
8689.000000
8717.000000
8720.000000
8720.000000
8704.000000
8745.000000
8760.000000
8729.000000
8671.000000
8657.000000
8602.000000
8532.000000
5339.000000
5874.000000
6336.000000
6786.000000
7197.000000
7543.000000
7854.000000
8061.000000
6241.000000
4680.000000
4993.000000
4484.000000
7986.000000
8555.000000
8620.000000
8651.000000
8712.000000
8712.000000
8712.000000
8749.000000
8751.000000
8737.000000
8683.000000
8673.000000
8656.000000
8589.000000
5460.000000
5989.000000
6445.000000
6855.000000
7240.000000
7652.000000
7903.000000
8038.000000
5260.000000
2024.000000
6728.000000
7275.000000
7389.000000
8570.000000
8615.000000
8655.000000
8739.000000
8739.000000
8736.000000
8748.000000
8845.000000
8784.000000
8695.000000
8720.000000
8658.000000
8600.000000
5552.000000
6073.000000
6588.000000
6982.000000
7343.000000
7684.000000
7937.000000
7918.000000
4872.000000
3442.000000
6489.000000
3173.000000
6748.000000
8615.000000
8676.000000
8681.000000
8728.000000
8787.000000
8811.000000
8865.000000
8255.000000
8565.000000
8799.000000
8733.000000
8738.000000
8662.000000
5636.000000
6164.000000
6731.000000
7114.000000
7459.000000
7728.000000
7971.000000
7761.000000
4646.000000
5152.000000
5514.000000
1654.000000
5807.000000
8631.000000
8693.000000
8707.000000
8627.000000
8727.000000
8757.000000
8854.000000
7687.000000
5994.000000
8832.000000
8745.000000
8760.000000
8680.000000
5731.000000
6335.000000
6809.000000
7246.000000
7615.000000
7823.000000
8049.000000
7694.000000
5162.000000
5070.000000
5280.000000
2682.000000
5645.000000
8619.000000
8669.000000
8641.000000
8673.000000
8683.000000
8778.000000
8818.000000
7917.000000
4632.000000
8657.000000
8768.000000
8760.000000
8680.000000
5867.000000
6468.000000
6955.000000
7401.000000
7754.000000
7980.000000
8225.000000
8093.000000
4980.000000
4353.000000
5091.000000
2851.000000
4373.000000
7451.000000
7136.000000
6173.000000
5581.000000
5360.000000
6637.000000
7834.000000
8183.000000
3937.000000
7540.000000
8859.000000
8802.000000
8721.000000
6051.000000
6637.000000
7189.000000
7645.000000
7972.000000
8205.000000
8479.000000
8546.000000
3996.000000
3296.000000
4437.000000
3883.000000
5075.000000
3414.000000
3585.000000
3256.000000
3323.000000
3498.000000
3886.000000
4929.000000
6582.000000
4041.000000
5175.000000
9023.000000
9011.000000
8940.000000
6230.000000
6874.000000
7425.000000
7941.000000
8272.000000
8513.000000
8740.000000
8178.000000
4061.000000
3396.000000
3852.000000
4859.000000
4672.000000
3447.000000
2620.000000
2341.000000
2893.000000
3011.000000
3676.000000
3648.000000
5280.000000
4367.000000
4027.000000
9128.000000
9241.000000
9146.000000
6562.000000
7218.000000
7708.000000
8243.000000
8554.000000
8793.000000
9010.000000
6826.000000
3781.000000
3174.000000
2318.000000
4405.000000
4317.000000
3478.000000
2571.000000
3100.000000
2622.000000
2946.000000
4209.000000
4068.000000
4408.000000
3805.000000
4101.000000
9269.000000
9458.000000
9326.000000
6756.000000
7314.000000
7837.000000
8356.000000
8593.000000
8751.000000
9026.000000
5717.000000
4476.000000
2507.000000
2843.000000
4378.000000
4921.000000
3278.000000
2513.000000
3126.000000
2731.000000
3893.000000
4575.000000
5288.000000
4293.000000
3267.000000
4390.000000
9275.000000
9402.000000
9295.000000
7130.000000
7559.000000
7915.000000
8270.000000
8513.000000
8714.000000
8780.000000
5045.000000
4739.000000
2483.000000
4039.000000
5554.000000
5710.000000
3122.000000
3118.000000
2980.000000
2291.000000
4255.000000
4677.000000
5563.000000
5754.000000
4251.000000
5098.000000
9239.000000
9336.000000
9253.000000
7651.000000
7840.000000
8036.000000
8135.000000
8250.000000
7808.000000
5295.000000
4998.000000
4877.000000
3880.000000
4977.000000
5495.000000
6003.000000
3423.000000
3619.000000
2770.000000
2143.000000
4130.000000
5032.000000
5242.000000
5211.000000
5437.000000
7548.000000
9199.000000
9191.000000
9164.000000
7749.000000
7541.000000
6790.000000
6587.000000
5054.000000
3819.000000
3171.000000
4608.000000
4954.000000
4289.000000
4318.000000
3987.000000
5693.000000
4132.000000
3858.000000
3011.000000
1920.000000
3638.000000
5172.000000
4507.000000
4386.000000
5539.000000
8714.000000
8874.000000
9032.000000
9056.000000
8105.000000
5248.000000
4314.000000
4246.000000
4090.000000
2855.000000
2105.000000
3865.000000
3081.000000
5048.000000
4352.000000
5262.000000
5160.000000
5160.000000
4563.000000
3212.000000
1914.000000
2836.000000
4708.000000
4696.000000
4187.000000
4717.000000
8499.000000
8765.000000
8754.000000
8776.000000
8237.000000
4501.000000
3949.000000
3411.000000
3483.000000
3244.000000
4256.000000
5226.000000
4122.000000
5676.000000
5538.000000
5615.000000
5541.000000
5780.000000
4480.000000
3899.000000
2644.000000
4160.000000
3688.000000
4452.000000
4200.000000
5019.000000
5489.000000
6321.000000
8980.000000
9229.000000
8282.000000
4830.000000
4998.000000
5548.000000
6831.000000
7607.000000
7724.000000
7558.000000
6487.000000
5185.000000
5508.000000
6136.000000
5044.000000
4654.000000
5556.000000
6753.000000
5538.000000
5745.000000
4437.000000
5046.000000
5094.000000
4584.000000
5100.000000
4858.000000
8781.000000
9474.000000
8857.000000
8851.000000
9041.000000
8965.000000
9090.000000
9161.000000
9130.000000
7144.000000
5030.000000
5020.000000
6414.000000
4936.000000
6090.000000
8031.000000
9527.000000
9552.000000
9477.000000
8053.000000
6312.000000
5229.000000
4175.000000
5282.000000
4659.000000
5192.000000
5912.000000
9358.000000
8966.000000
9040.000000
9184.000000
9314.000000
9386.000000
9420.000000
9396.000000
6267.000000
4498.000000
5362.000000
7112.000000
8898.000000
9698.000000
9707.000000
9720.000000
9721.000000
9719.000000
9724.000000
8037.000000
4478.000000
2571.000000
5688.000000
3772.000000
4913.000000
4888.000000
9192.000000
9080.000000
9185.000000
9266.000000
9364.000000
9414.000000
9515.000000
8606.000000
3740.000000
3917.000000
7166.000000
9553.000000
9653.000000
9718.000000
9758.000000
9768.000000
9751.000000
9628.000000
9678.000000
7395.000000
2725.000000
4228.000000
7208.000000
7697.000000
4258.000000
4121.000000
8858.000000
9151.000000
9289.000000
9382.000000
9453.000000
9454.000000
9551.000000
9616.000000
8915.000000
9365.000000
9762.000000
9701.000000
9712.000000
9720.000000
9814.000000
9820.000000
9777.000000
9674.000000
9728.000000
9498.000000
7630.000000
9072.000000
9515.000000
9280.000000
4986.000000
4382.000000
9120.000000
9313.000000
9444.000000
9521.000000
9562.000000
9621.000000
9672.000000
9705.000000
9669.000000
9735.000000
9687.000000
9705.000000
9734.000000
9803.000000
9843.000000
9843.000000
9843.000000
9770.000000
9806.000000
9785.000000
9753.000000
9719.000000
9651.000000
9564.000000
9458.000000
9425.000000
9446.000000
