2144.000000
2211.000000
1850.000000
1515.000000
1022.000000
1628.000000
1643.000000
1346.000000
1763.000000
1884.000000
1948.000000
2518.000000
3040.000000
1938.000000
1383.000000
1327.000000
1302.000000
2672.000000
1813.000000
2246.000000
2028.000000
3080.000000
2169.000000
2560.000000
2226.000000
2143.000000
1842.000000
2181.000000
3025.000000
2428.000000
2855.000000
2474.000000
1489.000000
1989.000000
2072.000000
1389.000000
1392.000000
1836.000000
1271.000000
1937.000000
1483.000000
1413.000000
2493.000000
1366.000000
1563.000000
2584.000000
2365.000000
1523.000000
1946.000000
1330.000000
1348.000000
1773.000000
1797.000000
1834.000000
2126.000000
2043.000000
3084.000000
3045.000000
1761.000000
2133.000000
1558.000000
1663.000000
2247.000000
2111.000000
1496.000000
1472.000000
3540.000000
4799.000000
8375.000000
7593.000000
9040.000000
6223.000000
6854.000000
1758.000000
2298.000000
2178.000000
1284.000000
1882.000000
1687.000000
2808.000000
1454.000000
1475.000000
2264.000000
2570.000000
1576.000000
1763.000000
1813.000000
1973.000000
1800.000000
1788.000000
1728.000000
2532.000000
1303.000000
1502.000000
1597.000000
2758.000000
1213.000000
1675.000000
3677.000000
6199.000000
9181.000000
6961.000000
6141.000000
4784.000000
5631.000000
6474.000000
1568.000000
1722.000000
1979.000000
1694.000000
2381.000000
1781.000000
2395.000000
2826.000000
2587.000000
2561.000000
2770.000000
2739.000000
2580.000000
2213.000000
2686.000000
1577.000000
1542.000000
2227.000000
1873.000000
3055.000000
2199.000000
1629.000000
1814.000000
1769.000000
1970.000000
2283.000000
6488.000000
9676.000000
4135.000000
3568.000000
5424.000000
6832.000000
7644.000000
1772.000000
1545.000000
1990.000000
2606.000000
2538.000000
1722.000000
1972.000000
1422.000000
1987.000000
1670.000000
2268.000000
2094.000000
2125.000000
2371.000000
3052.000000
1521.000000
1655.000000
2262.000000
2147.000000
2048.000000
1258.000000
1631.000000
1768.000000
1806.000000
3197.000000
3522.000000
4646.000000
4258.000000
4168.000000
5010.000000
7529.000000
5584.000000
3946.000000
6794.000000
5910.000000
5669.000000
5066.000000
4296.000000
5007.000000
6012.000000
6361.000000
6607.000000
7149.000000
5528.000000
7505.000000
2783.000000
1885.000000
2221.000000
2014.000000
4583.000000
2924.000000
3490.000000
2596.000000
1899.000000
1541.000000
1594.000000
3226.000000
4428.000000
5646.000000
4455.000000
5355.000000
5612.000000
7147.000000
6089.000000
6864.000000
4640.000000
4557.000000
4446.000000
3949.000000
4067.000000
3605.000000
3923.000000
3935.000000
4323.000000
5868.000000
5826.000000
6502.000000
7531.000000
7860.000000
5224.000000
2245.000000
5168.000000
2724.000000
3770.000000
2507.000000
2397.000000
2998.000000
1792.000000
1624.000000
4402.000000
4620.000000
4611.000000
7154.000000
8849.000000
9076.000000
7062.000000
6027.000000
4373.000000
4802.000000
5426.000000
5933.000000
5171.000000
4362.000000
3628.000000
5166.000000
5498.000000
6794.000000
5709.000000
5940.000000
9807.000000
11285.000000
8565.000000
2990.000000
3313.000000
3175.000000
2644.000000
2454.000000
1691.000000
2751.000000
2033.000000
1841.000000
1795.000000
5611.000000
5283.000000
6702.000000
8551.000000
9180.000000
6974.000000
5416.000000
3977.000000
4553.000000
4063.000000
4019.000000
4376.000000
4263.000000
4156.000000
5624.000000
7869.000000
8199.000000
8524.000000
8135.000000
8659.000000
10794.000000
6359.000000
8112.000000
1877.000000
1664.000000
1560.000000
2830.000000
1688.000000
1466.000000
1867.000000
2010.000000
2022.000000
2150.000000
4205.000000
4901.000000
8179.000000
8970.000000
8616.000000
7699.000000
3695.000000
3738.000000
3421.000000
3898.000000
4700.000000
5004.000000
4780.000000
5732.000000
7355.000000
6953.000000
8360.000000
8173.000000
8729.000000
10087.000000
8217.000000
7424.000000
7828.000000
2406.000000
2437.000000
2821.000000
2360.000000
2828.000000
2265.000000
2946.000000
2549.000000
2621.000000
2926.000000
2918.000000
4779.000000
7145.000000
6239.000000
5606.000000
4260.000000
4082.000000
4033.000000
4425.000000
3501.000000
3939.000000
3427.000000
3442.000000
7999.000000
9106.000000
9158.000000
9310.000000
8510.000000
7707.000000
6799.000000
7512.000000
7502.000000
9774.000000
6777.000000
3994.000000
3097.000000
3240.000000
3294.000000
3474.000000
3001.000000
3275.000000
3236.000000
3193.000000
4871.000000
6530.000000
6431.000000
6705.000000
3562.000000
4550.000000
3443.000000
3929.000000
4018.000000
3919.000000
3676.000000
4286.000000
4259.000000
7612.000000
8079.000000
8012.000000
4640.000000
6419.000000
7766.000000
6728.000000
6564.000000
8168.000000
9790.000000
6588.000000
3308.000000
3458.000000
3477.000000
3993.000000
3215.000000
3227.000000
3384.000000
3215.000000
5173.000000
7307.000000
7537.000000
4999.000000
3485.000000
3550.000000
4223.000000
3878.000000
3253.000000
3575.000000
3772.000000
3390.000000
3882.000000
4099.000000
8026.000000
6963.000000
5295.000000
4082.000000
3955.000000
5051.000000
5462.000000
6729.000000
7625.000000
8922.000000
3419.000000
3588.000000
3368.000000
3680.000000
3338.000000
3614.000000
7397.000000
6917.000000
4691.000000
8661.000000
5921.000000
4040.000000
3331.000000
3528.000000
3489.000000
3837.000000
3283.000000
4153.000000
4118.000000
3931.000000
4358.000000
4439.000000
6442.000000
9326.000000
5833.000000
5265.000000
4040.000000
5199.000000
4823.000000
4746.000000
5691.000000
5157.000000
3854.000000
4305.000000
3543.000000
3827.000000
3857.000000
4326.000000
3911.000000
3926.000000
8325.000000
8898.000000
4262.000000
4719.000000
4451.000000
4223.000000
4483.000000
4193.000000
3563.000000
4475.000000
3899.000000
3602.000000
3982.000000
4317.000000
7325.000000
7267.000000
3569.000000
4376.000000
5313.000000
5257.000000
4697.000000
4945.000000
6032.000000
5820.000000
4925.000000
4352.000000
4807.000000
5013.000000
4054.000000
3937.000000
4416.000000
3871.000000
4154.000000
4205.000000
4595.000000
3945.000000
4231.000000
4054.000000
4423.000000
4118.000000
4159.000000
4547.000000
4535.000000
4425.000000
6444.000000
9904.000000
9477.000000
4279.000000
3995.000000
4458.000000
4791.000000
5537.000000
4965.000000
5439.000000
6466.000000
5649.000000
