1712.000000
1235.000000
1252.000000
1128.000000
1616.000000
1979.000000
2603.000000
3079.000000
447.000000
250.000000
231.000000
1392.000000
1215.000000
1952.000000
2562.000000
2464.000000
914.000000
2897.000000
2708.000000
2844.000000
4900.000000
3803.000000
3755.000000
3400.000000
845.000000
1049.000000
1297.000000
1018.000000
1520.000000
1426.000000
1733.000000
2340.000000
2487.000000
2812.000000
1463.000000
397.000000
256.000000
821.000000
1519.000000
1868.000000
3308.000000
4359.000000
347.000000
2328.000000
2948.000000
763.000000
4915.000000
4898.000000
3510.000000
3647.000000
746.000000
1856.000000
961.000000
848.000000
1142.000000
1163.000000
2107.000000
2289.000000
1634.000000
2552.000000
2695.000000
615.000000
748.000000
1357.000000
871.000000
2431.000000
2400.000000
5250.000000
3748.000000
438.000000
4713.000000
4311.000000
1329.000000
6005.000000
3506.000000
3025.000000
392.000000
1432.000000
924.000000
757.000000
1088.000000
975.000000
2002.000000
1781.000000
1766.000000
2102.000000
2888.000000
2999.000000
2356.000000
1838.000000
2104.000000
2516.000000
2739.000000
1708.000000
5522.000000
5773.000000
1881.000000
1732.000000
2474.000000
6302.000000
3749.000000
795.000000
288.000000
1675.000000
944.000000
722.000000
1064.000000
1080.000000
1485.000000
1767.000000
2332.000000
2964.000000
2972.000000
2833.000000
2291.000000
1254.000000
2386.000000
2818.000000
2743.000000
884.000000
5670.000000
5936.000000
2491.000000
3045.000000
2609.000000
2612.000000
5570.000000
356.000000
818.000000
1832.000000
907.000000
630.000000
1721.000000
1137.000000
1146.000000
2772.000000
2791.000000
2199.000000
2172.000000
1983.000000
2163.000000
1068.000000
2557.000000
2820.000000
2846.000000
2165.000000
5709.000000
4501.000000
3517.000000
2636.000000
2495.000000
2344.000000
1817.000000
1981.000000
1211.000000
2122.000000
936.000000
833.000000
2069.000000
1760.000000
3046.000000
3492.000000
3485.000000
3048.000000
1610.000000
1988.000000
1425.000000
1380.000000
2676.000000
2873.000000
2929.000000
2849.000000
4130.000000
3576.000000
3406.000000
3100.000000
2446.000000
1950.000000
1455.000000
1930.000000
1961.000000
2346.000000
1067.000000
1979.000000
2108.000000
1612.000000
3122.000000
3587.000000
3116.000000
3700.000000
4010.000000
2266.000000
2644.000000
1980.000000
1192.000000
2877.000000
3045.000000
2974.000000
3137.000000
1458.000000
3048.000000
3222.000000
3698.000000
2310.000000
1971.000000
1368.000000
1673.000000
1694.000000
2331.000000
1899.000000
1943.000000
1480.000000
3038.000000
3687.000000
3330.000000
3169.000000
5917.000000
2645.000000
2561.000000
5116.000000
2398.000000
2921.000000
2913.000000
3360.000000
2893.000000
2630.000000
2619.000000
3343.000000
3170.000000
2055.000000
2520.000000
2313.000000
2437.000000
2545.000000
1482.000000
2267.000000
1212.000000
2051.000000
2846.000000
3424.000000
3343.000000
2976.000000
5968.000000
4643.000000
2701.000000
5031.000000
4325.000000
3581.000000
3700.000000
2726.000000
2424.000000
1680.000000
980.000000
2121.000000
3420.000000
2506.000000
2516.000000
3914.000000
3919.000000
4030.000000
2234.000000
2225.000000
1092.000000
1399.000000
2639.000000
3403.000000
3352.000000
1384.000000
6059.000000
4027.000000
2523.000000
4316.000000
3572.000000
3449.000000
3394.000000
2470.000000
1523.000000
1848.000000
1524.000000
1350.000000
813.000000
3267.000000
2946.000000
3150.000000
3021.000000
3535.000000
2376.000000
3703.000000
2049.000000
720.000000
1997.000000
3130.000000
2444.000000
6087.000000
5988.000000
1011.000000
2032.000000
3299.000000
3848.000000
2686.000000
3429.000000
1344.000000
3063.000000
2954.000000
827.000000
2264.000000
1502.000000
2248.000000
2779.000000
2266.000000
1658.000000
3548.000000
3042.000000
2302.000000
1247.000000
1187.000000
2804.000000
5520.000000
5921.000000
6023.000000
6029.000000
460.000000
2693.000000
2865.000000
2335.000000
1191.000000
734.000000
2693.000000
1347.000000
1536.000000
2985.000000
3713.000000
2873.000000
795.000000
1246.000000
2252.000000
852.000000
3702.000000
3495.000000
2786.000000
2635.000000
644.000000
2333.000000
5293.000000
6028.000000
6042.000000
5973.000000
434.000000
3103.000000
2949.000000
2376.000000
458.000000
2726.000000
457.000000
2885.000000
1522.000000
3314.000000
3611.000000
3032.000000
1881.000000
857.000000
2095.000000
3221.000000
3341.000000
2611.000000
3064.000000
2415.000000
842.000000
1331.000000
4576.000000
5332.000000
1063.000000
622.000000
2105.000000
881.000000
2954.000000
2719.000000
1036.000000
531.000000
3404.000000
1158.000000
749.000000
794.000000
3408.000000
3138.000000
3823.000000
1337.000000
2227.000000
2516.000000
2452.000000
2593.000000
2944.000000
3263.000000
1554.000000
1239.000000
1436.000000
2294.000000
1969.000000
743.000000
5635.000000
457.000000
3041.000000
2963.000000
2987.000000
1156.000000
653.000000
789.000000
859.000000
2937.000000
2243.000000
1775.000000
2662.000000
2975.000000
3367.000000
1347.000000
3416.000000
1881.000000
2730.000000
2808.000000
2492.000000
1105.000000
1928.000000
2505.000000
2825.000000
2771.000000
3357.000000
3613.000000
1506.000000
2915.000000
504.000000
472.000000
3172.000000
383.000000
2112.000000
3291.000000
3828.000000
3180.000000
2081.000000
3265.000000
1078.000000
1725.000000
2114.000000
2406.000000
1171.000000
2629.000000
3446.000000
1963.000000
1775.000000
2527.000000
2984.000000
2804.000000
3094.000000
4964.000000
346.000000
438.000000
1063.000000
2166.000000
1741.000000
1772.000000
1228.000000
2485.000000
3808.000000
3286.000000
3613.000000
3744.000000
2986.000000
2353.000000
1835.000000
2625.000000
1045.000000
2141.000000
3168.000000
2049.000000
1763.000000
2830.000000
3070.000000
2791.000000
3014.000000
4421.000000
443.000000
382.000000
491.000000
261.000000
786.000000
932.000000
3667.000000
3488.000000
2507.000000
2228.000000
1671.000000
1209.000000
2855.000000
3048.000000
3582.000000
1952.000000
1443.000000
1770.000000
2980.000000
3243.000000
1476.000000
3115.000000
3019.000000
2797.000000
2969.000000
5400.000000
5398.000000
5436.000000
3820.000000
627.000000
696.000000
2142.000000
3434.000000
3578.000000
2436.000000
1433.000000
2947.000000
894.000000
1870.000000
1750.000000
2988.000000
1479.000000
1745.000000
2236.000000
2659.000000
3088.000000
1726.000000
2916.000000
2974.000000
2856.000000
892.000000
5588.000000
5549.000000
5361.000000
4400.000000
2323.000000
2772.000000
3465.000000
1230.000000
1432.000000
2464.000000
704.000000
2462.000000
2958.000000
1430.000000
2702.000000
3012.000000
2215.000000
1398.000000
2144.000000
1671.000000
2403.000000
1829.000000
1903.000000
2922.000000
853.000000
1964.000000
5546.000000
5446.000000
5537.000000
1153.000000
3244.000000
1959.000000
3076.000000
3301.000000
1387.000000
3480.000000
3570.000000
1472.000000
1090.000000
3255.000000
1174.000000
1759.000000
1602.000000
1893.000000
1121.000000
2075.000000
2772.000000
1560.000000
1256.000000
1676.000000
1527.000000
2116.000000
4432.000000
5286.000000
1183.000000
2429.000000
2723.000000
2495.000000
1997.000000
3445.000000
3705.000000
3308.000000
3272.000000
3285.000000
825.000000
1216.000000
2549.000000
2819.000000
1106.000000
869.000000
1138.000000
2271.000000
3075.000000
1628.000000
2244.000000
1237.000000
2041.000000
3216.000000
3155.000000
3843.000000
3804.000000
3727.000000
2962.000000
3254.000000
2286.000000
1576.000000
2043.000000
1947.000000
2438.000000
1234.000000
1056.000000
2879.000000
927.000000
2728.000000
1076.000000
1966.000000
1603.000000
1123.000000
2472.000000
662.000000
2568.000000
2315.000000
3635.000000
3102.000000
3103.000000
2814.000000
3373.000000
3427.000000
3584.000000
3563.000000
2320.000000
1165.000000
1553.000000
3069.000000
3397.000000
1347.000000
2924.000000
1872.000000
1924.000000
1520.000000
716.000000
1594.000000
1418.000000
2284.000000
1527.000000
1867.000000
3188.000000
3182.000000
3264.000000
2990.000000
2305.000000
2985.000000
2969.000000
2925.000000
3304.000000
3120.000000
2543.000000
1715.000000
679.000000
3030.000000
1482.000000
1871.000000
2200.000000
849.000000
2311.000000
1332.000000
