7292.000000
7149.000000
5868.000000
5737.000000
6605.000000
5518.000000
3394.000000
1970.000000
1873.000000
4843.000000
7931.000000
9107.000000
9244.000000
10625.000000
10707.000000
10365.000000
7791.000000
9645.000000
6969.000000
8999.000000
8388.000000
9564.000000
11183.000000
9962.000000
8165.000000
6526.000000
8976.000000
5916.000000
7275.000000
9109.000000
9105.000000
8944.000000
6453.000000
5417.000000
5532.000000
6190.000000
5276.000000
5352.000000
3616.000000
1867.000000
4543.000000
9724.000000
11333.000000
10725.000000
9687.000000
8328.000000
9586.000000
10611.000000
7083.000000
6082.000000
9451.000000
10361.000000
9517.000000
8411.000000
7361.000000
7242.000000
7017.000000
5011.000000
4939.000000
8356.000000
7594.000000
11500.000000
10340.000000
8378.000000
6798.000000
5194.000000
5794.000000
5881.000000
5164.000000
7003.000000
6938.000000
4517.000000
4775.000000
10058.000000
12848.000000
12071.000000
8972.000000
11580.000000
9224.000000
6550.000000
6533.000000
9847.000000
8523.000000
10599.000000
10006.000000
8394.000000
7102.000000
5815.000000
6072.000000
3728.000000
7284.000000
5675.000000
5009.000000
7217.000000
6231.000000
6830.000000
3292.000000
3939.000000
4334.000000
4643.000000
5318.000000
11461.000000
10535.000000
11287.000000
12439.000000
11048.000000
9760.000000
11340.000000
8353.000000
7232.000000
7462.000000
5935.000000
8068.000000
8839.000000
7617.000000
9082.000000
7886.000000
5983.000000
8407.000000
8675.000000
6397.000000
6581.000000
7241.000000
3829.000000
5027.000000
9548.000000
7126.000000
8647.000000
2611.000000
3026.000000
3090.000000
2776.000000
3284.000000
8546.000000
8184.000000
7614.000000
8382.000000
8895.000000
9387.000000
9286.000000
6682.000000
5186.000000
4555.000000
5656.000000
6334.000000
7876.000000
9507.000000
8026.000000
10143.000000
11031.000000
9314.000000
7359.000000
7177.000000
3587.000000
7373.000000
11459.000000
6826.000000
7875.000000
7956.000000
6806.000000
900.000000
4705.000000
6271.000000
2031.000000
1459.000000
6818.000000
8783.000000
8713.000000
9827.000000
8884.000000
7152.000000
6675.000000
4144.000000
5757.000000
7931.000000
8523.000000
7994.000000
7646.000000
5719.000000
14091.000000
7363.000000
9391.000000
7360.000000
5882.000000
5886.000000
3198.000000
1953.000000
6502.000000
6052.000000
5345.000000
5463.000000
4937.000000
823.000000
2337.000000
5976.000000
5813.000000
6452.000000
11377.000000
11831.000000
8889.000000
7638.000000
7322.000000
7374.000000
11399.000000
5237.000000
6710.000000
7347.000000
7334.000000
6320.000000
6441.000000
10463.000000
10588.000000
3770.000000
5708.000000
8461.000000
8760.000000
6206.000000
1125.000000
3690.000000
4424.000000
5071.000000
2861.000000
5209.000000
4790.000000
6270.000000
3895.000000
5022.000000
9749.000000
11922.000000
11707.000000
10026.000000
8870.000000
5765.000000
6511.000000
5073.000000
10258.000000
13792.000000
13344.000000
5737.000000
5335.000000
5559.000000
5166.000000
10394.000000
12587.000000
5468.000000
5720.000000
6050.000000
5258.000000
4382.000000
4796.000000
4473.000000
2048.000000
4607.000000
6361.000000
4468.000000
3791.000000
12211.000000
10457.000000
8652.000000
8596.000000
7181.000000
7468.000000
7525.000000
8065.000000
6155.000000
5997.000000
6040.000000
4862.000000
7171.000000
12972.000000
725.000000
6897.000000
6299.000000
5015.000000
3524.000000
7401.000000
4508.000000
3982.000000
3101.000000
6803.000000
370.000000
1872.000000
4512.000000
2689.000000
1695.000000
4457.000000
2250.000000
3128.000000
11771.000000
10998.000000
8304.000000
8141.000000
8473.000000
10609.000000
11248.000000
8234.000000
6222.000000
6627.000000
5920.000000
5530.000000
5110.000000
8892.000000
1707.000000
4724.000000
3883.000000
3330.000000
2483.000000
1601.000000
1750.000000
2651.000000
2007.000000
6910.000000
3907.000000
874.000000
2834.000000
3207.000000
2547.000000
4128.000000
3812.000000
2609.000000
12067.000000
11313.000000
9459.000000
9095.000000
8961.000000
3802.000000
5983.000000
9007.000000
12877.000000
5745.000000
5229.000000
4853.000000
4436.000000
3860.000000
4928.000000
3009.000000
3959.000000
4770.000000
1774.000000
2177.000000
1638.000000
1208.000000
1579.000000
1244.000000
4400.000000
1636.000000
2181.000000
1405.000000
5139.000000
3448.000000
2519.000000
3563.000000
8506.000000
8100.000000
9176.000000
8423.000000
10704.000000
6084.000000
5689.000000
5579.000000
9494.000000
3775.000000
4016.000000
4154.000000
4087.000000
3608.000000
4250.000000
7846.000000
2645.000000
777.000000
1924.000000
4061.000000
3122.000000
1537.000000
2676.000000
2384.000000
3765.000000
4031.000000
972.000000
3038.000000
1536.000000
1628.000000
1655.000000
2094.000000
11323.000000
9114.000000
9429.000000
10449.000000
9312.000000
6605.000000
5301.000000
5535.000000
3414.000000
6786.000000
4554.000000
4106.000000
3816.000000
3648.000000
2438.000000
1393.000000
1943.000000
2008.000000
1094.000000
7224.000000
8066.000000
3499.000000
1147.000000
857.000000
1889.000000
1379.000000
3360.000000
6870.000000
2974.000000
1228.000000
1218.000000
1419.000000
6910.000000
6373.000000
8482.000000
8580.000000
9421.000000
8304.000000
5306.000000
3309.000000
5414.000000
6185.000000
2684.000000
590.000000
2193.000000
3575.000000
3991.000000
2993.000000
2083.000000
1960.000000
6423.000000
4518.000000
4809.000000
2508.000000
2229.000000
5165.000000
3191.000000
1284.000000
1780.000000
3434.000000
1459.000000
1118.000000
1142.000000
1194.000000
4810.000000
5698.000000
9090.000000
8913.000000
9604.000000
8737.000000
6301.000000
10851.000000
11019.000000
12355.000000
12096.000000
7091.000000
4441.000000
3442.000000
4037.000000
6855.000000
5625.000000
3950.000000
5996.000000
4307.000000
3393.000000
1712.000000
3460.000000
1506.000000
929.000000
866.000000
540.000000
1390.000000
3010.000000
1865.000000
1204.000000
1303.000000
10134.000000
9398.000000
9681.000000
9484.000000
8023.000000
7390.000000
5828.000000
5562.000000
7122.000000
7176.000000
8260.000000
5529.000000
3446.000000
3146.000000
7208.000000
7396.000000
5105.000000
5018.000000
3415.000000
4762.000000
2581.000000
1714.000000
2181.000000
2241.000000
5897.000000
2337.000000
1084.000000
793.000000
1494.000000
1540.000000
1363.000000
1332.000000
