656.000000
754.000000
876.000000
686.000000
480.000000
1320.000000
1691.000000
4247.000000
1944.000000
4544.000000
4755.000000
2617.000000
2398.000000
1997.000000
4140.000000
3661.000000
3391.000000
3774.000000
3104.000000
2666.000000
1039.000000
3949.000000
4457.000000
3918.000000
2696.000000
1722.000000
3198.000000
864.000000
1701.000000
886.000000
1543.000000
3598.000000
4643.000000
2313.000000
2340.000000
4459.000000
3131.000000
560.000000
636.000000
674.000000
788.000000
548.000000
739.000000
1378.000000
4299.000000
1758.000000
4099.000000
3165.000000
4175.000000
2504.000000
2472.000000
4243.000000
3407.000000
4468.000000
2117.000000
2513.000000
748.000000
2820.000000
4652.000000
3276.000000
2513.000000
868.000000
1805.000000
1786.000000
1484.000000
1100.000000
1036.000000
722.000000
2651.000000
2938.000000
2413.000000
4194.000000
4634.000000
4697.000000
550.000000
596.000000
637.000000
860.000000
798.000000
989.000000
1990.000000
3242.000000
2549.000000
4323.000000
1975.000000
3918.000000
2706.000000
2713.000000
4423.000000
4039.000000
2408.000000
3314.000000
2778.000000
1418.000000
4627.000000
3837.000000
2003.000000
986.000000
690.000000
623.000000
2848.000000
793.000000
784.000000
1532.000000
3755.000000
1440.000000
2498.000000
2799.000000
4345.000000
5229.000000
4566.000000
576.000000
535.000000
551.000000
838.000000
921.000000
714.000000
1872.000000
2143.000000
4478.000000
3086.000000
4164.000000
4799.000000
2386.000000
2809.000000
4680.000000
3915.000000
1912.000000
4229.000000
3715.000000
4501.000000
3532.000000
1837.000000
1363.000000
1262.000000
1143.000000
1763.000000
874.000000
671.000000
700.000000
2161.000000
3029.000000
1528.000000
2028.000000
3619.000000
3380.000000
4686.000000
4379.000000
986.000000
665.000000
684.000000
1665.000000
850.000000
773.000000
1387.000000
1410.000000
3967.000000
1655.000000
3627.000000
4475.000000
1841.000000
2954.000000
4645.000000
1835.000000
3581.000000
4628.000000
4315.000000
2300.000000
1794.000000
1870.000000
1636.000000
1988.000000
1179.000000
1290.000000
1056.000000
1027.000000
638.000000
1477.000000
1186.000000
802.000000
1542.000000
4097.000000
3587.000000
3703.000000
4269.000000
1801.000000
965.000000
1595.000000
1806.000000
963.000000
671.000000
648.000000
2195.000000
1848.000000
3593.000000
4131.000000
4717.000000
1682.000000
3973.000000
3256.000000
2034.000000
2790.000000
4724.000000
3050.000000
2231.000000
1777.000000
2223.000000
3072.000000
1485.000000
2014.000000
1204.000000
1243.000000
1590.000000
908.000000
1007.000000
3777.000000
2101.000000
2709.000000
4473.000000
2823.000000
2105.000000
3643.000000
4635.000000
4542.000000
3966.000000
2465.000000
993.000000
704.000000
636.000000
4029.000000
1157.000000
3236.000000
4404.000000
5053.000000
1627.000000
3508.000000
1810.000000
4010.000000
2464.000000
2372.000000
2089.000000
2492.000000
2856.000000
3761.000000
3561.000000
4306.000000
2966.000000
1676.000000
2026.000000
1507.000000
1337.000000
1025.000000
3517.000000
3336.000000
2222.000000
3237.000000
1492.000000
3890.000000
2817.000000
4332.000000
4550.000000
5121.000000
4691.000000
4858.000000
4465.000000
1224.000000
3151.000000
1522.000000
2168.000000
4840.000000
4498.000000
1639.000000
1844.000000
2366.000000
3892.000000
1499.000000
1660.000000
4208.000000
1865.000000
4542.000000
4542.000000
3976.000000
2227.000000
3356.000000
1797.000000
2762.000000
2066.000000
2400.000000
3391.000000
2813.000000
2202.000000
2581.000000
1460.000000
2226.000000
3245.000000
3804.000000
3953.000000
3808.000000
4558.000000
5422.000000
5245.000000
3978.000000
4819.000000
1616.000000
1961.000000
1359.000000
3911.000000
3035.000000
1678.000000
1518.000000
3176.000000
2103.000000
1296.000000
4093.000000
2512.000000
1758.000000
3429.000000
4172.000000
3875.000000
3350.000000
4383.000000
4423.000000
3325.000000
2618.000000
2666.000000
2219.000000
1645.000000
1511.000000
1545.000000
2123.000000
2960.000000
2774.000000
4354.000000
4764.000000
4016.000000
3096.000000
4875.000000
5214.000000
3882.000000
4541.000000
2301.000000
1653.000000
1246.000000
2632.000000
2067.000000
2874.000000
1470.000000
2197.000000
1373.000000
2026.000000
3512.000000
1569.000000
2145.000000
2618.000000
3161.000000
4088.000000
3850.000000
3946.000000
3557.000000
3763.000000
1999.000000
2452.000000
3121.000000
2624.000000
2755.000000
1466.000000
3650.000000
3457.000000
2501.000000
1572.000000
4037.000000
2787.000000
4533.000000
5016.000000
5152.000000
5016.000000
3638.000000
4021.000000
1341.000000
1660.000000
1630.000000
2882.000000
1903.000000
1400.000000
2094.000000
2469.000000
1242.000000
1870.000000
1254.000000
1925.000000
1895.000000
2075.000000
2961.000000
3336.000000
3846.000000
3156.000000
4229.000000
2762.000000
2393.000000
3302.000000
2993.000000
2644.000000
1258.000000
2147.000000
2518.000000
2649.000000
1841.000000
2942.000000
4076.000000
5185.000000
4799.000000
4498.000000
4519.000000
3162.000000
3634.000000
1201.000000
1500.000000
1331.000000
2667.000000
1499.000000
1600.000000
3002.000000
1409.000000
1044.000000
1395.000000
2020.000000
1489.000000
1567.000000
2297.000000
3727.000000
3169.000000
3831.000000
3997.000000
3149.000000
4041.000000
4497.000000
3623.000000
4376.000000
2128.000000
1056.000000
2422.000000
2409.000000
3804.000000
2338.000000
1579.000000
4173.000000
4533.000000
2371.000000
2601.000000
4618.000000
1697.000000
1586.000000
1122.000000
3861.000000
1235.000000
1248.000000
1723.000000
2544.000000
1575.000000
1570.000000
3265.000000
2165.000000
2215.000000
1047.000000
1152.000000
1223.000000
2001.000000
3175.000000
3310.000000
3808.000000
5051.000000
5152.000000
5072.000000
4758.000000
2730.000000
2040.000000
2876.000000
1397.000000
1123.000000
3712.000000
1861.000000
1371.000000
2677.000000
2113.000000
1991.000000
1543.000000
1767.000000
1185.000000
1981.000000
1735.000000
3283.000000
1240.000000
2342.000000
2532.000000
1123.000000
1205.000000
1694.000000
1867.000000
2109.000000
2817.000000
1124.000000
1089.000000
1036.000000
1703.000000
3283.000000
4131.000000
4909.000000
4805.000000
4499.000000
4653.000000
5096.000000
4560.000000
2913.000000
4574.000000
2140.000000
1741.000000
1879.000000
1151.000000
1123.000000
963.000000
1042.000000
1532.000000
1307.000000
1180.000000
3456.000000
1520.000000
2656.000000
1496.000000
1296.000000
2724.000000
1313.000000
938.000000
1070.000000
1164.000000
1965.000000
2368.000000
1022.000000
949.000000
891.000000
1072.000000
1303.000000
1583.000000
2541.000000
4997.000000
4479.000000
4123.000000
4041.000000
3605.000000
4627.000000
5073.000000
5227.000000
5125.000000
4948.000000
4802.000000
4548.000000
761.000000
852.000000
1290.000000
1320.000000
1078.000000
1052.000000
4511.000000
1519.000000
1593.000000
1149.000000
1066.000000
1166.000000
1516.000000
1113.000000
1137.000000
1116.000000
1993.000000
1912.000000
984.000000
1226.000000
757.000000
827.000000
1768.000000
3358.000000
4638.000000
4852.000000
3238.000000
4136.000000
3178.000000
3109.000000
4247.000000
5109.000000
5031.000000
4920.000000
5043.000000
4607.000000
4504.000000
529.000000
677.000000
907.000000
1047.000000
878.000000
2113.000000
3974.000000
1608.000000
1338.000000
1034.000000
1440.000000
1089.000000
1859.000000
1020.000000
1164.000000
1074.000000
1460.000000
1348.000000
997.000000
1685.000000
1611.000000
877.000000
2910.000000
884.000000
892.000000
3624.000000
3526.000000
3572.000000
2610.000000
2695.000000
3257.000000
4681.000000
4965.000000
4697.000000
4519.000000
5117.000000
4730.000000
1515.000000
526.000000
614.000000
989.000000
4123.000000
4312.000000
3998.000000
1891.000000
1211.000000
1189.000000
1133.000000
1402.000000
2258.000000
1816.000000
1639.000000
1272.000000
1472.000000
1058.000000
845.000000
1791.000000
1826.000000
4404.000000
3108.000000
1985.000000
1950.000000
3193.000000
4462.000000
3030.000000
2259.000000
3952.000000
3848.000000
4534.000000
4208.000000
3394.000000
3119.000000
4196.000000
4579.000000
3736.000000
1762.000000
566.000000
4309.000000
4194.000000
4002.000000
3248.000000
1326.000000
1069.000000
1445.000000
1278.000000
3054.000000
3232.000000
2787.000000
2473.000000
1541.000000
1686.000000
1147.000000
2901.000000
3014.000000
2812.000000
4938.000000
2211.000000
2505.000000
2193.000000
3502.000000
4287.000000
1966.000000
1968.000000
3984.000000
3917.000000
3380.000000
4520.000000
3071.000000
4583.000000
3909.000000
3875.000000
4454.000000
1849.000000
3817.000000
4155.000000
3752.000000
1759.000000
1056.000000
1330.000000
997.000000
1002.000000
1895.000000
2905.000000
2742.000000
3071.000000
1842.000000
3306.000000
2000.000000
2757.000000
2493.000000
2144.000000
4368.000000
4466.000000
1977.000000
2305.000000
2404.000000
4810.000000
3677.000000
1932.000000
2015.000000
2002.000000
3784.000000
3606.000000
4272.000000
4537.000000
3424.000000
3624.000000
3683.000000
4445.000000
3685.000000
4013.000000
2936.000000
838.000000
746.000000
529.000000
1314.000000
871.000000
821.000000
2477.000000
2274.000000
2566.000000
3806.000000
2330.000000
2976.000000
4318.000000
5045.000000
1932.000000
858.000000
2515.000000
3726.000000
1689.000000
1943.000000
2008.000000
2765.000000
2970.000000
1882.000000
1698.000000
896.000000
3504.000000
3587.000000
3512.000000
3639.000000
1459.000000
1141.000000
2630.000000
3928.000000
4605.000000
3035.000000
1279.000000
2108.000000
3258.000000
555.000000
1286.000000
799.000000
1187.000000
1814.000000
1665.000000
1998.000000
3819.000000
4034.000000
2831.000000
779.000000
4371.000000
1275.000000
1949.000000
1567.000000
3601.000000
1347.000000
1580.000000
1609.000000
1585.000000
2906.000000
1503.000000
1815.000000
1659.000000
3284.000000
3225.000000
2689.000000
4169.000000
2635.000000
1731.000000
2499.000000
1348.000000
3156.000000
4499.000000
3604.000000
2687.000000
4005.000000
3832.000000
2515.000000
740.000000
1649.000000
1573.000000
1695.000000
1511.000000
3236.000000
4549.000000
2642.000000
1098.000000
3299.000000
1078.000000
932.000000
2347.000000
3262.000000
1161.000000
1472.000000
1440.000000
1847.000000
1233.000000
2343.000000
2358.000000
2332.000000
2929.000000
1811.000000
3588.000000
4324.000000
1958.000000
1008.000000
2208.000000
561.000000
1364.000000
3956.000000
4545.000000
3311.000000
4476.000000
4558.000000
2373.000000
670.000000
1854.000000
1414.000000
1304.000000
1138.000000
2409.000000
2462.000000
2641.000000
1116.000000
3099.000000
824.000000
1148.000000
1399.000000
2589.000000
2588.000000
1223.000000
1208.000000
2072.000000
2617.000000
2164.000000
1746.000000
1695.000000
2818.000000
1455.000000
2603.000000
4323.000000
3292.000000
897.000000
1641.000000
427.000000
1040.000000
3443.000000
3838.000000
5315.000000
4475.000000
2860.000000
1174.000000
793.000000
1993.000000
1597.000000
846.000000
726.000000
935.000000
2415.000000
4086.000000
2230.000000
2856.000000
985.000000
1149.000000
1036.000000
829.000000
2584.000000
2811.000000
2231.000000
1748.000000
1656.000000
1214.000000
1020.000000
1424.000000
1374.000000
1766.000000
3178.000000
3825.000000
4560.000000
1304.000000
1791.000000
452.000000
893.000000
1234.000000
3031.000000
4203.000000
3061.000000
1719.000000
1627.000000
1627.000000
1905.000000
1177.000000
645.000000
780.000000
1463.000000
2471.000000
4468.000000
4142.000000
4369.000000
2832.000000
1404.000000
1190.000000
2019.000000
2544.000000
2443.000000
1558.000000
723.000000
1532.000000
1513.000000
1568.000000
3062.000000
2093.000000
2578.000000
1690.000000
2928.000000
4359.000000
1119.000000
1703.000000
451.000000
826.000000
847.000000
3882.000000
1882.000000
1458.000000
1217.000000
1275.000000
1628.000000
1629.000000
930.000000
989.000000
735.000000
1794.000000
1877.000000
2950.000000
3340.000000
4605.000000
4804.000000
4216.000000
4325.000000
3926.000000
2290.000000
1932.000000
1555.000000
2139.000000
1890.000000
1932.000000
2220.000000
1343.000000
2327.000000
2939.000000
4460.000000
3172.000000
3726.000000
1725.000000
2229.000000
416.000000
618.000000
1817.000000
4413.000000
1612.000000
657.000000
915.000000
1160.000000
1466.000000
1768.000000
1237.000000
2075.000000
730.000000
1707.000000
1434.000000
1678.000000
4890.000000
3603.000000
3699.000000
2531.000000
2920.000000
3442.000000
2349.000000
1313.000000
1625.000000
1190.000000
2542.000000
885.000000
1474.000000
1959.000000
3869.000000
2892.000000
4625.000000
4469.000000
4606.000000
2291.000000
2418.000000
747.000000
1203.000000
4779.000000
4502.000000
3078.000000
323.000000
1838.000000
2642.000000
2422.000000
2030.000000
1730.000000
1273.000000
1368.000000
1066.000000
1152.000000
4238.000000
4361.000000
3507.000000
3395.000000
3891.000000
4357.000000
3092.000000
3619.000000
843.000000
3535.000000
995.000000
2206.000000
1061.000000
801.000000
4232.000000
4264.000000
4705.000000
4480.000000
4595.000000
4542.000000
4339.000000
2188.000000
1816.000000
4002.000000
4510.000000
3607.000000
1841.000000
1953.000000
1984.000000
3239.000000
2537.000000
1928.000000
1538.000000
1098.000000
1468.000000
1288.000000
1529.000000
4173.000000
4275.000000
4230.000000
4296.000000
4140.000000
3377.000000
2154.000000
1882.000000
883.000000
1677.000000
699.000000
1322.000000
1493.000000
806.000000
4271.000000
3643.000000
4289.000000
4538.000000
3955.000000
4304.000000
3715.000000
2880.000000
1990.000000
3172.000000
4195.000000
3060.000000
1794.000000
2228.000000
731.000000
2134.000000
3521.000000
1604.000000
2036.000000
2696.000000
2784.000000
2118.000000
2940.000000
3770.000000
2815.000000
4264.000000
4345.000000
3715.000000
2671.000000
2082.000000
1661.000000
1058.000000
1778.000000
618.000000
536.000000
692.000000
1833.000000
4236.000000
3941.000000
4047.000000
3940.000000
3544.000000
4140.000000
3997.000000
4657.000000
1845.000000
2666.000000
3593.000000
2195.000000
2114.000000
1275.000000
440.000000
2665.000000
3270.000000
2100.000000
2700.000000
2324.000000
3454.000000
3980.000000
4139.000000
3403.000000
3482.000000
4614.000000
2886.000000
4735.000000
2016.000000
1060.000000
997.000000
591.000000
810.000000
726.000000
470.000000
576.000000
2407.000000
3297.000000
3824.000000
3781.000000
3373.000000
3199.000000
3054.000000
3382.000000
4616.000000
1602.000000
2522.000000
2209.000000
720.000000
2415.000000
1184.000000
1103.000000
3496.000000
2664.000000
3029.000000
3192.000000
2374.000000
1969.000000
3422.000000
3039.000000
2656.000000
4101.000000
3266.000000
3653.000000
3296.000000
1470.000000
1522.000000
1054.000000
2152.000000
964.000000
1000.000000
960.000000
743.000000
4036.000000
2927.000000
2933.000000
2611.000000
3697.000000
2395.000000
2350.000000
3944.000000
4350.000000
1816.000000
1802.000000
986.000000
2107.000000
1405.000000
367.000000
4039.000000
3039.000000
3079.000000
3240.000000
3038.000000
3583.000000
2701.000000
3794.000000
3611.000000
4148.000000
3986.000000
4570.000000
2985.000000
2515.000000
1478.000000
849.000000
1803.000000
2179.000000
521.000000
645.000000
1676.000000
3644.000000
3550.000000
3328.000000
2838.000000
2201.000000
2531.000000
2246.000000
2149.000000
3409.000000
4376.000000
2003.000000
1760.000000
1014.000000
1751.000000
1548.000000
1539.000000
2656.000000
2819.000000
2285.000000
2326.000000
2060.000000
2975.000000
4007.000000
3596.000000
2735.000000
3213.000000
3206.000000
1540.000000
3718.000000
1640.000000
1344.000000
968.000000
1691.000000
674.000000
1298.000000
2430.000000
2337.000000
3896.000000
4144.000000
3727.000000
1880.000000
1821.000000
1093.000000
3147.000000
2455.000000
2842.000000
4226.000000
2345.000000
2034.000000
2872.000000
1857.000000
867.000000
1560.000000
3396.000000
1922.000000
2494.000000
2905.000000
3856.000000
2733.000000
4611.000000
3943.000000
2908.000000
3662.000000
3492.000000
2852.000000
3513.000000
2051.000000
1366.000000
1241.000000
3516.000000
1872.000000
1567.000000
3195.000000
2192.000000
2947.000000
3293.000000
2343.000000
1581.000000
2526.000000
1224.000000
1957.000000
3097.000000
2673.000000
4128.000000
3751.000000
2097.000000
2487.000000
1994.000000
666.000000
1919.000000
1699.000000
2396.000000
1346.000000
3779.000000
4347.000000
4399.000000
3973.000000
2831.000000
2325.000000
4035.000000
2412.000000
3274.000000
3336.000000
1569.000000
3137.000000
2499.000000
2459.000000
3506.000000
4235.000000
2390.000000
4520.000000
3657.000000
2955.000000
3244.000000
3739.000000
1876.000000
1723.000000
1199.000000
2417.000000
3237.000000
2958.000000
