4748.000000
5485.000000
5165.000000
5399.000000
4965.000000
3214.000000
1917.000000
4888.000000
5154.000000
4288.000000
5390.000000
3177.000000
3124.000000
1621.000000
1424.000000
1697.000000
4457.000000
6771.000000
6703.000000
6496.000000
4242.000000
4327.000000
1216.000000
5623.000000
3725.000000
6358.000000
5248.000000
3262.000000
1921.000000
1371.000000
2042.000000
1520.000000
2634.000000
5252.000000
4844.000000
4353.000000
5269.000000
4165.000000
3282.000000
5124.000000
4323.000000
6111.000000
5268.000000
1466.000000
1223.000000
1373.000000
2466.000000
1949.000000
2791.000000
3526.000000
5050.000000
3394.000000
4816.000000
3388.000000
5375.000000
3338.000000
3539.000000
6918.000000
2977.000000
2006.000000
1699.000000
2244.000000
2787.000000
2476.000000
3668.000000
3407.000000
4311.000000
4514.000000
6044.000000
2860.000000
5055.000000
2965.000000
1861.000000
3081.000000
2358.000000
1599.000000
1735.000000
2401.000000
2578.000000
3346.000000
4542.000000
4592.000000
5167.000000
5133.000000
5907.000000
2780.000000
4364.000000
2783.000000
1142.000000
2322.000000
3617.000000
3337.000000
2576.000000
3368.000000
1501.000000
4475.000000
3279.000000
5005.000000
3490.000000
5582.000000
3963.000000
2563.000000
2529.000000
2449.000000
2054.000000
3635.000000
2449.000000
2564.000000
2693.000000
3089.000000
1625.000000
5350.000000
3484.000000
4026.000000
2797.000000
4807.000000
3999.000000
2586.000000
1952.000000
1842.000000
2628.000000
4828.000000
2129.000000
1778.000000
3321.000000
3292.000000
2957.000000
5183.000000
3128.000000
3842.000000
4173.000000
2777.000000
5120.000000
3306.000000
1563.000000
2323.000000
1763.000000
4043.000000
2113.000000
3909.000000
3340.000000
4057.000000
3668.000000
5160.000000
3214.000000
2486.000000
3092.000000
4495.000000
3676.000000
3857.000000
2018.000000
2654.000000
1339.000000
3639.000000
1908.000000
4312.000000
2960.000000
2678.000000
1923.000000
5281.000000
3678.000000
3330.000000
3065.000000
6955.000000
2597.000000
4321.000000
1989.000000
3622.000000
1081.000000
2902.000000
3200.000000
4159.000000
2494.000000
3009.000000
2180.000000
4618.000000
4359.000000
4419.000000
5738.000000
7019.000000
4075.000000
2584.000000
3999.000000
4027.000000
867.000000
3062.000000
4575.000000
5556.000000
2133.000000
3778.000000
3936.000000
2706.000000
5673.000000
6336.000000
6846.000000
5600.000000
3893.000000
3074.000000
4195.000000
3602.000000
1217.000000
2934.000000
3984.000000
2779.000000
5032.000000
4895.000000
3887.000000
3170.000000
5712.000000
6364.000000
5454.000000
4112.000000
2482.000000
3402.000000
3034.000000
2808.000000
1821.000000
2321.000000
3019.000000
901.000000
5629.000000
4473.000000
4019.000000
5179.000000
5761.000000
5575.000000
3590.000000
4153.000000
4761.000000
4452.000000
3672.000000
3237.000000
951.000000
3288.000000
3546.000000
3690.000000
4451.000000
3383.000000
3269.000000
2466.000000
