1397.000000
1988.000000
2153.000000
2326.000000
2996.000000
1488.000000
3317.000000
2663.000000
3466.000000
2399.000000
3856.000000
3293.000000
5002.000000
3192.000000
2205.000000
2065.000000
2717.000000
5776.000000
5974.000000
3941.000000
3636.000000
3676.000000
2729.000000
1976.000000
2342.000000
1761.000000
1465.000000
3592.000000
2858.000000
1972.000000
1490.000000
958.000000
1644.000000
2654.000000
2676.000000
3500.000000
3496.000000
2041.000000
2786.000000
2886.000000
3927.000000
2561.000000
3265.000000
3469.000000
3287.000000
3027.000000
2355.000000
2279.000000
2898.000000
5306.000000
5075.000000
4372.000000
4652.000000
3559.000000
2617.000000
1446.000000
1025.000000
1282.000000
997.000000
4309.000000
2744.000000
950.000000
321.000000
785.000000
1725.000000
2832.000000
3439.000000
2850.000000
3943.000000
2261.000000
2188.000000
3142.000000
3779.000000
2630.000000
3903.000000
4476.000000
2515.000000
4116.000000
2685.000000
2322.000000
3853.000000
4549.000000
4506.000000
3208.000000
4020.000000
4037.000000
4170.000000
2341.000000
1810.000000
1434.000000
750.000000
2709.000000
1993.000000
1240.000000
675.000000
559.000000
1837.000000
1936.000000
2055.000000
3074.000000
1501.000000
3618.000000
2585.000000
3715.000000
3079.000000
3277.000000
3363.000000
3727.000000
5781.000000
5041.000000
4030.000000
2437.000000
3159.000000
2628.000000
3162.000000
2274.000000
2688.000000
4364.000000
4595.000000
1615.000000
1637.000000
1523.000000
1515.000000
1225.000000
1965.000000
2364.000000
530.000000
82.000000
1675.000000
1612.000000
1809.000000
2001.000000
2526.000000
2893.000000
3778.000000
2855.000000
3472.000000
3674.000000
7554.000000
7608.000000
8084.000000
5977.000000
4743.000000
5639.000000
2483.000000
1061.000000
2506.000000
3677.000000
4245.000000
4680.000000
4789.000000
6726.000000
5504.000000
4708.000000
4641.000000
5509.000000
4851.000000
2294.000000
247.000000
254.000000
1372.000000
858.000000
1243.000000
1945.000000
2497.000000
3404.000000
3699.000000
2915.000000
3192.000000
5416.000000
6540.000000
6323.000000
6709.000000
6664.000000
6270.000000
5048.000000
1801.000000
4052.000000
3482.000000
3647.000000
2250.000000
3556.000000
4273.000000
5088.000000
4944.000000
5738.000000
7097.000000
5985.000000
6604.000000
7004.000000
365.000000
341.000000
1243.000000
1141.000000
574.000000
852.000000
3598.000000
1596.000000
3362.000000
2932.000000
2891.000000
5320.000000
6117.000000
6736.000000
7122.000000
5739.000000
6986.000000
7172.000000
6507.000000
5074.000000
4057.000000
2636.000000
1150.000000
4383.000000
4852.000000
4696.000000
6369.000000
6421.000000
6191.000000
6209.000000
3572.000000
2321.000000
1400.000000
1044.000000
1475.000000
1931.000000
1540.000000
1003.000000
666.000000
1514.000000
3906.000000
3886.000000
3740.000000
5377.000000
6358.000000
6126.000000
6220.000000
2827.000000
6124.000000
4375.000000
4736.000000
4289.000000
2166.000000
1697.000000
969.000000
1235.000000
2938.000000
3383.000000
2232.000000
1698.000000
2055.000000
3652.000000
2057.000000
3512.000000
1901.000000
903.000000
1426.000000
2150.000000
1333.000000
1751.000000
1498.000000
1291.000000
4882.000000
5495.000000
5234.000000
5380.000000
5909.000000
5943.000000
5901.000000
6153.000000
6147.000000
3775.000000
4150.000000
6119.000000
4697.000000
2557.000000
2712.000000
2192.000000
3023.000000
4118.000000
3582.000000
4807.000000
4642.000000
2156.000000
1175.000000
1726.000000
2123.000000
1279.000000
1753.000000
2348.000000
2259.000000
3158.000000
2541.000000
1957.000000
5289.000000
6188.000000
5771.000000
5647.000000
6219.000000
6301.000000
3816.000000
6070.000000
6137.000000
4753.000000
4435.000000
4594.000000
5310.000000
1282.000000
2013.000000
1755.000000
2949.000000
3971.000000
1581.000000
4123.000000
1538.000000
2564.000000
2199.000000
4458.000000
2390.000000
1354.000000
2200.000000
2209.000000
3232.000000
3910.000000
3146.000000
2000.000000
5257.000000
4647.000000
5351.000000
5678.000000
5602.000000
6122.000000
5626.000000
6816.000000
7038.000000
4292.000000
7030.000000
4192.000000
5636.000000
1029.000000
1128.000000
1638.000000
3215.000000
2070.000000
1743.000000
415.000000
961.000000
661.000000
735.000000
2702.000000
2959.000000
1665.000000
2126.000000
3148.000000
4066.000000
3262.000000
2488.000000
2702.000000
4733.000000
4930.000000
4551.000000
6119.000000
5396.000000
6281.000000
5314.000000
3505.000000
3574.000000
3958.000000
3598.000000
4174.000000
3536.000000
2553.000000
3573.000000
436.000000
1428.000000
1265.000000
498.000000
1324.000000
1390.000000
1198.000000
2181.000000
3711.000000
3982.000000
3889.000000
1298.000000
3061.000000
2942.000000
4162.000000
3597.000000
2226.000000
3767.000000
4200.000000
4122.000000
5894.000000
5458.000000
6059.000000
5299.000000
4626.000000
4215.000000
4261.000000
4502.000000
3870.000000
4203.000000
4924.000000
3925.000000
975.000000
1739.000000
1382.000000
1265.000000
1324.000000
1227.000000
2191.000000
2622.000000
3204.000000
3950.000000
3874.000000
1379.000000
2523.000000
2876.000000
4335.000000
4742.000000
2142.000000
3924.000000
3930.000000
3866.000000
5398.000000
5255.000000
6403.000000
5372.000000
3776.000000
4863.000000
5569.000000
4895.000000
3206.000000
2953.000000
5092.000000
1734.000000
1859.000000
2757.000000
2140.000000
3198.000000
2947.000000
2980.000000
2974.000000
3283.000000
3407.000000
3181.000000
3722.000000
2757.000000
3234.000000
1415.000000
1657.000000
4697.000000
2719.000000
3497.000000
4019.000000
4815.000000
5772.000000
5384.000000
5494.000000
5111.000000
2564.000000
5223.000000
5514.000000
5399.000000
2979.000000
1925.000000
4645.000000
2866.000000
2701.000000
2926.000000
3832.000000
3153.000000
3329.000000
3400.000000
3070.000000
3278.000000
2639.000000
2843.000000
3299.000000
3275.000000
3215.000000
2065.000000
1954.000000
2212.000000
3152.000000
4102.000000
3341.000000
4340.000000
4962.000000
4182.000000
4339.000000
4788.000000
5336.000000
5976.000000
1786.000000
4428.000000
4206.000000
4754.000000
3747.000000
3191.000000
3544.000000
3039.000000
3365.000000
3091.000000
3198.000000
2091.000000
3488.000000
3130.000000
2791.000000
3299.000000
3538.000000
2900.000000
2969.000000
2672.000000
1919.000000
2572.000000
3097.000000
4138.000000
4069.000000
4312.000000
3655.000000
4452.000000
4212.000000
3871.000000
3672.000000
3702.000000
2784.000000
2955.000000
4959.000000
4216.000000
3996.000000
3746.000000
3944.000000
3883.000000
3318.000000
3457.000000
3069.000000
3253.000000
5623.000000
3992.000000
3964.000000
4322.000000
3861.000000
2989.000000
3055.000000
2851.000000
3027.000000
3752.000000
3623.000000
4090.000000
4338.000000
4160.000000
3390.000000
2819.000000
3962.000000
4336.000000
4860.000000
2377.000000
4808.000000
3777.000000
4724.000000
3688.000000
4667.000000
4105.000000
3894.000000
3688.000000
4505.000000
4078.000000
4538.000000
4662.000000
4322.000000
4549.000000
3505.000000
3208.000000
4019.000000
3489.000000
3570.000000
3122.000000
3362.000000
3464.000000
3961.000000
4279.000000
3408.000000
3784.000000
2942.000000
1851.000000
3374.000000
5309.000000
5009.000000
4112.000000
3976.000000
2297.000000
3838.000000
3589.000000
3858.000000
4274.000000
4306.000000
4137.000000
4354.000000
4892.000000
6130.000000
6527.000000
5692.000000
6224.000000
5060.000000
3578.000000
4016.000000
3406.000000
3347.000000
4153.000000
3996.000000
3457.000000
3620.000000
4236.000000
3634.000000
3391.000000
1394.000000
3053.000000
3981.000000
5898.000000
3520.000000
4878.000000
2843.000000
2763.000000
5831.000000
5109.000000
4316.000000
4927.000000
4660.000000
5819.000000
7525.000000
6747.000000
6933.000000
7215.000000
6202.000000
6157.000000
5377.000000
6585.000000
6125.000000
3226.000000
3294.000000
3717.000000
3776.000000
4125.000000
4390.000000
3896.000000
3637.000000
3487.000000
4140.000000
3443.000000
4412.000000
5487.000000
4588.000000
1926.000000
3549.000000
4292.000000
7715.000000
8275.000000
5759.000000
6991.000000
7289.000000
6774.000000
7131.000000
6885.000000
6432.000000
6376.000000
5953.000000
4216.000000
5906.000000
4745.000000
5707.000000
3350.000000
3842.000000
3516.000000
3424.000000
4026.000000
3680.000000
3725.000000
3826.000000
3302.000000
1609.000000
3162.000000
1439.000000
4495.000000
5096.000000
5688.000000
2762.000000
6160.000000
7788.000000
7090.000000
5168.000000
7587.000000
7217.000000
7610.000000
6587.000000
6308.000000
4820.000000
4971.000000
4958.000000
4212.000000
4862.000000
5182.000000
6209.000000
3646.000000
2627.000000
2797.000000
3061.000000
3883.000000
4010.000000
3366.000000
3772.000000
3640.000000
3742.000000
4543.000000
6013.000000
4347.000000
4579.000000
6797.000000
2839.000000
7379.000000
7900.000000
7523.000000
7108.000000
5769.000000
5733.000000
4780.000000
4438.000000
4539.000000
3833.000000
4357.000000
4507.000000
3702.000000
3680.000000
3381.000000
4574.000000
3395.000000
3077.000000
3221.000000
3183.000000
3840.000000
3847.000000
3456.000000
3406.000000
3466.000000
3263.000000
4536.000000
6293.000000
4984.000000
4511.000000
5879.000000
4268.000000
7616.000000
6595.000000
5459.000000
4753.000000
3785.000000
3629.000000
3908.000000
2344.000000
3741.000000
3252.000000
3818.000000
3483.000000
3986.000000
3872.000000
3082.000000
3446.000000
3934.000000
4207.000000
4116.000000
3970.000000
4130.000000
4102.000000
3520.000000
3314.000000
3663.000000
5399.000000
5526.000000
6862.000000
3827.000000
4666.000000
6529.000000
4599.000000
5136.000000
4661.000000
2877.000000
4009.000000
4022.000000
3958.000000
2996.000000
2767.000000
3872.000000
3052.000000
3738.000000
3920.000000
3362.000000
3335.000000
2684.000000
3488.000000
3552.000000
3836.000000
4138.000000
4117.000000
3926.000000
3564.000000
3152.000000
3438.000000
3088.000000
5312.000000
5271.000000
7155.000000
4344.000000
4165.000000
5710.000000
5338.000000
3500.000000
3839.000000
4092.000000
4271.000000
3729.000000
3402.000000
2634.000000
3131.000000
2963.000000
3363.000000
3652.000000
3590.000000
3749.000000
3668.000000
3265.000000
2688.000000
3182.000000
3625.000000
4202.000000
4092.000000
3942.000000
3310.000000
2953.000000
3237.000000
3285.000000
5794.000000
5675.000000
6607.000000
3863.000000
4952.000000
5559.000000
5341.000000
3476.000000
3110.000000
4163.000000
4641.000000
4775.000000
3749.000000
2784.000000
3573.000000
3143.000000
3514.000000
4348.000000
3925.000000
3458.000000
3597.000000
2937.000000
2987.000000
3165.000000
3632.000000
3482.000000
3156.000000
3307.000000
3141.000000
2645.000000
3049.000000
3344.000000
5323.000000
3328.000000
3775.000000
3244.000000
5291.000000
5466.000000
5373.000000
2914.000000
4349.000000
3094.000000
3583.000000
3798.000000
3959.000000
3455.000000
3962.000000
4280.000000
3414.000000
3746.000000
4364.000000
3806.000000
2850.000000
3499.000000
2552.000000
3288.000000
3788.000000
3346.000000
3175.000000
3265.000000
2788.000000
2434.000000
2594.000000
2784.000000
3120.000000
3052.000000
2614.000000
3448.000000
3857.000000
5639.000000
6373.000000
2588.000000
2942.000000
2875.000000
2906.000000
3506.000000
3384.000000
3850.000000
3195.000000
3839.000000
3681.000000
3243.000000
4425.000000
3902.000000
4490.000000
3611.000000
2986.000000
2986.000000
3446.000000
3026.000000
3608.000000
3219.000000
3456.000000
2555.000000
2884.000000
2989.000000
3058.000000
2905.000000
3245.000000
2424.000000
3393.000000
6106.000000
6857.000000
3112.000000
2874.000000
3099.000000
2235.000000
3277.000000
3698.000000
6154.000000
4696.000000
3290.000000
4030.000000
7485.000000
4640.000000
4541.000000
4181.000000
3490.000000
4128.000000
3288.000000
3528.000000
3528.000000
3752.000000
3058.000000
3821.000000
3115.000000
2744.000000
2830.000000
2990.000000
3524.000000
2710.000000
3949.000000
4133.000000
5181.000000
5842.000000
3015.000000
2675.000000
3087.000000
4119.000000
3698.000000
3510.000000
3753.000000
4157.000000
4023.000000
4358.000000
3923.000000
4569.000000
3374.000000
4542.000000
4557.000000
4090.000000
3819.000000
3702.000000
3173.000000
3656.000000
3573.000000
3565.000000
2546.000000
2810.000000
3853.000000
3220.000000
3709.000000
3119.000000
3809.000000
3754.000000
3952.000000
4492.000000
2742.000000
3574.000000
3386.000000
4552.000000
3422.000000
3582.000000
4770.000000
3664.000000
3938.000000
3474.000000
4901.000000
5146.000000
4329.000000
3287.000000
2153.000000
3681.000000
