6672.000000
6253.000000
5975.000000
7453.000000
6264.000000
6478.000000
7002.000000
6583.000000
6529.000000
6462.000000
6344.000000
5962.000000
6661.000000
6584.000000
4595.000000
6354.000000
5812.000000
6086.000000
6178.000000
6052.000000
6023.000000
6503.000000
5986.000000
6079.000000
5656.000000
5632.000000
5933.000000
5171.000000
5620.000000
8899.000000
11046.000000
9030.000000
5343.000000
6147.000000
4757.000000
5642.000000
5005.000000
5210.000000
7028.000000
6537.000000
5748.000000
5375.000000
5383.000000
5277.000000
5123.000000
6404.000000
4472.000000
5698.000000
5766.000000
5713.000000
5769.000000
5560.000000
5255.000000
6251.000000
4840.000000
5474.000000
5224.000000
7134.000000
10708.000000
8264.000000
6432.000000
7674.000000
7790.000000
8748.000000
6003.000000
5311.000000
5435.000000
5753.000000
5441.000000
6443.000000
10380.000000
11346.000000
11402.000000
8969.000000
8259.000000
7640.000000
7816.000000
7910.000000
7114.000000
7060.000000
5924.000000
7027.000000
5982.000000
6428.000000
5342.000000
4272.000000
7175.000000
4655.000000
6075.000000
9940.000000
10713.000000
8956.000000
3234.000000
5986.000000
6565.000000
6709.000000
5739.000000
5284.000000
5990.000000
5181.000000
7320.000000
12206.000000
11376.000000
8664.000000
8540.000000
8778.000000
6480.000000
7469.000000
8085.000000
9867.000000
7475.000000
7745.000000
5143.000000
4903.000000
4787.000000
4725.000000
3081.000000
2144.000000
7669.000000
4551.000000
3375.000000
10114.000000
8927.000000
6529.000000
5803.000000
6585.000000
5014.000000
4072.000000
6026.000000
5297.000000
4756.000000
5249.000000
6699.000000
11965.000000
11788.000000
10321.000000
9295.000000
8512.000000
6613.000000
5723.000000
7601.000000
6940.000000
7452.000000
6612.000000
4654.000000
4995.000000
4271.000000
4225.000000
4502.000000
2043.000000
6956.000000
4192.000000
2983.000000
4676.000000
7271.000000
4462.000000
4138.000000
2199.000000
1058.000000
1891.000000
5474.000000
5689.000000
5357.000000
7542.000000
10079.000000
10365.000000
9378.000000
8516.000000
14156.000000
11052.000000
6619.000000
6058.000000
9779.000000
11071.000000
8605.000000
8083.000000
6583.000000
6682.000000
4999.000000
4744.000000
5557.000000
2679.000000
3793.000000
3780.000000
2705.000000
3393.000000
5150.000000
3526.000000
2292.000000
1520.000000
726.000000
574.000000
7455.000000
7486.000000
9024.000000
8309.000000
10429.000000
12329.000000
12827.000000
11396.000000
9877.000000
11127.000000
6893.000000
5249.000000
7910.000000
6689.000000
7495.000000
8865.000000
11075.000000
10378.000000
5650.000000
7059.000000
5727.000000
3863.000000
2105.000000
3234.000000
2201.000000
2446.000000
3578.000000
2236.000000
1457.000000
2738.000000
2316.000000
1445.000000
6882.000000
8115.000000
8163.000000
8572.000000
11346.000000
12988.000000
12717.000000
13432.000000
7744.000000
10513.000000
8986.000000
7432.000000
5384.000000
6028.000000
9304.000000
10285.000000
11311.000000
10526.000000
10368.000000
3802.000000
3599.000000
3445.000000
2000.000000
4707.000000
3291.000000
2344.000000
1394.000000
1563.000000
1600.000000
3282.000000
3050.000000
2584.000000
8785.000000
9407.000000
9740.000000
11646.000000
10367.000000
13035.000000
10712.000000
7575.000000
11427.000000
10056.000000
9573.000000
8952.000000
5403.000000
7287.000000
7098.000000
7978.000000
9302.000000
8789.000000
8203.000000
3482.000000
3665.000000
2365.000000
2202.000000
3511.000000
3840.000000
2000.000000
1617.000000
3230.000000
1297.000000
3329.000000
2659.000000
2262.000000
10480.000000
9342.000000
10461.000000
11700.000000
10752.000000
10423.000000
9228.000000
7348.000000
11431.000000
10517.000000
9723.000000
8893.000000
7159.000000
5950.000000
6435.000000
3615.000000
3313.000000
10224.000000
10347.000000
6983.000000
4777.000000
2456.000000
3340.000000
2579.000000
4339.000000
4538.000000
2161.000000
1854.000000
3345.000000
2796.000000
2357.000000
3134.000000
10375.000000
10183.000000
10065.000000
11400.000000
11692.000000
10035.000000
11404.000000
12385.000000
11126.000000
9644.000000
9650.000000
6965.000000
6933.000000
6522.000000
10662.000000
11782.000000
4969.000000
10331.000000
10107.000000
5442.000000
2794.000000
975.000000
4437.000000
864.000000
3470.000000
3924.000000
2171.000000
2285.000000
3268.000000
3316.000000
2078.000000
3068.000000
10139.000000
9955.000000
10640.000000
11186.000000
11672.000000
7754.000000
12473.000000
10531.000000
10202.000000
10093.000000
8839.000000
6175.000000
6158.000000
6893.000000
8034.000000
10947.000000
10055.000000
10092.000000
6764.000000
1698.000000
4896.000000
2410.000000
2153.000000
2943.000000
2946.000000
1870.000000
417.000000
1855.000000
5572.000000
2725.000000
5227.000000
2117.000000
10123.000000
10620.000000
9551.000000
9932.000000
10570.000000
11824.000000
11834.000000
12775.000000
6083.000000
9764.000000
8064.000000
7139.000000
8159.000000
5785.000000
6159.000000
4845.000000
7273.000000
4793.000000
6828.000000
1535.000000
5318.000000
5814.000000
6730.000000
4989.000000
4183.000000
3750.000000
4577.000000
2860.000000
2771.000000
5857.000000
2147.000000
2551.000000
11326.000000
10827.000000
9328.000000
8124.000000
9840.000000
12585.000000
8873.000000
10102.000000
10814.000000
6897.000000
10011.000000
9324.000000
3580.000000
8227.000000
2525.000000
9688.000000
8875.000000
5891.000000
8074.000000
7319.000000
9247.000000
9862.000000
7796.000000
6928.000000
1401.000000
6088.000000
2762.000000
3198.000000
3690.000000
4593.000000
3060.000000
1116.000000
10917.000000
10588.000000
10152.000000
10068.000000
10903.000000
8355.000000
10069.000000
7842.000000
5723.000000
3623.000000
7566.000000
5818.000000
9327.000000
6758.000000
6212.000000
4408.000000
7611.000000
8823.000000
9490.000000
9186.000000
9835.000000
9303.000000
8854.000000
8740.000000
7256.000000
7996.000000
5725.000000
6050.000000
6234.000000
5489.000000
4542.000000
2043.000000
9259.000000
8825.000000
8765.000000
8614.000000
8167.000000
7251.000000
7459.000000
5756.000000
5364.000000
4374.000000
4198.000000
4809.000000
4311.000000
3410.000000
6734.000000
7114.000000
4108.000000
3975.000000
2453.000000
3308.000000
3844.000000
5912.000000
5018.000000
5342.000000
5360.000000
7600.000000
6469.000000
6411.000000
8490.000000
6727.000000
5544.000000
3331.000000
