2528.000000
2528.000000
2528.000000
2528.000000
2528.000000
2528.000000
2536.000000
2560.000000
2528.000000
2558.000000
2559.000000
1739.000000
2565.000000
2614.000000
2594.000000
2568.000000
2528.000000
2528.000000
2537.000000
2542.000000
2528.000000
2547.000000
2552.000000
2568.000000
2552.000000
2552.000000
2566.000000
2562.000000
2587.000000
2568.000000
1805.000000
2479.000000
1688.000000
2604.000000
2544.000000
2562.000000
2566.000000
2577.000000
2565.000000
2528.000000
2547.000000
2528.000000
2566.000000
2556.000000
2582.000000
2580.000000
2044.000000
2948.000000
3249.000000
2733.000000
2650.000000
2574.000000
2566.000000
2566.000000
2542.000000
2547.000000
2585.000000
2566.000000
2562.000000
2600.000000
2588.000000
1291.000000
2440.000000
2807.000000
3165.000000
3520.000000
815.000000
2600.000000
2569.000000
2561.000000
2546.000000
2552.000000
2569.000000
2566.000000
2609.000000
2671.000000
1667.000000
2354.000000
2584.000000
2649.000000
1432.000000
2436.000000
3878.000000
2619.000000
2562.000000
2566.000000
2566.000000
2566.000000
2569.000000
2616.000000
2756.000000
1478.000000
2408.000000
1224.000000
1282.000000
3317.000000
3464.000000
2983.000000
1256.000000
2674.000000
2587.000000
2566.000000
2566.000000
2564.000000
2599.000000
1874.000000
1065.000000
916.000000
939.000000
1947.000000
1777.000000
1241.000000
1198.000000
4104.000000
2593.000000
2563.000000
2596.000000
2547.000000
2580.000000
2600.000000
2611.000000
2005.000000
176.000000
2516.000000
2518.000000
2035.000000
2279.000000
1773.000000
2891.000000
2217.000000
2597.000000
3132.000000
2405.000000
3086.000000
3015.000000
2478.000000
2480.000000
2452.000000
2683.000000
1386.000000
2761.000000
3387.000000
2775.000000
2451.000000
3663.000000
3134.000000
2919.000000
2925.000000
2083.000000
2935.000000
3365.000000
3308.000000
2780.000000
