1823.000000
981.000000
647.000000
492.000000
911.000000
1763.000000
2080.000000
2326.000000
2387.000000
2222.000000
1471.000000
2533.000000
1546.000000
1903.000000
2426.000000
2385.000000
2737.000000
2568.000000
368.000000
296.000000
365.000000
539.000000
128.000000
677.000000
719.000000
731.000000
1131.000000
871.000000
3029.000000
3094.000000
2139.000000
2066.000000
3768.000000
3194.000000
1287.000000
2256.000000
3379.000000
3578.000000
2546.000000
2745.000000
3345.000000
1379.000000
378.000000
394.000000
963.000000
627.000000
841.000000
820.000000
1314.000000
2060.000000
2364.000000
2865.000000
376.000000
2541.000000
2909.000000
1316.000000
1842.000000
1373.000000
1928.000000
2131.000000
1476.000000
2511.000000
3165.000000
676.000000
2533.000000
492.000000
615.000000
720.000000
645.000000
2560.000000
2962.000000
2764.000000
2686.000000
4046.000000
3468.000000
3557.000000
930.000000
3134.000000
1835.000000
1670.000000
1450.000000
1261.000000
2421.000000
922.000000
2626.000000
1017.000000
3708.000000
1929.000000
465.000000
635.000000
794.000000
608.000000
2483.000000
1417.000000
1395.000000
3908.000000
4187.000000
3501.000000
4115.000000
3761.000000
4938.000000
3701.000000
3455.000000
2770.000000
2902.000000
3396.000000
4996.000000
5087.000000
3705.000000
3751.000000
3073.000000
2380.000000
585.000000
548.000000
463.000000
1101.000000
2535.000000
2969.000000
3497.000000
3565.000000
4570.000000
4768.000000
4139.000000
4294.000000
3869.000000
3650.000000
2623.000000
2133.000000
3958.000000
3905.000000
4786.000000
3895.000000
4601.000000
4281.000000
1821.000000
775.000000
763.000000
1061.000000
681.000000
1470.000000
1228.000000
2358.000000
3681.000000
4775.000000
4761.000000
4872.000000
3270.000000
2685.000000
1262.000000
2014.000000
1963.000000
1042.000000
3355.000000
2429.000000
4885.000000
2835.000000
4458.000000
1846.000000
308.000000
547.000000
605.000000
1954.000000
1930.000000
3581.000000
2995.000000
3147.000000
4474.000000
1004.000000
2927.000000
4188.000000
2835.000000
2659.000000
2667.000000
3033.000000
2729.000000
3044.000000
3682.000000
2091.000000
1869.000000
3740.000000
2060.000000
355.000000
395.000000
1169.000000
1862.000000
2147.000000
2436.000000
3101.000000
3483.000000
3510.000000
4078.000000
3796.000000
3839.000000
3567.000000
3955.000000
3287.000000
3291.000000
3386.000000
3477.000000
3419.000000
3705.000000
4049.000000
2757.000000
892.000000
288.000000
436.000000
310.000000
327.000000
229.000000
433.000000
646.000000
3203.000000
3472.000000
4348.000000
3612.000000
3424.000000
3767.000000
3916.000000
2856.000000
3001.000000
3550.000000
3837.000000
2569.000000
3657.000000
3957.000000
2876.000000
519.000000
792.000000
588.000000
326.000000
255.000000
808.000000
1782.000000
2441.000000
2013.000000
2606.000000
1768.000000
3611.000000
2904.000000
2729.000000
2674.000000
2324.000000
2482.000000
2979.000000
2580.000000
2783.000000
2343.000000
2233.000000
2418.000000
754.000000
343.000000
141.000000
14.000000
211.000000
159.000000
396.000000
655.000000
1224.000000
1623.000000
2120.000000
1921.000000
1629.000000
1545.000000
2312.000000
1249.000000
590.000000
1374.000000
3031.000000
3014.000000
2010.000000
1070.000000
1092.000000
382.000000
278.000000
205.000000
253.000000
