42.000000
0.000000
74.000000
227.000000
79.000000
2235.000000
2543.000000
1626.000000
0.000000
26.000000
130.000000
145.000000
3797.000000
2846.000000
2623.000000
2254.000000
35.000000
10.000000
22.000000
243.000000
4614.000000
4544.000000
2395.000000
2076.000000
39.000000
18.000000
44.000000
331.000000
3989.000000
4271.000000
3122.000000
2919.000000
26.000000
44.000000
44.000000
193.000000
3134.000000
2988.000000
3343.000000
1891.000000
191.000000
138.000000
22.000000
413.000000
3839.000000
3177.000000
1945.000000
1541.000000
190.000000
159.000000
88.000000
209.000000
3791.000000
3587.000000
1314.000000
248.000000
61.000000
143.000000
299.000000
91.000000
2495.000000
2316.000000
503.000000
80.000000
