2389.000000
3564.000000
2581.000000
4247.000000
3872.000000
1311.000000
1254.000000
1907.000000
1710.000000
1862.000000
3698.000000
2574.000000
2248.000000
2056.000000
2494.000000
4126.000000
2495.000000
1496.000000
1380.000000
1273.000000
1500.000000
362.000000
563.000000
1019.000000
701.000000
1329.000000
271.000000
666.000000
548.000000
274.000000
178.000000
328.000000
525.000000
1255.000000
532.000000
1617.000000
1062.000000
1008.000000
1067.000000
1219.000000
1183.000000
743.000000
2182.000000
2276.000000
2341.000000
3222.000000
4738.000000
3306.000000
1878.000000
1312.000000
1829.000000
3026.000000
1766.000000
2229.000000
2304.000000
2108.000000
1642.000000
3730.000000
3212.000000
2019.000000
2069.000000
1711.000000
1262.000000
1781.000000
681.000000
368.000000
1011.000000
127.000000
545.000000
317.000000
824.000000
373.000000
345.000000
708.000000
407.000000
130.000000
316.000000
640.000000
1560.000000
1123.000000
1263.000000
1070.000000
1669.000000
1170.000000
1106.000000
1412.000000
1976.000000
3661.000000
3401.000000
4176.000000
1143.000000
3141.000000
2391.000000
1753.000000
2613.000000
2901.000000
1706.000000
3103.000000
2043.000000
1873.000000
2490.000000
2389.000000
2383.000000
2898.000000
2852.000000
2406.000000
1137.000000
1418.000000
1071.000000
1533.000000
556.000000
613.000000
558.000000
704.000000
200.000000
201.000000
502.000000
184.000000
231.000000
969.000000
349.000000
787.000000
912.000000
1825.000000
1499.000000
2571.000000
1381.000000
1351.000000
811.000000
2022.000000
2903.000000
2527.000000
2868.000000
1812.000000
3558.000000
1768.000000
2107.000000
1251.000000
1638.000000
1302.000000
3484.000000
1959.000000
2248.000000
2907.000000
1978.000000
2219.000000
2949.000000
2984.000000
2807.000000
2379.000000
1727.000000
939.000000
3104.000000
1043.000000
644.000000
201.000000
116.000000
163.000000
213.000000
91.000000
699.000000
805.000000
807.000000
581.000000
565.000000
310.000000
3091.000000
923.000000
3452.000000
2066.000000
2710.000000
540.000000
3595.000000
2021.000000
1699.000000
1713.000000
3896.000000
3872.000000
1706.000000
1187.000000
1225.000000
1223.000000
941.000000
2894.000000
2391.000000
3522.000000
2700.000000
1891.000000
2109.000000
2649.000000
2679.000000
2675.000000
2554.000000
3079.000000
2472.000000
1299.000000
2057.000000
1629.000000
196.000000
134.000000
81.000000
94.000000
368.000000
371.000000
575.000000
360.000000
318.000000
159.000000
1913.000000
533.000000
2906.000000
3711.000000
4535.000000
1108.000000
1161.000000
944.000000
3348.000000
2007.000000
2566.000000
1588.000000
2241.000000
3804.000000
1173.000000
1402.000000
1187.000000
1093.000000
3514.000000
3427.000000
3379.000000
3156.000000
1504.000000
1869.000000
2295.000000
2743.000000
2808.000000
2870.000000
2239.000000
1265.000000
1794.000000
1806.000000
1205.000000
716.000000
182.000000
62.000000
629.000000
67.000000
501.000000
123.000000
334.000000
382.000000
715.000000
2044.000000
1007.000000
1146.000000
3585.000000
2633.000000
462.000000
1222.000000
3689.000000
1691.000000
837.000000
1397.000000
1862.000000
2569.000000
2853.000000
2096.000000
2761.000000
1245.000000
986.000000
3026.000000
3113.000000
3118.000000
2553.000000
1820.000000
1865.000000
1987.000000
3277.000000
3063.000000
2363.000000
1967.000000
2087.000000
1161.000000
2264.000000
1098.000000
414.000000
181.000000
115.000000
442.000000
284.000000
163.000000
221.000000
459.000000
603.000000
1158.000000
3320.000000
662.000000
3981.000000
638.000000
772.000000
1472.000000
1856.000000
2255.000000
935.000000
1642.000000
2263.000000
3528.000000
1840.000000
2645.000000
2509.000000
2202.000000
1489.000000
3295.000000
2666.000000
2719.000000
3182.000000
2725.000000
1967.000000
1714.000000
2359.000000
2951.000000
2897.000000
2417.000000
1280.000000
1276.000000
1179.000000
1317.000000
931.000000
343.000000
54.000000
385.000000
16.000000
85.000000
928.000000
243.000000
253.000000
337.000000
683.000000
3176.000000
631.000000
3568.000000
4577.000000
598.000000
640.000000
1784.000000
2696.000000
1342.000000
2860.000000
4006.000000
4538.000000
3847.000000
3566.000000
2320.000000
2707.000000
1920.000000
2658.000000
2025.000000
2749.000000
2761.000000
2485.000000
1604.000000
1535.000000
1800.000000
1275.000000
2233.000000
2459.000000
1506.000000
640.000000
1117.000000
938.000000
666.000000
137.000000
53.000000
411.000000
52.000000
251.000000
304.000000
144.000000
265.000000
315.000000
444.000000
546.000000
4050.000000
3717.000000
3175.000000
4117.000000
498.000000
1046.000000
3562.000000
3232.000000
2083.000000
2487.000000
4084.000000
4580.000000
3585.000000
2712.000000
2662.000000
1921.000000
2513.000000
2362.000000
2144.000000
2230.000000
2378.000000
2593.000000
2653.000000
2722.000000
1896.000000
1618.000000
2063.000000
1186.000000
900.000000
1135.000000
1593.000000
712.000000
535.000000
125.000000
1174.000000
707.000000
457.000000
482.000000
341.000000
104.000000
135.000000
738.000000
2473.000000
4241.000000
2633.000000
3151.000000
2343.000000
2013.000000
1253.000000
1763.000000
3193.000000
2311.000000
3748.000000
3785.000000
2677.000000
2571.000000
2239.000000
4058.000000
2205.000000
2270.000000
1522.000000
2352.000000
1622.000000
2540.000000
3141.000000
2375.000000
3147.000000
2792.000000
1474.000000
2011.000000
1033.000000
1528.000000
1114.000000
1426.000000
282.000000
396.000000
621.000000
1058.000000
249.000000
841.000000
126.000000
386.000000
175.000000
87.000000
1651.000000
1954.000000
4598.000000
2928.000000
4567.000000
4385.000000
1711.000000
604.000000
2093.000000
1849.000000
1794.000000
2424.000000
2196.000000
2672.000000
1200.000000
1810.000000
2106.000000
2379.000000
1538.000000
2527.000000
2448.000000
1941.000000
3407.000000
2280.000000
1482.000000
3200.000000
3128.000000
2767.000000
996.000000
1883.000000
1426.000000
1245.000000
1323.000000
679.000000
675.000000
677.000000
1374.000000
851.000000
84.000000
165.000000
895.000000
295.000000
234.000000
381.000000
2601.000000
1879.000000
4506.000000
4929.000000
2189.000000
4367.000000
771.000000
1870.000000
1106.000000
1044.000000
1977.000000
1915.000000
1516.000000
1722.000000
2161.000000
1633.000000
2206.000000
1709.000000
2582.000000
2034.000000
3393.000000
3669.000000
3424.000000
2262.000000
4239.000000
3396.000000
2940.000000
2393.000000
1836.000000
2798.000000
2096.000000
1443.000000
1248.000000
455.000000
1241.000000
403.000000
700.000000
162.000000
185.000000
330.000000
1081.000000
271.000000
501.000000
336.000000
991.000000
876.000000
1363.000000
1290.000000
721.000000
906.000000
1654.000000
1522.000000
1569.000000
1686.000000
1372.000000
1756.000000
1207.000000
1838.000000
1833.000000
1750.000000
2549.000000
2956.000000
1976.000000
3797.000000
3311.000000
2882.000000
2667.000000
3851.000000
2685.000000
2733.000000
2056.000000
2283.000000
2036.000000
2460.000000
2122.000000
786.000000
474.000000
721.000000
769.000000
452.000000
136.000000
327.000000
384.000000
286.000000
121.000000
55.000000
346.000000
3351.000000
1808.000000
4074.000000
5042.000000
4940.000000
458.000000
2165.000000
551.000000
901.000000
1218.000000
1717.000000
1573.000000
1603.000000
2187.000000
3144.000000
1350.000000
2094.000000
2800.000000
2974.000000
2973.000000
2384.000000
2902.000000
2855.000000
2722.000000
906.000000
763.000000
1531.000000
1899.000000
2216.000000
2873.000000
2581.000000
1153.000000
174.000000
1062.000000
215.000000
142.000000
613.000000
227.000000
339.000000
135.000000
50.000000
57.000000
63.000000
161.000000
348.000000
4660.000000
4952.000000
4201.000000
2816.000000
2155.000000
1711.000000
179.000000
1826.000000
1348.000000
1590.000000
2450.000000
3064.000000
4069.000000
4086.000000
3432.000000
2538.000000
2804.000000
1693.000000
2041.000000
3748.000000
2822.000000
2913.000000
672.000000
2570.000000
1766.000000
1669.000000
1766.000000
1985.000000
2459.000000
1609.000000
2591.000000
1557.000000
211.000000
325.000000
198.000000
103.000000
268.000000
358.000000
98.000000
111.000000
1012.000000
566.000000
253.000000
796.000000
3701.000000
4381.000000
4507.000000
2155.000000
862.000000
1009.000000
1410.000000
1703.000000
1573.000000
1042.000000
2097.000000
2734.000000
2336.000000
3722.000000
3067.000000
2264.000000
2824.000000
3239.000000
3937.000000
2861.000000
3299.000000
2749.000000
2388.000000
1517.000000
1825.000000
1709.000000
2266.000000
2547.000000
2281.000000
2309.000000
2623.000000
2622.000000
2234.000000
2760.000000
3254.000000
3255.000000
385.000000
142.000000
592.000000
181.000000
479.000000
438.000000
1351.000000
2923.000000
4195.000000
2260.000000
2042.000000
798.000000
1755.000000
1000.000000
1350.000000
1110.000000
1223.000000
1380.000000
1586.000000
2695.000000
3870.000000
3239.000000
2434.000000
2857.000000
3939.000000
3987.000000
3108.000000
2958.000000
2645.000000
2415.000000
1934.000000
2602.000000
1571.000000
2416.000000
2907.000000
1728.000000
2076.000000
2834.000000
2910.000000
2738.000000
2865.000000
3108.000000
3082.000000
3474.000000
1896.000000
242.000000
131.000000
583.000000
613.000000
391.000000
4542.000000
1916.000000
3519.000000
4313.000000
1349.000000
449.000000
1880.000000
795.000000
2246.000000
794.000000
2187.000000
2055.000000
2960.000000
3835.000000
3490.000000
3065.000000
3210.000000
3609.000000
4104.000000
3379.000000
3138.000000
2420.000000
2563.000000
2320.000000
2532.000000
2977.000000
2563.000000
2782.000000
2552.000000
1631.000000
2588.000000
2969.000000
2986.000000
3197.000000
3077.000000
3071.000000
3178.000000
3360.000000
2474.000000
94.000000
165.000000
197.000000
133.000000
986.000000
1999.000000
4398.000000
2877.000000
1296.000000
413.000000
1168.000000
2050.000000
1017.000000
1252.000000
1714.000000
1449.000000
2320.000000
3760.000000
3538.000000
3617.000000
3571.000000
3391.000000
3921.000000
3403.000000
2947.000000
2471.000000
2118.000000
2444.000000
2347.000000
3435.000000
3140.000000
2470.000000
2004.000000
1189.000000
2393.000000
2642.000000
2552.000000
2938.000000
3053.000000
2720.000000
3074.000000
3298.000000
3126.000000
1128.000000
161.000000
700.000000
261.000000
587.000000
2433.000000
851.000000
2635.000000
1956.000000
2245.000000
499.000000
1360.000000
2219.000000
1008.000000
1989.000000
2213.000000
1863.000000
3849.000000
3807.000000
3778.000000
3588.000000
3469.000000
3368.000000
2838.000000
2214.000000
2057.000000
2474.000000
1477.000000
2802.000000
2843.000000
2633.000000
2507.000000
1909.000000
1348.000000
2170.000000
2055.000000
2611.000000
2690.000000
2332.000000
1838.000000
2623.000000
3009.000000
3056.000000
2648.000000
1142.000000
513.000000
699.000000
2326.000000
2840.000000
2890.000000
1018.000000
866.000000
1087.000000
1755.000000
875.000000
1497.000000
1897.000000
1793.000000
1837.000000
2826.000000
3942.000000
4290.000000
3426.000000
2995.000000
3547.000000
3408.000000
2133.000000
2023.000000
1569.000000
2489.000000
2000.000000
2939.000000
2981.000000
2433.000000
2054.000000
1666.000000
1213.000000
1981.000000
2346.000000
2488.000000
2320.000000
1782.000000
1935.000000
2400.000000
2890.000000
2974.000000
2727.000000
2361.000000
258.000000
812.000000
2064.000000
2066.000000
2633.000000
1988.000000
1807.000000
771.000000
1075.000000
2027.000000
1056.000000
1345.000000
2370.000000
2365.000000
2758.000000
4247.000000
3860.000000
4012.000000
3827.000000
3793.000000
1648.000000
1578.000000
395.000000
1911.000000
2717.000000
2036.000000
2563.000000
2974.000000
2746.000000
2128.000000
1343.000000
1031.000000
1836.000000
2131.000000
2163.000000
2223.000000
1876.000000
1746.000000
2430.000000
2869.000000
2655.000000
2407.000000
2351.000000
1170.000000
446.000000
1221.000000
1609.000000
1324.000000
2807.000000
841.000000
1323.000000
396.000000
1401.000000
1912.000000
1880.000000
1698.000000
2155.000000
2091.000000
3964.000000
3927.000000
3880.000000
3865.000000
4425.000000
2682.000000
460.000000
2630.000000
2230.000000
2822.000000
1664.000000
1819.000000
2407.000000
2220.000000
1857.000000
1361.000000
906.000000
2023.000000
1980.000000
2050.000000
2072.000000
1884.000000
1950.000000
2671.000000
2758.000000
2850.000000
2007.000000
2399.000000
2054.000000
833.000000
760.000000
1262.000000
2199.000000
2675.000000
490.000000
1490.000000
2093.000000
874.000000
960.000000
2319.000000
2139.000000
2233.000000
2308.000000
3967.000000
3970.000000
3808.000000
3276.000000
4019.000000
3456.000000
2073.000000
3427.000000
2881.000000
2067.000000
1760.000000
1623.000000
1873.000000
2632.000000
2125.000000
922.000000
551.000000
1956.000000
1976.000000
2005.000000
1928.000000
1727.000000
2175.000000
2838.000000
2574.000000
2517.000000
2027.000000
2378.000000
2070.000000
856.000000
645.000000
835.000000
998.000000
2159.000000
809.000000
1878.000000
989.000000
1685.000000
1797.000000
2171.000000
1465.000000
2991.000000
1886.000000
3825.000000
3740.000000
3809.000000
3455.000000
3216.000000
3096.000000
1648.000000
1902.000000
2626.000000
2391.000000
1360.000000
1852.000000
1796.000000
1956.000000
1863.000000
688.000000
630.000000
1791.000000
1856.000000
1876.000000
1817.000000
1544.000000
2416.000000
2896.000000
2460.000000
1957.000000
2254.000000
2221.000000
1417.000000
1927.000000
469.000000
1098.000000
1662.000000
1398.000000
1506.000000
2600.000000
596.000000
1172.000000
1008.000000
2678.000000
1905.000000
3265.000000
1901.000000
3622.000000
3194.000000
3562.000000
3336.000000
3364.000000
4334.000000
3500.000000
3053.000000
3105.000000
2002.000000
1422.000000
1175.000000
2165.000000
1913.000000
1260.000000
990.000000
441.000000
1711.000000
1734.000000
1604.000000
1429.000000
1692.000000
2553.000000
2717.000000
2433.000000
1919.000000
2459.000000
2088.000000
856.000000
2450.000000
570.000000
874.000000
979.000000
738.000000
2479.000000
2567.000000
586.000000
603.000000
1099.000000
2226.000000
1925.000000
3593.000000
2011.000000
3676.000000
2298.000000
3422.000000
3438.000000
3123.000000
3216.000000
3337.000000
2314.000000
2269.000000
1615.000000
1369.000000
1719.000000
1730.000000
1720.000000
987.000000
727.000000
527.000000
1789.000000
1670.000000
1673.000000
1563.000000
2142.000000
2592.000000
2493.000000
1963.000000
2113.000000
2529.000000
1833.000000
713.000000
2447.000000
573.000000
981.000000
1125.000000
1605.000000
1709.000000
2228.000000
2172.000000
1586.000000
2116.000000
2032.000000
1731.000000
3106.000000
2494.000000
3987.000000
1646.000000
3224.000000
3478.000000
3258.000000
2675.000000
2688.000000
1805.000000
2165.000000
1531.000000
1329.000000
1467.000000
851.000000
1140.000000
1080.000000
562.000000
882.000000
1536.000000
1674.000000
1851.000000
2604.000000
2491.000000
2477.000000
2226.000000
1633.000000
2400.000000
2315.000000
1512.000000
758.000000
2438.000000
1512.000000
802.000000
1535.000000
1290.000000
2679.000000
1370.000000
1853.000000
1688.000000
1654.000000
1958.000000
2095.000000
3456.000000
2758.000000
4043.000000
2113.000000
2581.000000
3353.000000
3378.000000
2715.000000
2235.000000
2048.000000
1624.000000
1416.000000
1358.000000
454.000000
776.000000
1233.000000
896.000000
664.000000
885.000000
1768.000000
1668.000000
2065.000000
2200.000000
2572.000000
2311.000000
1536.000000
1847.000000
2544.000000
1893.000000
736.000000
637.000000
2491.000000
1374.000000
931.000000
1718.000000
1563.000000
2927.000000
1953.000000
1829.000000
1462.000000
1512.000000
2900.000000
3063.000000
2878.000000
3022.000000
3020.000000
614.000000
1308.000000
2888.000000
3424.000000
2936.000000
2473.000000
2039.000000
1712.000000
1133.000000
1208.000000
422.000000
747.000000
734.000000
690.000000
421.000000
711.000000
1681.000000
623.000000
836.000000
179.000000
2851.000000
1940.000000
1507.000000
2261.000000
2304.000000
1450.000000
360.000000
740.000000
2250.000000
2139.000000
844.000000
1480.000000
2466.000000
3008.000000
2147.000000
2057.000000
2397.000000
2164.000000
2732.000000
2424.000000
2301.000000
1088.000000
327.000000
1542.000000
2034.000000
2593.000000
3192.000000
3103.000000
2696.000000
2169.000000
1512.000000
997.000000
1065.000000
594.000000
1073.000000
1053.000000
829.000000
577.000000
641.000000
1177.000000
1549.000000
1763.000000
87.000000
2625.000000
2383.000000
2400.000000
2361.000000
1936.000000
1159.000000
872.000000
900.000000
1756.000000
2303.000000
1460.000000
1237.000000
1705.000000
2464.000000
2518.000000
2228.000000
3567.000000
3301.000000
3666.000000
1767.000000
1367.000000
1138.000000
1958.000000
730.000000
2614.000000
2385.000000
2661.000000
2880.000000
2727.000000
2073.000000
1320.000000
666.000000
1129.000000
979.000000
1396.000000
1082.000000
801.000000
628.000000
479.000000
2316.000000
2403.000000
410.000000
669.000000
2766.000000
2204.000000
2455.000000
2288.000000
1730.000000
818.000000
321.000000
1034.000000
1065.000000
2497.000000
1427.000000
1276.000000
2226.000000
2040.000000
2694.000000
3707.000000
3204.000000
2579.000000
1216.000000
1613.000000
1296.000000
2093.000000
3529.000000
1827.000000
2647.000000
1963.000000
2522.000000
2837.000000
2518.000000
1735.000000
1586.000000
991.000000
1149.000000
1177.000000
909.000000
860.000000
693.000000
532.000000
439.000000
1843.000000
219.000000
54.000000
1884.000000
2666.000000
2495.000000
2396.000000
2228.000000
1633.000000
729.000000
522.000000
932.000000
1175.000000
2562.000000
1243.000000
1213.000000
2363.000000
2731.000000
2822.000000
2755.000000
1254.000000
1104.000000
1379.000000
1174.000000
1743.000000
2656.000000
3215.000000
2982.000000
2550.000000
2692.000000
2331.000000
2703.000000
2586.000000
1593.000000
1809.000000
1210.000000
1030.000000
1415.000000
1069.000000
751.000000
438.000000
508.000000
474.000000
164.000000
20.000000
86.000000
1953.000000
2822.000000
2662.000000
2563.000000
2183.000000
1617.000000
458.000000
632.000000
894.000000
1291.000000
2321.000000
1727.000000
1093.000000
3496.000000
2671.000000
2586.000000
1109.000000
1271.000000
1205.000000
1183.000000
1779.000000
2784.000000
2079.000000
3557.000000
4037.000000
4010.000000
3943.000000
3744.000000
2759.000000
2602.000000
1311.000000
1653.000000
1265.000000
1146.000000
975.000000
1035.000000
652.000000
522.000000
410.000000
742.000000
569.000000
289.000000
348.000000
454.000000
2797.000000
2300.000000
2331.000000
1714.000000
1514.000000
691.000000
1051.000000
1255.000000
1337.000000
1655.000000
2391.000000
1271.000000
3064.000000
2924.000000
1838.000000
1227.000000
1046.000000
1031.000000
1646.000000
2440.000000
2706.000000
3255.000000
3219.000000
3821.000000
3958.000000
3798.000000
3953.000000
3458.000000
2988.000000
1162.000000
1299.000000
1270.000000
1104.000000
867.000000
826.000000
595.000000
586.000000
544.000000
992.000000
817.000000
658.000000
817.000000
715.000000
2670.000000
2690.000000
2041.000000
1794.000000
2268.000000
835.000000
1408.000000
965.000000
1578.000000
1338.000000
2501.000000
1173.000000
817.000000
2653.000000
2137.000000
1411.000000
1176.000000
1912.000000
2314.000000
3011.000000
2552.000000
2938.000000
2935.000000
3660.000000
3101.000000
3347.000000
3588.000000
3085.000000
2531.000000
1586.000000
851.000000
1294.000000
957.000000
928.000000
1383.000000
841.000000
754.000000
945.000000
1287.000000
1322.000000
745.000000
765.000000
647.000000
2360.000000
2353.000000
1828.000000
1751.000000
2081.000000
1363.000000
1575.000000
1723.000000
1711.000000
1626.000000
1965.000000
2127.000000
997.000000
2255.000000
1105.000000
2578.000000
1606.000000
2179.000000
2826.000000
2650.000000
2757.000000
2703.000000
2612.000000
2636.000000
2626.000000
3295.000000
2899.000000
2770.000000
2186.000000
1655.000000
989.000000
912.000000
793.000000
933.000000
1573.000000
1800.000000
1513.000000
1441.000000
2410.000000
842.000000
654.000000
948.000000
886.000000
1640.000000
2107.000000
1933.000000
1738.000000
2913.000000
2517.000000
1159.000000
1586.000000
1700.000000
1759.000000
1606.000000
2276.000000
869.000000
1240.000000
980.000000
2149.000000
2253.000000
2613.000000
2894.000000
1479.000000
1763.000000
2582.000000
2525.000000
2957.000000
3068.000000
3088.000000
3425.000000
2687.000000
1944.000000
1476.000000
862.000000
688.000000
728.000000
997.000000
1236.000000
2538.000000
2361.000000
2215.000000
2445.000000
1022.000000
861.000000
1184.000000
1075.000000
1040.000000
1850.000000
2043.000000
1687.000000
2595.000000
2759.000000
2656.000000
1684.000000
1483.000000
1740.000000
1508.000000
1028.000000
894.000000
959.000000
1610.000000
1778.000000
2416.000000
2988.000000
1504.000000
1543.000000
1540.000000
1680.000000
2349.000000
3542.000000
3117.000000
4021.000000
3946.000000
3906.000000
3638.000000
2889.000000
1133.000000
988.000000
964.000000
681.000000
1966.000000
3588.000000
3003.000000
2563.000000
1952.000000
1054.000000
974.000000
1036.000000
1103.000000
1017.000000
2040.000000
2025.000000
1967.000000
2449.000000
3406.000000
2715.000000
1477.000000
1490.000000
1603.000000
1173.000000
1303.000000
890.000000
1428.000000
1766.000000
2550.000000
3480.000000
2578.000000
2812.000000
3019.000000
3096.000000
3138.000000
3502.000000
2412.000000
3975.000000
4206.000000
4195.000000
3902.000000
3633.000000
3324.000000
1873.000000
1598.000000
857.000000
356.000000
2146.000000
3911.000000
2919.000000
2333.000000
1423.000000
1121.000000
982.000000
908.000000
1093.000000
794.000000
2070.000000
1971.000000
1940.000000
2834.000000
2851.000000
3192.000000
1512.000000
1697.000000
1576.000000
1053.000000
1292.000000
1045.000000
1528.000000
1986.000000
2517.000000
3361.000000
2896.000000
2710.000000
3568.000000
3460.000000
3130.000000
2978.000000
3445.000000
3962.000000
3962.000000
4013.000000
3794.000000
3416.000000
3036.000000
2162.000000
2143.000000
712.000000
458.000000
2001.000000
3839.000000
3013.000000
1849.000000
1117.000000
785.000000
769.000000
974.000000
881.000000
641.000000
2580.000000
2378.000000
2629.000000
2264.000000
2417.000000
3015.000000
1149.000000
1618.000000
1309.000000
1130.000000
1052.000000
