3516.000000
3408.000000
3362.000000
3511.000000
3380.000000
3182.000000
3671.000000
3844.000000
3549.000000
3612.000000
4027.000000
4004.000000
4027.000000
3771.000000
3424.000000
3179.000000
3117.000000
2747.000000
1473.000000
1858.000000
3128.000000
3273.000000
3327.000000
3612.000000
3772.000000
3940.000000
4046.000000
3844.000000
3362.000000
3175.000000
1802.000000
1545.000000
1200.000000
1853.000000
2775.000000
3306.000000
3495.000000
3659.000000
3533.000000
4061.000000
3941.000000
3362.000000
2958.000000
974.000000
2071.000000
1967.000000
1978.000000
2775.000000
3249.000000
3250.000000
3498.000000
3594.000000
3653.000000
3715.000000
3294.000000
2279.000000
1457.000000
1566.000000
1995.000000
2289.000000
2985.000000
3190.000000
3184.000000
3265.000000
2727.000000
2841.000000
2994.000000
3004.000000
1613.000000
1636.000000
1892.000000
1650.000000
2235.000000
2835.000000
3072.000000
2685.000000
1739.000000
1416.000000
1838.000000
1418.000000
1926.000000
1044.000000
1940.000000
1210.000000
1002.000000
2131.000000
2320.000000
1286.000000
1217.000000
1313.000000
1176.000000
1465.000000
1126.000000
1282.000000
707.000000
1908.000000
792.000000
1327.000000
2315.000000
2036.000000
1330.000000
1180.000000
1234.000000
1444.000000
893.000000
866.000000
1153.000000
937.000000
1730.000000
1035.000000
2035.000000
2407.000000
2038.000000
1114.000000
852.000000
798.000000
922.000000
595.000000
548.000000
1189.000000
1341.000000
1649.000000
1495.000000
2755.000000
2421.000000
1719.000000
1294.000000
1410.000000
1129.000000
959.000000
566.000000
414.000000
1328.000000
1355.000000
1750.000000
1712.000000
1881.000000
1914.000000
1388.000000
1203.000000
1848.000000
1412.000000
1136.000000
1175.000000
1082.000000
1244.000000
1482.000000
1278.000000
1293.000000
1358.000000
1480.000000
1314.000000
1618.000000
2027.000000
2017.000000
1910.000000
1377.000000
1532.000000
1229.000000
1503.000000
1236.000000
1423.000000
1602.000000
2149.000000
1532.000000
2063.000000
2628.000000
2305.000000
1038.000000
