5359.000000
5464.000000
5352.000000
5165.000000
5204.000000
5338.000000
5210.000000
4736.000000
4820.000000
5198.000000
5196.000000
5116.000000
5109.000000
5054.000000
5062.000000
5303.000000
5421.000000
5285.000000
5111.000000
5160.000000
5292.000000
4853.000000
4268.000000
4584.000000
4762.000000
5164.000000
5161.000000
5110.000000
5002.000000
4980.000000
5233.000000
5351.000000
5245.000000
5139.000000
5227.000000
5301.000000
4873.000000
5590.000000
6316.000000
4691.000000
5278.000000
5322.000000
5295.000000
5144.000000
4994.000000
5161.000000
5386.000000
5314.000000
5204.000000
5196.000000
5356.000000
4994.000000
7373.000000
9385.000000
6154.000000
5221.000000
5383.000000
5373.000000
5253.000000
5153.000000
5069.000000
5318.000000
5208.000000
5136.000000
5124.000000
4963.000000
5503.000000
8510.000000
10060.000000
8107.000000
5746.000000
5584.000000
5506.000000
5318.000000
5239.000000
4932.000000
5028.000000
5445.000000
5855.000000
5338.000000
4578.000000
6340.000000
9428.000000
10153.000000
9856.000000
7431.000000
6817.000000
6672.000000
5594.000000
5108.000000
4768.000000
4736.000000
5462.000000
6066.000000
5284.000000
4799.000000
7300.000000
9623.000000
10235.000000
10403.000000
8464.000000
6762.000000
6651.000000
5416.000000
4999.000000
4801.000000
4781.000000
5482.000000
5608.000000
4913.000000
5904.000000
8030.000000
9599.000000
10182.000000
10388.000000
7915.000000
5266.000000
5467.000000
5159.000000
4828.000000
4942.000000
4960.000000
4980.000000
4944.000000
4865.000000
6503.000000
8497.000000
9513.000000
10097.000000
10482.000000
7473.000000
4673.000000
4858.000000
4899.000000
4912.000000
4834.000000
4901.000000
4985.000000
4980.000000
4851.000000
6602.000000
9046.000000
9543.000000
9883.000000
10441.000000
7257.000000
4744.000000
4895.000000
4940.000000
4947.000000
4692.000000
4801.000000
4901.000000
4997.000000
4864.000000
6531.000000
9538.000000
9798.000000
9853.000000
10346.000000
7043.000000
4811.000000
4927.000000
4963.000000
4949.000000
4882.000000
4786.000000
4893.000000
4970.000000
4876.000000
6058.000000
9302.000000
9762.000000
9934.000000
9532.000000
6389.000000
4914.000000
5023.000000
5040.000000
4998.000000
5703.000000
5110.000000
5100.000000
5447.000000
5341.000000
5393.000000
7967.000000
8589.000000
8990.000000
8401.000000
5995.000000
5727.000000
5868.000000
6002.000000
6041.000000
6737.000000
6108.000000
6326.000000
6907.000000
6797.000000
6657.000000
7671.000000
7949.000000
8485.000000
8410.000000
7517.000000
7609.000000
7732.000000
7872.000000
7991.000000
