2678.000000
2687.000000
2697.000000
2666.000000
2648.000000
4128.000000
4060.000000
3106.000000
2959.000000
3001.000000
3045.000000
3073.000000
3029.000000
3046.000000
3076.000000
3147.000000
3207.000000
3346.000000
3456.000000
3478.000000
3497.000000
3497.000000
3377.000000
3216.000000
3081.000000
3098.000000
2548.000000
2566.000000
2606.000000
2542.000000
4340.000000
3469.000000
3753.000000
3944.000000
2948.000000
3066.000000
3187.000000
3143.000000
3110.000000
3157.000000
3157.000000
3259.000000
3213.000000
3316.000000
3413.000000
3503.000000
3454.000000
3484.000000
3364.000000
3186.000000
3053.000000
3053.000000
2486.000000
2516.000000
2443.000000
3789.000000
4181.000000
3261.000000
3924.000000
3431.000000
3927.000000
3279.000000
3278.000000
3286.000000
3205.000000
3234.000000
3321.000000
3259.000000
3233.000000
3342.000000
3432.000000
3493.000000
3478.000000
3449.000000
3391.000000
3247.000000
3048.000000
3057.000000
2430.000000
2967.000000
3067.000000
4450.000000
5073.000000
5121.000000
4851.000000
4626.000000
4313.000000
3413.000000
3354.000000
3362.000000
3316.000000
3322.000000
3368.000000
3280.000000
3248.000000
3257.000000
3404.000000
3467.000000
3518.000000
3474.000000
3413.000000
3279.000000
3107.000000
3099.000000
2360.000000
2499.000000
2603.000000
3503.000000
4917.000000
2433.000000
3925.000000
3844.000000
4509.000000
3892.000000
3354.000000
3420.000000
3372.000000
3373.000000
3354.000000
3324.000000
3252.000000
3269.000000
3349.000000
3378.000000
3457.000000
3413.000000
3335.000000
3238.000000
3106.000000
3117.000000
2286.000000
2452.000000
2525.000000
4785.000000
5083.000000
4348.000000
5037.000000
3703.000000
3754.000000
3773.000000
3576.000000
3452.000000
3458.000000
3463.000000
3424.000000
3376.000000
3299.000000
3324.000000
3324.000000
3327.000000
3286.000000
3293.000000
3231.000000
3228.000000
3220.000000
3099.000000
2593.000000
2503.000000
2544.000000
3002.000000
5274.000000
4867.000000
4281.000000
5170.000000
4192.000000
4047.000000
3474.000000
3511.000000
3479.000000
3463.000000
3463.000000
3395.000000
3354.000000
3324.000000
3300.000000
3270.000000
3234.000000
3214.000000
3152.000000
3252.000000
3250.000000
3110.000000
2611.000000
2604.000000
2592.000000
4686.000000
5854.000000
3825.000000
3761.000000
4501.000000
3378.000000
3066.000000
2951.000000
3149.000000
3485.000000
3513.000000
3455.000000
3414.000000
3354.000000
3264.000000
3248.000000
3243.000000
3231.000000
3210.000000
3169.000000
3212.000000
3185.000000
3093.000000
2781.000000
2567.000000
2509.000000
5254.000000
5059.000000
4548.000000
4062.000000
3914.000000
3708.000000
3345.000000
3043.000000
2682.000000
2839.000000
3515.000000
3401.000000
3403.000000
3358.000000
3264.000000
3204.000000
3198.000000
3146.000000
3205.000000
3199.000000
3176.000000
3161.000000
3207.000000
2648.000000
2478.000000
2593.000000
5802.000000
4857.000000
4452.000000
2934.000000
3270.000000
3231.000000
3706.000000
2985.000000
3103.000000
2714.000000
2949.000000
3378.000000
3387.000000
3362.000000
3234.000000
3193.000000
3168.000000
3146.000000
3096.000000
3130.000000
3140.000000
3191.000000
5623.000000
2459.000000
2581.000000
2690.000000
5835.000000
6508.000000
3292.000000
4530.000000
2609.000000
1945.000000
3052.000000
3147.000000
2960.000000
3470.000000
2265.000000
3018.000000
3320.000000
3356.000000
3264.000000
3202.000000
3146.000000
3134.000000
3074.000000
3044.000000
3046.000000
3155.000000
7288.000000
2610.000000
2682.000000
2762.000000
5719.000000
4295.000000
4952.000000
5016.000000
3300.000000
2399.000000
1769.000000
2351.000000
2595.000000
3036.000000
2832.000000
2883.000000
1619.000000
3319.000000
3220.000000
3178.000000
3096.000000
3018.000000
2947.000000
2969.000000
2954.000000
4604.000000
6557.000000
2785.000000
2912.000000
2837.000000
4210.000000
4783.000000
4503.000000
5474.000000
4889.000000
1260.000000
1677.000000
2965.000000
3861.000000
2988.000000
1705.000000
3494.000000
3171.000000
3648.000000
3166.000000
3092.000000
2963.000000
2910.000000
2895.000000
2865.000000
3041.000000
6733.000000
4754.000000
2874.000000
3081.000000
2969.000000
3051.000000
5025.000000
3462.000000
3220.000000
5343.000000
3123.000000
3687.000000
2602.000000
1904.000000
3224.000000
1300.000000
3737.000000
2051.000000
1465.000000
2912.000000
3048.000000
2828.000000
2744.000000
2774.000000
2795.000000
4042.000000
6414.000000
3289.000000
7019.000000
5257.000000
3206.000000
3157.000000
4787.000000
4859.000000
5463.000000
4459.000000
2429.000000
1577.000000
1545.000000
2201.000000
1698.000000
1967.000000
2504.000000
1289.000000
3118.000000
931.000000
3687.000000
2806.000000
2678.000000
2661.000000
2721.000000
6866.000000
5225.000000
3036.000000
5896.000000
5615.000000
4453.000000
3311.000000
5264.000000
4889.000000
3639.000000
4958.000000
5586.000000
1848.000000
3322.000000
3264.000000
4551.000000
3233.000000
1519.000000
2526.000000
1272.000000
2428.000000
876.000000
3071.000000
2629.000000
2530.000000
3148.000000
6561.000000
3302.000000
2928.000000
6429.000000
6995.000000
7342.000000
3641.000000
3417.000000
4841.000000
5147.000000
4381.000000
5013.000000
4509.000000
3231.000000
2352.000000
1336.000000
2191.000000
2364.000000
1778.000000
1677.000000
4499.000000
3405.000000
2643.000000
2579.000000
2420.000000
7148.000000
5413.000000
2821.000000
2844.000000
6051.000000
6306.000000
6576.000000
6334.000000
4075.000000
4422.000000
4638.000000
4770.000000
4231.000000
4292.000000
4381.000000
3956.000000
1738.000000
1719.000000
2159.000000
3501.000000
4502.000000
1435.000000
1606.000000
2151.000000
2955.000000
3408.000000
6790.000000
3030.000000
2707.000000
2763.000000
5770.000000
5812.000000
5964.000000
6852.000000
5497.000000
5061.000000
4077.000000
4598.000000
4425.000000
4433.000000
4857.000000
3656.000000
2679.000000
2183.000000
1927.000000
2179.000000
3708.000000
2599.000000
3637.000000
1037.000000
95.000000
6376.000000
5473.000000
2467.000000
2483.000000
2695.000000
4367.000000
5048.000000
5088.000000
6241.000000
6126.000000
6746.000000
5112.000000
3756.000000
4061.000000
4590.000000
3050.000000
3599.000000
3411.000000
2838.000000
2857.000000
4066.000000
4238.000000
4551.000000
4346.000000
2003.000000
1545.000000
3413.000000
3195.000000
2273.000000
2331.000000
2569.000000
3602.000000
5108.000000
4826.000000
5604.000000
5874.000000
6548.000000
6039.000000
2795.000000
2687.000000
3803.000000
4052.000000
4068.000000
3615.000000
2828.000000
3610.000000
3543.000000
3392.000000
3090.000000
2856.000000
2566.000000
7091.000000
1937.000000
3547.000000
1930.000000
2412.000000
2515.000000
3216.000000
3998.000000
5064.000000
4191.000000
6705.000000
6230.000000
2094.000000
3880.000000
765.000000
4139.000000
3816.000000
2008.000000
4057.000000
4108.000000
3679.000000
3594.000000
3455.000000
3180.000000
2802.000000
2558.000000
6652.000000
2624.000000
4094.000000
3370.000000
2962.000000
2621.000000
3401.000000
3311.000000
3311.000000
4755.000000
4302.000000
4414.000000
5744.000000
2787.000000
5129.000000
2124.000000
1707.000000
3155.000000
3866.000000
3815.000000
3775.000000
3659.000000
3455.000000
3226.000000
2904.000000
6602.000000
4981.000000
2135.000000
2071.000000
2261.000000
3197.000000
2507.000000
3284.000000
3370.000000
3370.000000
4704.000000
4775.000000
3915.000000
5807.000000
5458.000000
5759.000000
2471.000000
1266.000000
3906.000000
3926.000000
3896.000000
3831.000000
3785.000000
3647.000000
3383.000000
3106.000000
5934.000000
2745.000000
2267.000000
2210.000000
2298.000000
2517.000000
3451.000000
3174.000000
3256.000000
3323.000000
3374.000000
2993.000000
4286.000000
5274.000000
4807.000000
2022.000000
2013.000000
6426.000000
3615.000000
4086.000000
4032.000000
3905.000000
3826.000000
3664.000000
3427.000000
5887.000000
4985.000000
2577.000000
2456.000000
2357.000000
2331.000000
2570.000000
2739.000000
3025.000000
3115.000000
3115.000000
3280.000000
3259.000000
3157.000000
4637.000000
2360.000000
4629.000000
4543.000000
5392.000000
6346.000000
5359.000000
3913.000000
3844.000000
3758.000000
3597.000000
3466.000000
5720.000000
3640.000000
2584.000000
2486.000000
2385.000000
2439.000000
2654.000000
2788.000000
