3938.000000
3877.000000
4113.000000
4135.000000
4089.000000
4298.000000
3997.000000
3677.000000
3861.000000
4327.000000
3793.000000
4331.000000
4286.000000
3913.000000
4037.000000
3906.000000
4278.000000
4213.000000
4288.000000
4243.000000
4091.000000
4053.000000
3977.000000
3893.000000
3806.000000
4096.000000
4139.000000
4195.000000
4279.000000
4026.000000
3925.000000
3941.000000
4160.000000
4100.000000
4299.000000
4299.000000
4241.000000
3640.000000
4296.000000
4149.000000
3976.000000
4077.000000
4316.000000
4169.000000
4218.000000
4257.000000
4207.000000
4157.000000
3981.000000
3895.000000
4033.000000
4022.000000
4005.000000
3554.000000
4132.000000
4132.000000
3883.000000
3998.000000
4009.000000
4198.000000
3828.000000
3858.000000
4009.000000
4177.000000
3887.000000
4126.000000
4040.000000
3834.000000
4257.000000
3952.000000
4164.000000
4182.000000
4215.000000
3849.000000
3733.000000
3902.000000
3669.000000
4088.000000
4036.000000
3751.000000
4516.000000
3802.000000
3754.000000
3762.000000
4157.000000
3537.000000
3619.000000
4182.000000
3742.000000
3677.000000
4396.000000
3785.000000
3737.000000
4424.000000
4035.000000
3963.000000
3583.000000
3897.000000
3731.000000
4164.000000
3879.000000
4138.000000
3721.000000
3885.000000
3829.000000
4004.000000
3815.000000
4206.000000
4015.000000
4354.000000
3932.000000
3659.000000
3434.000000
3894.000000
3451.000000
4086.000000
3841.000000
4031.000000
4153.000000
4120.000000
3922.000000
3419.000000
2989.000000
3118.000000
3156.000000
2946.000000
3592.000000
3652.000000
3782.000000
3782.000000
3680.000000
3191.000000
3070.000000
3513.000000
3227.000000
2784.000000
3529.000000
3712.000000
3843.000000
3713.000000
3562.000000
3602.000000
4105.000000
3462.000000
3516.000000
3475.000000
3905.000000
4006.000000
3746.000000
2741.000000
3668.000000
3219.000000
3595.000000
2254.000000
3902.000000
3743.000000
3188.000000
3081.000000
2924.000000
3793.000000
2521.000000
3276.000000
3188.000000
4165.000000
1148.000000
3031.000000
2298.000000
3831.000000
4043.000000
3976.000000
3499.000000
3673.000000
3900.000000
3846.000000
3728.000000
3533.000000
3756.000000
3766.000000
791.000000
1508.000000
2298.000000
2520.000000
3300.000000
1781.000000
2418.000000
2437.000000
2894.000000
3481.000000
3054.000000
2490.000000
2967.000000
4086.000000
3377.000000
3771.000000
3539.000000
3146.000000
3629.000000
3381.000000
4135.000000
3528.000000
3349.000000
4144.000000
3546.000000
3329.000000
3357.000000
3706.000000
3636.000000
1594.000000
1059.000000
1546.000000
3182.000000
3170.000000
2572.000000
1068.000000
2013.000000
2663.000000
2823.000000
1895.000000
2950.000000
2422.000000
4436.000000
2863.000000
3036.000000
2961.000000
3244.000000
2690.000000
3658.000000
3202.000000
2482.000000
2272.000000
3212.000000
3220.000000
3708.000000
3840.000000
3365.000000
2059.000000
3278.000000
1680.000000
1222.000000
1838.000000
3043.000000
3261.000000
3577.000000
3289.000000
2968.000000
2889.000000
3266.000000
1715.000000
1416.000000
3156.000000
3167.000000
3273.000000
2286.000000
3390.000000
3864.000000
3289.000000
3416.000000
3271.000000
3333.000000
3542.000000
3480.000000
1342.000000
2865.000000
2813.000000
2394.000000
3542.000000
2043.000000
3055.000000
3340.000000
3270.000000
3232.000000
3140.000000
3105.000000
3311.000000
3378.000000
1642.000000
2750.000000
3650.000000
3579.000000
3649.000000
3554.000000
3493.000000
3661.000000
3344.000000
3324.000000
3506.000000
3340.000000
3306.000000
3631.000000
3337.000000
3236.000000
3074.000000
2967.000000
4284.000000
2927.000000
2940.000000
3177.000000
3681.000000
2851.000000
2978.000000
2759.000000
3041.000000
3162.000000
3066.000000
3365.000000
3829.000000
3618.000000
3356.000000
3743.000000
3452.000000
3405.000000
3144.000000
3453.000000
3482.000000
2781.000000
3570.000000
3609.000000
3421.000000
3335.000000
2730.000000
3120.000000
2516.000000
1520.000000
2788.000000
1497.000000
1855.000000
2931.000000
3394.000000
3255.000000
2532.000000
2775.000000
2782.000000
2155.000000
1776.000000
2353.000000
3821.000000
3233.000000
2789.000000
3403.000000
3363.000000
3381.000000
3418.000000
3545.000000
3361.000000
3595.000000
3411.000000
3146.000000
3630.000000
3232.000000
3558.000000
3304.000000
2977.000000
3083.000000
3249.000000
3380.000000
3383.000000
3526.000000
3416.000000
3886.000000
3342.000000
3287.000000
3073.000000
3736.000000
3371.000000
3447.000000
3380.000000
3480.000000
3115.000000
3691.000000
3929.000000
3666.000000
4004.000000
3159.000000
3250.000000
3484.000000
3423.000000
3554.000000
3322.000000
3004.000000
3270.000000
3253.000000
3770.000000
3422.000000
3271.000000
3602.000000
3502.000000
3299.000000
3129.000000
3295.000000
3144.000000
3284.000000
3297.000000
3397.000000
3269.000000
3063.000000
3740.000000
3535.000000
3359.000000
3296.000000
3492.000000
3586.000000
3636.000000
3058.000000
3260.000000
2990.000000
3226.000000
