1350.000000
990.000000
2475.000000
1717.000000
1758.000000
5183.000000
7632.000000
3876.000000
2459.000000
1509.000000
823.000000
1537.000000
2368.000000
2186.000000
2944.000000
4731.000000
4570.000000
1658.000000
3395.000000
1200.000000
1455.000000
812.000000
10.000000
15.000000
89.000000
7182.000000
7469.000000
2423.000000
1667.000000
751.000000
3144.000000
3057.000000
1624.000000
1748.000000
1434.000000
1628.000000
2454.000000
2008.000000
2140.000000
1598.000000
771.000000
329.000000
271.000000
1538.000000
6249.000000
7401.000000
2951.000000
3305.000000
3254.000000
4725.000000
2764.000000
2213.000000
842.000000
2657.000000
2463.000000
900.000000
1325.000000
2371.000000
4082.000000
2982.000000
4870.000000
4431.000000
5190.000000
2583.000000
4342.000000
3397.000000
2925.000000
5780.000000
3204.000000
4215.000000
2785.000000
1549.000000
3340.000000
4032.000000
4005.000000
7326.000000
3405.000000
3570.000000
3228.000000
2185.000000
4133.000000
971.000000
795.000000
3270.000000
2443.000000
3043.000000
2934.000000
3112.000000
5817.000000
1955.000000
3345.000000
4686.000000
6232.000000
4874.000000
2160.000000
3698.000000
3627.000000
3719.000000
3589.000000
2923.000000
3940.000000
2289.000000
4104.000000
3741.000000
2019.000000
3421.000000
3916.000000
5381.000000
3854.000000
2812.000000
4820.000000
2563.000000
1972.000000
4213.000000
2937.000000
1230.000000
4195.000000
3294.000000
3802.000000
3766.000000
3197.000000
3104.000000
719.000000
1904.000000
2173.000000
1194.000000
2252.000000
5925.000000
7496.000000
4550.000000
5952.000000
4108.000000
5031.000000
255.000000
594.000000
4797.000000
3427.000000
2664.000000
3631.000000
5126.000000
7695.000000
6481.000000
6460.000000
5891.000000
6254.000000
6708.000000
2435.000000
3554.000000
3258.000000
1016.000000
551.000000
573.000000
1757.000000
2060.000000
3757.000000
1346.000000
4716.000000
7951.000000
5158.000000
4125.000000
4342.000000
6714.000000
6518.000000
5903.000000
4869.000000
3834.000000
139.000000
318.000000
867.000000
116.000000
128.000000
