5102.000000
8853.000000
7070.000000
3799.000000
5701.000000
5199.000000
5179.000000
2699.000000
3621.000000
6381.000000
7472.000000
6059.000000
7830.000000
5398.000000
7716.000000
8308.000000
2459.000000
4672.000000
5824.000000
5170.000000
3182.000000
5847.000000
7056.000000
6840.000000
6538.000000
7032.000000
8321.000000
8068.000000
9356.000000
3020.000000
3007.000000
6006.000000
4258.000000
6661.000000
7174.000000
8120.000000
6030.000000
5870.000000
5763.000000
9145.000000
9237.000000
9660.000000
3684.000000
3264.000000
6771.000000
3521.000000
6333.000000
4647.000000
7263.000000
7499.000000
7380.000000
6008.000000
8196.000000
8566.000000
9741.000000
5971.000000
3026.000000
6136.000000
4992.000000
4569.000000
6132.000000
4436.000000
6365.000000
6958.000000
6712.000000
9268.000000
9022.000000
7759.000000
8261.000000
3159.000000
6693.000000
6325.000000
4075.000000
5763.000000
7876.000000
7304.000000
4452.000000
4260.000000
4737.000000
6305.000000
8122.000000
6452.000000
6211.000000
6652.000000
6783.000000
8396.000000
4339.000000
6287.000000
4337.000000
8526.000000
5508.000000
6015.000000
7425.000000
5401.000000
5299.000000
5723.000000
5592.000000
7127.000000
4171.000000
7041.000000
4062.000000
5182.000000
4765.000000
4438.000000
7006.000000
5852.000000
4850.000000
6610.000000
6521.000000
4601.000000
6065.000000
5186.000000
4282.000000
5717.000000
6288.000000
4116.000000
3918.000000
6439.000000
7429.000000
8019.000000
3997.000000
6865.000000
3166.000000
5856.000000
7144.000000
6341.000000
3554.000000
7105.000000
5272.000000
4436.000000
4550.000000
5470.000000
5974.000000
3025.000000
1805.000000
6748.000000
7162.000000
4001.000000
3606.000000
2657.000000
3590.000000
6324.000000
7236.000000
6145.000000
5036.000000
4568.000000
5968.000000
4003.000000
6526.000000
6703.000000
5399.000000
6083.000000
5097.000000
6876.000000
4394.000000
4874.000000
5128.000000
6894.000000
6762.000000
6394.000000
6083.000000
5356.000000
5528.000000
6977.000000
9206.000000
9757.000000
8902.000000
6925.000000
5773.000000
