5632.000000
6049.000000
6022.000000
6432.000000
6601.000000
6598.000000
6533.000000
6515.000000
6481.000000
6442.000000
6455.000000
6348.000000
6064.000000
6474.000000
6307.000000
6618.000000
6702.000000
6716.000000
6507.000000
6590.000000
6659.000000
6535.000000
6517.000000
6500.000000
6396.000000
6333.000000
6643.000000
6054.000000
2340.000000
4052.000000
2323.000000
6366.000000
5142.000000
6877.000000
6816.000000
6735.000000
2977.000000
3303.000000
4193.000000
3560.000000
3835.000000
2901.000000
2568.000000
2636.000000
4759.000000
4513.000000
4075.000000
4188.000000
2637.000000
2882.000000
3574.000000
3303.000000
2773.000000
1813.000000
2062.000000
1492.000000
2401.000000
2413.000000
3296.000000
3397.000000
2848.000000
2818.000000
2534.000000
2778.000000
2779.000000
2339.000000
1406.000000
2073.000000
1658.000000
1607.000000
2869.000000
2873.000000
2480.000000
2789.000000
2407.000000
2831.000000
1301.000000
1067.000000
330.000000
1731.000000
1175.000000
1338.000000
2152.000000
2213.000000
2087.000000
2700.000000
2874.000000
2631.000000
2497.000000
1660.000000
3049.000000
2353.000000
1288.000000
914.000000
2635.000000
2289.000000
2349.000000
2109.000000
1613.000000
2062.000000
1265.000000
2290.000000
2818.000000
2422.000000
2628.000000
2543.000000
2784.000000
2052.000000
2986.000000
3182.000000
3272.000000
3841.000000
3900.000000
2623.000000
4184.000000
1808.000000
3094.000000
3975.000000
2663.000000
3898.000000
3162.000000
3755.000000
4155.000000
4027.000000
4390.000000
1711.000000
4133.000000
1955.000000
3964.000000
4251.000000
1986.000000
3949.000000
3131.000000
3639.000000
4105.000000
4347.000000
4522.000000
4248.000000
4567.000000
4269.000000
4306.000000
4199.000000
4280.000000
3640.000000
