7911.000000
7159.000000
5950.000000
4380.000000
4863.000000
7065.000000
7875.000000
7278.000000
6116.000000
7261.000000
7996.000000
7732.000000
7420.000000
7052.000000
7392.000000
6958.000000
5952.000000
3678.000000
4101.000000
3037.000000
2122.000000
2320.000000
1309.000000
1609.000000
1587.000000
820.000000
1705.000000
754.000000
1284.000000
604.000000
1209.000000
1725.000000
1399.000000
950.000000
1884.000000
2142.000000
714.000000
2109.000000
1528.000000
1896.000000
1057.000000
2019.000000
5074.000000
8120.000000
8078.000000
8070.000000
8084.000000
8050.000000
7809.000000
8037.000000
8090.000000
5924.000000
6508.000000
7422.000000
7236.000000
7775.000000
7793.000000
7479.000000
7769.000000
7850.000000
7614.000000
7119.000000
7456.000000
6271.000000
7853.000000
7537.000000
7185.000000
6805.000000
6401.000000
3382.000000
1288.000000
1266.000000
2077.000000
1694.000000
1830.000000
1405.000000
1799.000000
1189.000000
1264.000000
1725.000000
1191.000000
1744.000000
1660.000000
2397.000000
626.000000
2026.000000
1603.000000
1925.000000
2590.000000
1346.000000
982.000000
1632.000000
1152.000000
4039.000000
7690.000000
7921.000000
7981.000000
8093.000000
8106.000000
8140.000000
8017.000000
7718.000000
5699.000000
5775.000000
5772.000000
3984.000000
5988.000000
3791.000000
5613.000000
6617.000000
6782.000000
5020.000000
5817.000000
6435.000000
6625.000000
6266.000000
6553.000000
7335.000000
7232.000000
6356.000000
2986.000000
3705.000000
1627.000000
875.000000
2208.000000
1993.000000
1599.000000
884.000000
1672.000000
947.000000
1587.000000
627.000000
1971.000000
386.000000
1660.000000
426.000000
2121.000000
1875.000000
1832.000000
2974.000000
1089.000000
1443.000000
1073.000000
1376.000000
2548.000000
7043.000000
7056.000000
6561.000000
7610.000000
7662.000000
7675.000000
7846.000000
7695.000000
7255.000000
6023.000000
6289.000000
6871.000000
4982.000000
3049.000000
2995.000000
5093.000000
6463.000000
2769.000000
2854.000000
3805.000000
6630.000000
6999.000000
7349.000000
6421.000000
7230.000000
6561.000000
5099.000000
3647.000000
1890.000000
1014.000000
2399.000000
1331.000000
1685.000000
680.000000
1779.000000
1006.000000
1829.000000
346.000000
1358.000000
319.000000
1130.000000
1186.000000
407.000000
1499.000000
1321.000000
2697.000000
1617.000000
996.000000
1605.000000
1731.000000
1423.000000
5775.000000
6740.000000
6965.000000
7568.000000
7339.000000
7473.000000
7407.000000
6804.000000
5161.000000
7650.000000
7806.000000
7224.000000
6330.000000
4328.000000
2770.000000
2222.000000
3244.000000
5017.000000
4570.000000
3815.000000
4389.000000
7006.000000
6433.000000
5191.000000
5845.000000
6235.000000
5854.000000
3627.000000
4072.000000
1845.000000
2335.000000
733.000000
1621.000000
1092.000000
1180.000000
961.000000
2244.000000
499.000000
2658.000000
786.000000
1002.000000
2027.000000
709.000000
1792.000000
836.000000
2644.000000
1923.000000
1421.000000
989.000000
1017.000000
1076.000000
6529.000000
7790.000000
7805.000000
8015.000000
7930.000000
7874.000000
7388.000000
7625.000000
4335.000000
5465.000000
4505.000000
5231.000000
6840.000000
7399.000000
6191.000000
3866.000000
4999.000000
5137.000000
2735.000000
3407.000000
2532.000000
4100.000000
4263.000000
4494.000000
4147.000000
3559.000000
3388.000000
3277.000000
2884.000000
4986.000000
2945.000000
824.000000
1943.000000
1979.000000
648.000000
1381.000000
2137.000000
783.000000
2335.000000
296.000000
1237.000000
482.000000
712.000000
1353.000000
671.000000
2440.000000
1346.000000
1943.000000
1018.000000
1118.000000
994.000000
3781.000000
6028.000000
7422.000000
7904.000000
8031.000000
7752.000000
7040.000000
6218.000000
3083.000000
2722.000000
3526.000000
2602.000000
4210.000000
4635.000000
4353.000000
3030.000000
3637.000000
3637.000000
6041.000000
5012.000000
4813.000000
2719.000000
2189.000000
3330.000000
4926.000000
3797.000000
6731.000000
4655.000000
5002.000000
4641.000000
3381.000000
777.000000
1578.000000
1463.000000
600.000000
1434.000000
1206.000000
1584.000000
1724.000000
1878.000000
330.000000
1185.000000
493.000000
1660.000000
843.000000
1778.000000
1391.000000
2160.000000
1472.000000
1165.000000
1077.000000
3828.000000
6240.000000
6857.000000
7178.000000
7025.000000
7278.000000
6547.000000
5943.000000
2442.000000
2049.000000
4742.000000
2212.000000
2336.000000
5911.000000
5008.000000
2045.000000
2785.000000
3113.000000
2167.000000
2365.000000
4146.000000
2815.000000
2543.000000
2998.000000
2265.000000
2422.000000
4779.000000
3855.000000
1563.000000
5714.000000
2608.000000
2292.000000
658.000000
697.000000
1234.000000
980.000000
1013.000000
1491.000000
1688.000000
1042.000000
373.000000
2030.000000
698.000000
1670.000000
1561.000000
661.000000
1049.000000
3045.000000
1757.000000
1123.000000
1053.000000
1691.000000
6415.000000
6704.000000
6820.000000
6667.000000
7015.000000
6086.000000
6381.000000
3068.000000
2649.000000
4139.000000
2375.000000
4095.000000
6334.000000
7251.000000
6119.000000
3540.000000
3961.000000
3645.000000
3775.000000
3900.000000
3333.000000
3103.000000
3634.000000
743.000000
354.000000
442.000000
1078.000000
1760.000000
3148.000000
1443.000000
2029.000000
1002.000000
1761.000000
719.000000
1652.000000
802.000000
628.000000
1979.000000
491.000000
1151.000000
531.000000
1014.000000
552.000000
1585.000000
332.000000
1194.000000
1511.000000
1569.000000
832.000000
1126.000000
1081.000000
4669.000000
6248.000000
6117.000000
6217.000000
5767.000000
6311.000000
6453.000000
7263.000000
3453.000000
1969.000000
3001.000000
2631.000000
5311.000000
6118.000000
5419.000000
4438.000000
5643.000000
5209.000000
4412.000000
3352.000000
3757.000000
4536.000000
4376.000000
1891.000000
1343.000000
2209.000000
1639.000000
4865.000000
2167.000000
1761.000000
2452.000000
1072.000000
2202.000000
1107.000000
2814.000000
755.000000
906.000000
1370.000000
488.000000
796.000000
1029.000000
1367.000000
1101.000000
339.000000
1144.000000
313.000000
1213.000000
587.000000
1005.000000
1248.000000
827.000000
2500.000000
6840.000000
7148.000000
6098.000000
6232.000000
6074.000000
5581.000000
6151.000000
3082.000000
5621.000000
6484.000000
4759.000000
3731.000000
5690.000000
5581.000000
6614.000000
6415.000000
4779.000000
4574.000000
4145.000000
1754.000000
2610.000000
3704.000000
2964.000000
1932.000000
3907.000000
4448.000000
5003.000000
2796.000000
2366.000000
1924.000000
2178.000000
2157.000000
1032.000000
1564.000000
1025.000000
917.000000
561.000000
1010.000000
1582.000000
1153.000000
909.000000
1918.000000
238.000000
1036.000000
733.000000
1606.000000
873.000000
494.000000
1631.000000
966.000000
1737.000000
7248.000000
7591.000000
6245.000000
7419.000000
7114.000000
6809.000000
6040.000000
4809.000000
5582.000000
5001.000000
7383.000000
5147.000000
2726.000000
2948.000000
5088.000000
3544.000000
4199.000000
1721.000000
2602.000000
3660.000000
3563.000000
2140.000000
2441.000000
2380.000000
2185.000000
5064.000000
4662.000000
3117.000000
2441.000000
2470.000000
904.000000
1622.000000
1085.000000
2713.000000
2204.000000
588.000000
446.000000
1369.000000
1175.000000
1107.000000
874.000000
1323.000000
1158.000000
2081.000000
663.000000
1470.000000
1194.000000
572.000000
2783.000000
1074.000000
1375.000000
5798.000000
7990.000000
7959.000000
7694.000000
7691.000000
7564.000000
7688.000000
7493.000000
5908.000000
7488.000000
4547.000000
4832.000000
4554.000000
3370.000000
4425.000000
1403.000000
2849.000000
1652.000000
2766.000000
2718.000000
2679.000000
2404.000000
2117.000000
1877.000000
2203.000000
3031.000000
5352.000000
4189.000000
1922.000000
1747.000000
1810.000000
3103.000000
848.000000
471.000000
398.000000
452.000000
1342.000000
837.000000
1516.000000
1551.000000
1159.000000
700.000000
601.000000
1247.000000
633.000000
1258.000000
845.000000
415.000000
2055.000000
758.000000
1275.000000
3338.000000
7053.000000
7563.000000
8075.000000
7781.000000
7781.000000
7372.000000
7333.000000
5974.000000
6699.000000
6696.000000
5682.000000
1901.000000
2504.000000
2606.000000
675.000000
2217.000000
1110.000000
2744.000000
3675.000000
2857.000000
2776.000000
3750.000000
2481.000000
3378.000000
3539.000000
4750.000000
3801.000000
1955.000000
2397.000000
2252.000000
1406.000000
2242.000000
1368.000000
424.000000
1871.000000
521.000000
1487.000000
1187.000000
1003.000000
1018.000000
918.000000
391.000000
285.000000
902.000000
657.000000
594.000000
358.000000
1746.000000
1291.000000
1137.000000
3910.000000
5832.000000
7090.000000
8021.000000
7935.000000
6733.000000
6418.000000
5066.000000
3399.000000
6964.000000
6004.000000
5382.000000
3201.000000
2198.000000
2740.000000
1311.000000
894.000000
2180.000000
2210.000000
3639.000000
2534.000000
4355.000000
4295.000000
2187.000000
3869.000000
3429.000000
4915.000000
4670.000000
3977.000000
4320.000000
4340.000000
3724.000000
895.000000
738.000000
974.000000
795.000000
598.000000
970.000000
552.000000
287.000000
733.000000
471.000000
447.000000
476.000000
1358.000000
1114.000000
339.000000
335.000000
1601.000000
1563.000000
919.000000
2334.000000
5556.000000
6038.000000
6610.000000
6680.000000
5892.000000
5356.000000
7046.000000
3654.000000
4123.000000
3454.000000
2585.000000
6284.000000
3116.000000
800.000000
1657.000000
2101.000000
3274.000000
1944.000000
3909.000000
2848.000000
3941.000000
3295.000000
3292.000000
4529.000000
4454.000000
3548.000000
5307.000000
3541.000000
2713.000000
4182.000000
4572.000000
2705.000000
2183.000000
2679.000000
2633.000000
2590.000000
2086.000000
1586.000000
314.000000
1215.000000
286.000000
1128.000000
1238.000000
1230.000000
491.000000
810.000000
466.000000
1016.000000
1688.000000
879.000000
1223.000000
6370.000000
7231.000000
7374.000000
7360.000000
7354.000000
5359.000000
5789.000000
4033.000000
4272.000000
3247.000000
1941.000000
4015.000000
3406.000000
1152.000000
1250.000000
2100.000000
2970.000000
2160.000000
3425.000000
3561.000000
3420.000000
3048.000000
1666.000000
2431.000000
3233.000000
4926.000000
5229.000000
3082.000000
1590.000000
3227.000000
3148.000000
3585.000000
3474.000000
3463.000000
2533.000000
2798.000000
3179.000000
2919.000000
2477.000000
2444.000000
2981.000000
1881.000000
2537.000000
1374.000000
818.000000
836.000000
2216.000000
2066.000000
932.000000
1615.000000
1712.000000
5604.000000
4726.000000
6674.000000
6899.000000
6552.000000
2628.000000
2740.000000
2389.000000
2598.000000
4328.000000
3036.000000
3515.000000
3596.000000
1899.000000
1482.000000
3134.000000
3446.000000
3874.000000
1557.000000
2079.000000
1587.000000
2220.000000
2094.000000
1579.000000
3210.000000
4723.000000
5187.000000
2938.000000
2714.000000
2102.000000
1672.000000
2550.000000
2249.000000
2811.000000
2163.000000
5722.000000
4994.000000
4763.000000
2624.000000
2630.000000
2786.000000
3426.000000
3015.000000
3024.000000
3199.000000
3080.000000
3455.000000
4510.000000
3719.000000
4502.000000
1207.000000
1356.000000
2463.000000
2855.000000
2621.000000
2816.000000
1597.000000
2214.000000
2970.000000
2285.000000
2590.000000
1870.000000
1896.000000
1486.000000
828.000000
2008.000000
4308.000000
3325.000000
3004.000000
2419.000000
716.000000
1079.000000
1079.000000
881.000000
1473.000000
2176.000000
4086.000000
4748.000000
4999.000000
2505.000000
809.000000
1133.000000
627.000000
2208.000000
536.000000
4784.000000
2485.000000
3259.000000
5426.000000
3029.000000
2345.000000
3539.000000
4997.000000
4933.000000
3626.000000
4762.000000
6036.000000
2431.000000
3323.000000
1507.000000
1125.000000
193.000000
1823.000000
3411.000000
6305.000000
5557.000000
2864.000000
842.000000
1623.000000
1288.000000
1374.000000
1144.000000
1786.000000
1960.000000
2746.000000
1769.000000
3674.000000
3320.000000
4261.000000
4282.000000
3441.000000
3594.000000
1711.000000
932.000000
643.000000
841.000000
1728.000000
3116.000000
3824.000000
3563.000000
2472.000000
2997.000000
1541.000000
1388.000000
880.000000
449.000000
643.000000
2735.000000
3996.000000
4202.000000
3868.000000
1555.000000
3057.000000
3061.000000
1248.000000
4484.000000
3743.000000
2419.000000
2871.000000
3945.000000
3978.000000
2336.000000
2638.000000
3341.000000
2514.000000
2280.000000
2520.000000
2049.000000
2177.000000
1876.000000
2147.000000
2124.000000
2660.000000
2340.000000
2628.000000
1827.000000
1967.000000
2470.000000
3039.000000
2663.000000
4469.000000
4086.000000
3265.000000
3446.000000
4702.000000
4060.000000
1697.000000
2242.000000
4008.000000
5557.000000
4221.000000
2275.000000
1968.000000
1698.000000
1817.000000
1146.000000
1896.000000
2154.000000
1921.000000
2977.000000
2504.000000
1706.000000
1471.000000
1449.000000
2458.000000
2274.000000
2887.000000
2303.000000
2581.000000
1470.000000
2505.000000
2946.000000
4102.000000
4378.000000
5503.000000
3069.000000
2314.000000
2256.000000
2415.000000
1281.000000
1534.000000
1500.000000
1678.000000
2555.000000
1880.000000
1762.000000
2452.000000
2542.000000
2646.000000
2748.000000
2673.000000
2674.000000
2571.000000
2816.000000
3319.000000
3907.000000
2899.000000
5207.000000
5183.000000
5828.000000
6536.000000
7467.000000
3243.000000
2802.000000
2211.000000
2314.000000
2205.000000
1903.000000
2177.000000
2318.000000
2597.000000
2416.000000
2880.000000
2818.000000
2142.000000
2348.000000
2573.000000
2291.000000
2139.000000
2013.000000
2454.000000
1785.000000
1360.000000
1681.000000
2717.000000
4334.000000
3915.000000
2585.000000
1511.000000
1520.000000
1381.000000
1749.000000
1644.000000
2078.000000
1884.000000
1983.000000
1401.000000
1593.000000
1309.000000
1497.000000
1748.000000
2448.000000
2600.000000
2576.000000
2505.000000
2009.000000
1938.000000
2212.000000
2347.000000
3327.000000
2588.000000
1783.000000
1829.000000
2488.000000
4084.000000
3000.000000
3997.000000
4013.000000
4751.000000
3505.000000
3656.000000
3112.000000
3817.000000
2810.000000
3699.000000
1973.000000
2186.000000
2281.000000
2472.000000
2824.000000
2369.000000
1748.000000
1412.000000
1175.000000
2405.000000
2561.000000
2664.000000
1611.000000
1373.000000
2194.000000
2021.000000
1245.000000
1790.000000
2093.000000
2465.000000
3288.000000
3231.000000
3425.000000
2964.000000
2826.000000
2219.000000
1976.000000
2686.000000
2295.000000
2542.000000
2762.000000
3133.000000
1923.000000
2233.000000
2834.000000
2806.000000
1166.000000
827.000000
1293.000000
1692.000000
2401.000000
1860.000000
2580.000000
3640.000000
4981.000000
4432.000000
2327.000000
3154.000000
2667.000000
2436.000000
3475.000000
3104.000000
3201.000000
3032.000000
2292.000000
2132.000000
2303.000000
2283.000000
2283.000000
2085.000000
2040.000000
2414.000000
1846.000000
1535.000000
1260.000000
1959.000000
3324.000000
1589.000000
1393.000000
952.000000
1099.000000
1254.000000
2429.000000
2595.000000
2489.000000
1860.000000
1815.000000
2157.000000
2089.000000
2299.000000
2189.000000
2190.000000
2587.000000
2641.000000
4413.000000
3487.000000
2811.000000
3497.000000
2913.000000
2400.000000
1116.000000
1620.000000
1952.000000
2425.000000
1386.000000
2054.000000
3034.000000
4912.000000
3648.000000
4134.000000
1991.000000
2104.000000
2627.000000
2417.000000
2246.000000
2153.000000
1557.000000
1888.000000
1368.000000
1165.000000
1139.000000
1569.000000
1839.000000
1509.000000
2195.000000
2288.000000
3183.000000
2420.000000
1800.000000
1287.000000
1075.000000
1439.000000
1778.000000
2238.000000
1852.000000
1785.000000
1381.000000
1339.000000
1270.000000
1544.000000
1601.000000
1376.000000
1249.000000
1125.000000
1208.000000
1583.000000
2381.000000
2972.000000
1776.000000
2351.000000
2013.000000
1910.000000
1304.000000
1428.000000
1503.000000
1139.000000
2517.000000
2435.000000
2241.000000
3526.000000
3334.000000
5334.000000
3044.000000
5386.000000
4595.000000
6160.000000
5344.000000
3171.000000
4404.000000
2340.000000
1621.000000
2200.000000
1780.000000
2007.000000
2693.000000
2307.000000
1797.000000
1673.000000
1505.000000
