1154.000000
2363.000000
1224.000000
1582.000000
1095.000000
1430.000000
2648.000000
3633.000000
3696.000000
2396.000000
1554.000000
289.000000
3927.000000
3546.000000
4307.000000
4184.000000
4151.000000
700.000000
1784.000000
909.000000
1324.000000
2699.000000
1482.000000
2048.000000
727.000000
1000.000000
342.000000
415.000000
1346.000000
1929.000000
1306.000000
3914.000000
2861.000000
1492.000000
1085.000000
1414.000000
1837.000000
1275.000000
879.000000
633.000000
427.000000
623.000000
674.000000
1366.000000
3354.000000
4874.000000
6732.000000
2053.000000
2331.000000
1524.000000
2583.000000
2152.000000
1707.000000
1348.000000
1798.000000
2259.000000
1766.000000
1572.000000
1689.000000
2749.000000
3869.000000
2947.000000
3037.000000
1698.000000
6356.000000
2874.000000
1637.000000
1644.000000
1995.000000
1826.000000
2044.000000
2223.000000
1803.000000
2314.000000
4315.000000
5074.000000
4556.000000
4090.000000
3805.000000
3464.000000
1508.000000
1141.000000
588.000000
362.000000
1400.000000
1810.000000
2361.000000
3124.000000
2323.000000
1845.000000
5322.000000
5122.000000
5511.000000
5348.000000
5252.000000
4753.000000
1487.000000
2044.000000
968.000000
980.000000
1623.000000
1395.000000
2867.000000
2811.000000
2539.000000
1634.000000
2535.000000
3377.000000
3260.000000
3526.000000
3060.000000
3151.000000
1853.000000
1987.000000
2855.000000
1400.000000
1305.000000
1126.000000
2942.000000
604.000000
628.000000
1256.000000
736.000000
1183.000000
2618.000000
2921.000000
3034.000000
1129.000000
4213.000000
3880.000000
6405.000000
6631.000000
2903.000000
2619.000000
1531.000000
4450.000000
1418.000000
2054.000000
1402.000000
1075.000000
2387.000000
3100.000000
3339.000000
1205.000000
490.000000
1323.000000
1378.000000
954.000000
2894.000000
1541.000000
2500.000000
1331.000000
972.000000
1913.000000
2856.000000
1944.000000
2163.000000
3319.000000
2867.000000
1088.000000
805.000000
1051.000000
2069.000000
1991.000000
2137.000000
312.000000
1760.000000
1871.000000
2462.000000
1390.000000
2401.000000
2290.000000
1907.000000
2534.000000
2727.000000
2896.000000
2182.000000
2762.000000
1270.000000
1895.000000
355.000000
2756.000000
2105.000000
2074.000000
1127.000000
1027.000000
2218.000000
1874.000000
2511.000000
2123.000000
3667.000000
3156.000000
2999.000000
1702.000000
1774.000000
1462.000000
885.000000
3077.000000
1815.000000
2117.000000
604.000000
1310.000000
673.000000
575.000000
1013.000000
1270.000000
3938.000000
2737.000000
2730.000000
1238.000000
4139.000000
2817.000000
2221.000000
506.000000
1668.000000
492.000000
1726.000000
733.000000
1623.000000
1970.000000
1009.000000
1013.000000
854.000000
4102.000000
3537.000000
2104.000000
2291.000000
1386.000000
2240.000000
1226.000000
1544.000000
1198.000000
397.000000
1487.000000
2157.000000
2106.000000
2360.000000
2220.000000
724.000000
5885.000000
4437.000000
2988.000000
1599.000000
1671.000000
1711.000000
1591.000000
2948.000000
2176.000000
2644.000000
1809.000000
999.000000
367.000000
1118.000000
735.000000
6491.000000
2933.000000
4501.000000
4864.000000
870.000000
1790.000000
1974.000000
2805.000000
1816.000000
1873.000000
2536.000000
635.000000
512.000000
614.000000
3852.000000
2428.000000
736.000000
534.000000
2008.000000
4899.000000
1222.000000
2525.000000
3061.000000
3456.000000
699.000000
3134.000000
1278.000000
645.000000
2351.000000
2494.000000
214.000000
1093.000000
893.000000
2231.000000
720.000000
