5167.000000
5210.000000
5263.000000
5369.000000
5378.000000
5754.000000
6359.000000
6747.000000
7129.000000
7450.000000
7696.000000
7766.000000
7798.000000
7659.000000
7254.000000
6967.000000
6863.000000
6509.000000
6103.000000
5902.000000
5550.000000
5041.000000
4562.000000
4599.000000
4749.000000
5079.000000
5290.000000
5439.000000
5516.000000
5453.000000
5287.000000
4896.000000
4525.000000
4024.000000
3745.000000
3789.000000
4175.000000
4591.000000
5037.000000
5217.000000
5387.000000
5927.000000
6510.000000
6904.000000
7303.000000
7626.000000
7850.000000
7605.000000
7227.000000
7358.000000
7808.000000
7743.000000
7393.000000
7131.000000
7288.000000
7403.000000
7453.000000
7575.000000
7644.000000
7453.000000
7178.000000
6900.000000
7000.000000
7480.000000
7689.000000
7283.000000
6803.000000
6086.000000
5894.000000
6195.000000
6235.000000
5569.000000
4924.000000
5045.000000
5203.000000
4407.000000
4281.000000
4744.000000
4563.000000
4560.000000
4457.000000
4302.000000
4446.000000
4908.000000
4834.000000
5266.000000
5327.000000
5340.000000
5455.000000
5738.000000
6446.000000
7059.000000
7388.000000
7646.000000
7786.000000
7994.000000
8104.000000
8043.000000
7941.000000
7856.000000
7652.000000
7512.000000
7383.000000
7106.000000
6614.000000
6159.000000
5684.000000
5189.000000
4992.000000
4827.000000
4714.000000
4612.000000
4600.000000
4776.000000
4979.000000
4982.000000
4760.000000
4660.000000
4522.000000
4451.000000
4613.000000
4763.000000
5010.000000
5373.000000
5634.000000
5845.000000
6414.000000
6867.000000
7066.000000
7270.000000
7502.000000
7800.000000
7745.000000
7419.000000
7205.000000
7143.000000
7265.000000
7397.000000
7000.000000
7025.000000
6963.000000
6702.000000
6337.000000
5896.000000
5714.000000
5611.000000
5533.000000
5193.000000
4890.000000
4999.000000
5288.000000
5923.000000
7148.000000
7245.000000
6525.000000
6533.000000
6998.000000
6319.000000
5219.000000
5456.000000
6243.000000
5926.000000
5170.000000
5139.000000
4715.000000
4357.000000
4177.000000
4036.000000
4095.000000
4571.000000
4772.000000
4686.000000
4611.000000
4819.000000
5193.000000
5682.000000
6142.000000
6677.000000
7040.000000
7281.000000
7526.000000
7628.000000
7678.000000
7714.000000
7760.000000
7616.000000
7363.000000
7308.000000
7242.000000
6957.000000
6472.000000
5906.000000
5398.000000
5132.000000
4950.000000
4711.000000
4539.000000
4517.000000
4625.000000
4768.000000
4760.000000
4699.000000
4997.000000
5223.000000
5705.000000
6222.000000
6292.000000
6739.000000
7055.000000
7195.000000
7109.000000
6816.000000
6250.000000
6303.000000
6669.000000
6433.000000
6424.000000
6730.000000
7894.000000
8699.000000
8670.000000
9191.000000
8852.000000
8188.000000
8041.000000
8205.000000
8185.000000
7916.000000
7680.000000
7286.000000
6036.000000
5120.000000
4593.000000
4961.000000
5826.000000
6840.000000
6980.000000
6605.000000
5895.000000
6035.000000
7217.000000
7763.000000
7184.000000
7071.000000
7145.000000
6614.000000
5766.000000
5455.000000
5543.000000
5452.000000
5307.000000
5399.000000
5094.000000
4592.000000
4533.000000
3323.000000
3215.000000
3151.000000
3154.000000
3475.000000
3940.000000
4575.000000
5233.000000
5990.000000
6490.000000
6735.000000
6946.000000
7177.000000
7297.000000
7257.000000
7064.000000
6854.000000
6759.000000
6704.000000
6412.000000
5984.000000
5594.000000
5227.000000
5126.000000
4988.000000
4632.000000
4424.000000
4525.000000
4715.000000
4806.000000
4891.000000
5008.000000
5299.000000
5590.000000
5940.000000
6464.000000
6679.000000
6791.000000
6745.000000
6676.000000
6693.000000
6457.000000
5999.000000
6110.000000
7359.000000
9723.000000
9634.000000
6763.000000
10005.000000
12827.000000
12633.000000
12818.000000
12764.000000
9982.000000
7654.000000
7061.000000
7210.000000
7159.000000
7345.000000
7253.000000
7347.000000
8124.000000
7002.000000
5925.000000
6229.000000
6119.000000
4735.000000
4518.000000
5410.000000
5441.000000
5608.000000
5547.000000
4764.000000
4398.000000
4440.000000
4531.000000
4646.000000
5105.000000
5660.000000
5836.000000
5605.000000
4697.000000
4143.000000
3858.000000
3927.000000
2290.000000
1997.000000
2101.000000
2322.000000
2639.000000
3054.000000
3766.000000
4397.000000
4943.000000
5403.000000
5718.000000
5874.000000
5780.000000
5611.000000
5597.000000
5496.000000
5352.000000
5137.000000
5037.000000
5008.000000
5018.000000
5014.000000
5110.000000
5471.000000
5768.000000
5905.000000
5983.000000
6021.000000
6098.000000
6123.000000
6136.000000
6145.000000
6133.000000
6333.000000
6396.000000
6532.000000
6661.000000
6705.000000
6677.000000
6541.000000
6465.000000
6394.000000
6491.000000
6607.000000
9021.000000
12901.000000
12329.000000
6608.000000
3853.000000
4948.000000
7397.000000
9618.000000
7573.000000
6436.000000
6259.000000
6144.000000
6215.000000
5964.000000
5735.000000
5555.000000
5870.000000
6842.000000
7183.000000
7069.000000
4748.000000
3822.000000
3758.000000
4918.000000
5001.000000
4242.000000
3858.000000
4066.000000
4399.000000
4639.000000
4828.000000
4659.000000
4389.000000
4256.000000
3987.000000
3870.000000
3974.000000
3738.000000
3627.000000
3645.000000
3564.000000
2951.000000
2440.000000
2124.000000
2301.000000
2499.000000
2759.000000
3128.000000
3387.000000
3556.000000
3884.000000
4090.000000
4149.000000
4156.000000
4299.000000
4497.000000
4530.000000
4486.000000
4510.000000
4565.000000
4737.000000
4818.000000
4858.000000
5016.000000
5545.000000
6060.000000
6423.000000
6718.000000
6899.000000
7164.000000
7315.000000
7458.000000
7536.000000
7551.000000
7474.000000
7295.000000
7114.000000
6966.000000
6932.000000
6932.000000
6821.000000
6602.000000
6709.000000
7056.000000
7143.000000
7243.000000
8248.000000
7791.000000
5563.000000
5286.000000
4781.000000
5631.000000
6185.000000
5767.000000
5832.000000
5860.000000
5600.000000
5340.000000
4760.000000
3599.000000
3696.000000
5188.000000
6424.000000
6774.000000
6757.000000
5996.000000
5200.000000
5122.000000
5467.000000
5606.000000
5669.000000
5663.000000
5877.000000
6026.000000
5829.000000
5592.000000
5403.000000
5089.000000
4751.000000
4208.000000
3591.000000
3055.000000
2938.000000
3228.000000
3387.000000
3456.000000
2568.000000
2496.000000
2321.000000
2239.000000
2278.000000
2410.000000
2560.000000
2594.000000
2554.000000
2541.000000
2716.000000
3037.000000
3250.000000
3553.000000
3815.000000
3942.000000
3906.000000
3975.000000
4018.000000
4071.000000
4153.000000
4307.000000
4463.000000
4789.000000
5198.000000
5702.000000
6297.000000
6762.000000
7129.000000
7337.000000
7527.000000
7633.000000
7688.000000
7606.000000
7365.000000
7076.000000
6767.000000
6695.000000
6759.000000
6730.000000
6687.000000
6869.000000
7186.000000
7246.000000
7106.000000
6960.000000
6950.000000
6877.000000
7238.000000
7480.000000
6704.000000
6070.000000
5756.000000
5783.000000
5754.000000
5843.000000
5629.000000
5654.000000
5034.000000
5576.000000
6016.000000
6286.000000
6415.000000
6529.000000
6317.000000
6037.000000
6301.000000
7406.000000
7189.000000
7470.000000
7184.000000
7287.000000
7492.000000
7461.000000
7198.000000
6868.000000
6583.000000
6194.000000
5679.000000
5179.000000
4797.000000
4596.000000
4690.000000
4733.000000
4785.000000
2215.000000
2387.000000
2489.000000
2568.000000
2586.000000
2555.000000
2482.000000
2370.000000
2361.000000
2496.000000
2718.000000
2915.000000
3040.000000
3260.000000
3530.000000
3711.000000
3674.000000
3639.000000
3569.000000
3397.000000
3376.000000
3588.000000
3867.000000
4212.000000
4549.000000
4984.000000
5648.000000
6250.000000
6716.000000
6854.000000
6994.000000
7160.000000
7338.000000
7440.000000
7261.000000
6862.000000
6461.000000
6472.000000
6591.000000
6701.000000
6893.000000
7078.000000
7272.000000
7348.000000
7218.000000
7050.000000
6919.000000
6832.000000
6984.000000
7149.000000
6043.000000
5458.000000
5615.000000
5690.000000
6135.000000
6459.000000
6541.000000
6446.000000
6316.000000
7187.000000
6732.000000
5645.000000
5157.000000
5902.000000
6358.000000
5780.000000
5958.000000
5479.000000
5473.000000
6492.000000
8259.000000
8337.000000
8284.000000
8398.000000
8435.000000
8351.000000
8346.000000
8280.000000
8203.000000
8221.000000
8132.000000
7912.000000
7868.000000
7884.000000
7839.000000
2538.000000
2664.000000
2765.000000
2823.000000
2782.000000
2691.000000
2615.000000
2644.000000
2841.000000
2942.000000
2957.000000
2947.000000
2997.000000
3007.000000
3006.000000
3110.000000
3066.000000
3005.000000
2967.000000
3091.000000
3576.000000
4024.000000
4236.000000
4372.000000
4366.000000
4533.000000
4827.000000
5189.000000
5611.000000
5917.000000
6229.000000
6529.000000
6793.000000
7076.000000
7158.000000
7053.000000
6923.000000
6945.000000
6946.000000
7033.000000
7194.000000
7278.000000
7350.000000
7394.000000
7116.000000
6828.000000
6539.000000
6312.000000
6256.000000
6381.000000
6341.000000
5364.000000
6460.000000
6632.000000
6406.000000
6348.000000
6189.000000
5921.000000
6464.000000
6568.000000
6109.000000
5648.000000
5876.000000
7389.000000
7431.000000
6412.000000
5616.000000
5384.000000
5870.000000
5852.000000
6244.000000
8663.000000
8977.000000
9170.000000
9346.000000
9349.000000
9414.000000
9551.000000
9689.000000
9811.000000
9887.000000
9887.000000
9844.000000
9832.000000
9753.000000
2789.000000
2816.000000
2853.000000
2917.000000
2879.000000
2791.000000
2813.000000
2958.000000
3084.000000
3153.000000
3165.000000
3098.000000
3083.000000
3028.000000
2810.000000
2718.000000
2707.000000
2905.000000
3303.000000
3725.000000
4275.000000
4741.000000
5123.000000
5408.000000
5452.000000
5364.000000
5151.000000
4883.000000
4665.000000
4736.000000
5151.000000
5451.000000
5745.000000
6174.000000
6412.000000
6428.000000
6392.000000
6501.000000
6708.000000
6955.000000
7247.000000
7495.000000
7525.000000
7509.000000
7289.000000
6845.000000
6507.000000
6210.000000
5998.000000
6244.000000
5844.000000
4598.000000
5771.000000
6239.000000
5855.000000
6565.000000
5667.000000
5133.000000
4982.000000
4920.000000
4994.000000
4434.000000
4429.000000
5310.000000
6104.000000
7539.000000
7421.000000
6491.000000
5703.000000
5294.000000
4852.000000
7367.000000
8461.000000
8641.000000
8865.000000
8892.000000
8930.000000
9097.000000
9255.000000
9288.000000
9405.000000
9587.000000
9666.000000
9645.000000
9568.000000
3974.000000
3970.000000
3972.000000
4099.000000
4172.000000
4095.000000
3897.000000
3745.000000
3708.000000
3476.000000
3333.000000
3303.000000
3173.000000
3109.000000
2975.000000
2921.000000
3012.000000
3429.000000
3849.000000
4374.000000
5054.000000
5413.000000
5754.000000
6068.000000
6271.000000
6399.000000
6275.000000
5999.000000
5592.000000
5192.000000
5000.000000
4903.000000
4858.000000
4810.000000
4724.000000
4736.000000
4804.000000
5038.000000
5547.000000
6249.000000
6872.000000
7285.000000
7592.000000
7671.000000
7608.000000
7300.000000
6840.000000
6493.000000
6640.000000
7108.000000
7200.000000
4880.000000
4250.000000
4414.000000
4415.000000
4400.000000
4328.000000
4727.000000
4398.000000
3717.000000
4170.000000
4609.000000
4096.000000
4458.000000
5240.000000
5363.000000
6521.000000
7373.000000
7611.000000
6675.000000
5611.000000
6597.000000
6958.000000
7167.000000
7204.000000
7070.000000
7021.000000
6947.000000
6891.000000
6872.000000
7008.000000
7371.000000
7750.000000
7961.000000
7937.000000
5773.000000
5811.000000
5551.000000
5274.000000
4909.000000
4477.000000
4160.000000
4034.000000
3894.000000
3491.000000
3157.000000
3040.000000
3125.000000
3383.000000
3723.000000
3946.000000
4037.000000
4128.000000
4083.000000
4064.000000
4729.000000
5608.000000
6210.000000
6543.000000
6816.000000
6988.000000
6991.000000
6973.000000
6786.000000
6374.000000
5865.000000
5358.000000
4958.000000
4606.000000
4357.000000
4055.000000
3799.000000
3931.000000
4603.000000
5390.000000
6214.000000
6898.000000
7397.000000
7541.000000
7491.000000
7206.000000
6936.000000
6795.000000
6845.000000
7257.000000
8034.000000
7502.000000
4891.000000
3313.000000
3137.000000
3599.000000
3558.000000
3785.000000
3834.000000
3357.000000
3182.000000
3970.000000
4114.000000
4530.000000
4794.000000
4603.000000
3776.000000
6292.000000
7012.000000
6893.000000
5957.000000
5081.000000
6202.000000
6289.000000
6176.000000
6021.000000
5761.000000
5690.000000
5603.000000
5412.000000
5308.000000
5355.000000
5393.000000
5404.000000
5522.000000
5667.000000
5623.000000
5641.000000
5709.000000
5795.000000
5651.000000
5459.000000
5171.000000
4869.000000
5081.000000
5988.000000
6480.000000
6389.000000
6453.000000
6527.000000
6798.000000
6919.000000
7010.000000
6187.000000
5295.000000
5062.000000
5120.000000
5431.000000
5950.000000
6267.000000
6450.000000
6474.000000
6574.000000
6536.000000
6271.000000
5875.000000
5451.000000
4971.000000
4554.000000
4368.000000
4064.000000
3832.000000
3985.000000
4424.000000
4945.000000
5653.000000
6293.000000
6853.000000
7099.000000
7061.000000
6748.000000
6456.000000
6325.000000
6410.000000
6405.000000
6803.000000
7375.000000
7483.000000
5051.000000
3507.000000
3509.000000
3392.000000
2999.000000
2731.000000
2871.000000
2691.000000
2666.000000
4032.000000
4473.000000
4356.000000
4507.000000
3418.000000
5572.000000
7389.000000
7086.000000
6424.000000
5236.000000
5165.000000
5141.000000
5239.000000
5304.000000
5319.000000
5369.000000
5280.000000
5097.000000
5149.000000
5192.000000
5099.000000
5049.000000
4918.000000
6010.000000
6440.000000
6795.000000
7214.000000
7400.000000
7267.000000
7189.000000
6970.000000
6574.000000
7366.000000
8692.000000
5348.000000
7859.000000
9286.000000
8754.000000
6616.000000
5822.000000
9943.000000
9663.000000
7980.000000
5762.000000
4408.000000
4295.000000
4644.000000
5051.000000
5361.000000
5356.000000
5337.000000
5239.000000
5026.000000
4767.000000
4596.000000
4394.000000
4108.000000
3963.000000
3851.000000
3753.000000
3754.000000
4020.000000
4603.000000
5451.000000
6143.000000
6621.000000
7075.000000
7402.000000
7641.000000
7700.000000
7525.000000
7337.000000
7231.000000
7303.000000
7419.000000
7552.000000
7281.000000
6094.000000
5021.000000
4215.000000
6484.000000
5506.000000
5717.000000
6651.000000
4984.000000
4078.000000
3387.000000
4360.000000
3954.000000
3680.000000
3989.000000
5256.000000
6790.000000
5928.000000
5200.000000
3591.000000
3625.000000
3894.000000
4143.000000
4546.000000
4757.000000
4773.000000
4726.000000
4837.000000
4868.000000
4761.000000
4745.000000
4746.000000
6420.000000
7152.000000
7546.000000
7768.000000
7843.000000
8027.000000
8027.000000
7817.000000
7631.000000
8560.000000
10946.000000
8511.000000
9932.000000
12702.000000
12483.000000
10102.000000
5799.000000
8658.000000
10182.000000
8969.000000
7959.000000
5946.000000
4394.000000
3923.000000
3978.000000
4160.000000
4237.000000
4259.000000
4495.000000
4677.000000
4952.000000
5003.000000
4969.000000
4868.000000
4781.000000
4581.000000
4303.000000
4078.000000
4024.000000
4420.000000
5202.000000
5860.000000
6488.000000
7272.000000
7854.000000
8217.000000
8369.000000
8344.000000
8215.000000
8244.000000
8226.000000
8090.000000
7886.000000
7774.000000
7612.000000
7899.000000
8389.000000
8291.000000
6743.000000
4683.000000
3843.000000
3809.000000
5206.000000
2319.000000
3555.000000
4848.000000
5499.000000
5049.000000
2367.000000
4160.000000
3573.000000
3704.000000
3648.000000
3163.000000
3200.000000
3096.000000
3135.000000
3314.000000
3619.000000
3823.000000
3961.000000
4049.000000
4412.000000
4773.000000
4933.000000
6148.000000
6711.000000
7193.000000
7595.000000
7725.000000
7858.000000
7969.000000
7790.000000
7449.000000
7865.000000
7960.000000
7168.000000
5434.000000
7197.000000
8630.000000
5780.000000
3386.000000
5535.000000
6654.000000
6429.000000
6266.000000
6301.000000
6379.000000
5093.000000
4091.000000
3795.000000
4086.000000
4413.000000
4850.000000
5144.000000
5349.000000
5508.000000
5599.000000
5655.000000
5644.000000
5588.000000
5589.000000
5632.000000
5912.000000
6097.000000
6330.000000
6458.000000
6655.000000
6939.000000
7282.000000
7616.000000
7819.000000
7972.000000
7888.000000
7839.000000
7875.000000
7893.000000
8677.000000
9635.000000
9785.000000
9438.000000
8246.000000
5738.000000
4062.000000
3283.000000
2180.000000
2329.000000
3776.000000
2526.000000
3745.000000
5595.000000
4760.000000
5515.000000
3941.000000
2071.000000
4386.000000
3603.000000
4077.000000
3642.000000
3194.000000
3131.000000
2907.000000
2850.000000
2677.000000
2793.000000
2952.000000
3468.000000
4351.000000
4795.000000
4922.000000
5911.000000
6429.000000
6803.000000
7267.000000
7633.000000
7710.000000
7686.000000
7659.000000
6788.000000
6535.000000
6806.000000
6974.000000
6695.000000
5661.000000
4831.000000
4526.000000
5364.000000
5718.000000
5493.000000
5283.000000
5104.000000
5107.000000
5434.000000
6411.000000
6735.000000
6060.000000
4861.000000
4629.000000
4916.000000
5377.000000
5576.000000
5906.000000
6525.000000
7241.000000
7764.000000
8335.000000
8648.000000
8789.000000
8843.000000
8725.000000
8449.000000
8137.000000
7859.000000
7587.000000
7228.000000
6989.000000
7042.000000
7284.000000
7475.000000
8135.000000
9112.000000
9688.000000
9600.000000
8232.000000
6578.000000
5970.000000
6211.000000
6568.000000
5116.000000
3523.000000
3112.000000
2822.000000
5640.000000
6829.000000
7669.000000
8250.000000
5266.000000
3970.000000
4928.000000
2816.000000
2507.000000
4491.000000
4255.000000
4708.000000
4045.000000
3914.000000
3517.000000
3126.000000
2801.000000
2808.000000
2846.000000
2880.000000
3270.000000
3739.000000
4191.000000
6996.000000
7214.000000
7444.000000
7784.000000
7924.000000
8045.000000
7693.000000
7011.000000
6167.000000
6322.000000
6435.000000
6317.000000
6197.000000
5923.000000
5604.000000
5680.000000
5701.000000
5313.000000
5121.000000
4994.000000
4710.000000
4378.000000
4223.000000
5027.000000
5712.000000
6572.000000
6380.000000
4696.000000
4836.000000
5648.000000
6634.000000
7899.000000
8986.000000
9663.000000
9991.000000
10238.000000
10420.000000
10497.000000
10369.000000
10052.000000
9437.000000
8808.000000
8297.000000
7913.000000
7402.000000
7134.000000
7469.000000
8810.000000
9763.000000
9375.000000
7997.000000
6574.000000
6186.000000
6881.000000
7595.000000
7644.000000
7060.000000
6383.000000
6373.000000
5620.000000
4030.000000
3551.000000
5009.000000
7840.000000
9281.000000
8318.000000
4059.000000
3549.000000
4012.000000
4052.000000
1771.000000
3418.000000
4464.000000
5793.000000
5717.000000
5428.000000
5172.000000
4816.000000
4323.000000
4224.000000
4166.000000
4044.000000
3621.000000
3148.000000
2985.000000
8642.000000
8160.000000
8206.000000
8319.000000
7525.000000
7607.000000
5718.000000
5080.000000
4992.000000
4710.000000
4866.000000
4601.000000
4617.000000
4564.000000
4487.000000
4629.000000
4714.000000
4350.000000
4239.000000
4076.000000
3680.000000
3756.000000
4580.000000
3739.000000
4070.000000
6064.000000
6335.000000
6039.000000
6397.000000
7378.000000
8093.000000
8915.000000
9484.000000
9901.000000
10194.000000
10348.000000
10346.000000
10189.000000
9933.000000
9573.000000
9003.000000
8459.000000
7973.000000
8046.000000
8721.000000
9087.000000
8504.000000
8266.000000
7620.000000
6704.000000
6761.000000
7979.000000
9147.000000
9610.000000
9236.000000
8737.000000
7740.000000
6364.000000
5850.000000
5810.000000
5338.000000
5128.000000
6141.000000
6659.000000
7727.000000
8496.000000
5615.000000
4000.000000
3584.000000
4057.000000
3014.000000
4522.000000
5934.000000
6332.000000
6372.000000
6279.000000
6004.000000
5694.000000
5479.000000
5433.000000
5262.000000
4887.000000
4261.000000
3716.000000
3283.000000
8558.000000
7697.000000
7259.000000
8557.000000
7992.000000
7774.000000
5480.000000
4318.000000
5383.000000
5188.000000
3376.000000
3397.000000
3856.000000
3993.000000
3876.000000
3987.000000
4053.000000
4067.000000
3826.000000
3856.000000
3803.000000
4006.000000
5935.000000
5632.000000
5577.000000
6560.000000
6811.000000
6962.000000
7819.000000
8348.000000
8462.000000
8750.000000
8984.000000
9179.000000
9300.000000
9133.000000
8907.000000
8753.000000
8803.000000
8940.000000
8953.000000
8914.000000
8719.000000
8116.000000
7258.000000
6409.000000
5951.000000
6320.000000
7359.000000
8689.000000
10139.000000
10540.000000
9695.000000
9279.000000
8951.000000
8309.000000
6650.000000
5195.000000
4819.000000
4660.000000
4388.000000
5151.000000
6274.000000
7121.000000
7182.000000
8071.000000
7329.000000
4163.000000
3658.000000
4843.000000
3520.000000
3874.000000
5807.000000
5695.000000
5687.000000
5871.000000
6032.000000
6114.000000
6240.000000
6090.000000
5697.000000
5196.000000
4738.000000
4352.000000
4028.000000
6670.000000
6405.000000
6173.000000
6757.000000
8367.000000
8074.000000
6484.000000
6179.000000
6308.000000
5673.000000
3529.000000
3532.000000
3928.000000
3808.000000
3201.000000
3256.000000
3438.000000
3546.000000
3575.000000
3857.000000
4143.000000
4174.000000
4724.000000
5757.000000
5884.000000
6012.000000
7242.000000
8157.000000
8593.000000
8970.000000
8868.000000
8930.000000
9120.000000
9066.000000
9000.000000
8826.000000
8533.000000
7863.000000
6655.000000
6032.000000
5639.000000
5517.000000
5503.000000
5506.000000
5597.000000
6040.000000
6896.000000
7805.000000
8595.000000
8965.000000
8947.000000
8746.000000
8448.000000
8204.000000
7868.000000
7252.000000
6144.000000
5060.000000
4582.000000
4336.000000
4293.000000
4780.000000
5651.000000
6754.000000
7870.000000
7753.000000
5483.000000
4177.000000
3539.000000
4896.000000
3519.000000
2629.000000
4838.000000
5312.000000
5494.000000
5595.000000
5625.000000
5637.000000
5686.000000
5641.000000
5485.000000
5404.000000
5357.000000
5352.000000
5513.000000
6498.000000
6736.000000
6901.000000
7076.000000
7590.000000
7913.000000
6133.000000
6367.000000
6001.000000
5317.000000
2851.000000
3245.000000
3636.000000
3407.000000
3199.000000
3169.000000
3038.000000
3259.000000
3619.000000
3889.000000
3978.000000
4310.000000
3698.000000
4632.000000
5279.000000
5886.000000
7565.000000
9121.000000
9454.000000
9630.000000
9331.000000
8761.000000
7786.000000
6740.000000
6230.000000
6035.000000
5818.000000
5668.000000
5682.000000
5993.000000
6400.000000
6500.000000
6284.000000
6196.000000
6208.000000
6380.000000
6588.000000
6996.000000
7519.000000
7867.000000
8064.000000
8047.000000
7991.000000
7825.000000
7641.000000
7341.000000
6872.000000
6256.000000
5558.000000
4968.000000
4627.000000
4603.000000
5083.000000
6050.000000
7449.000000
7952.000000
4809.000000
5113.000000
3885.000000
5039.000000
3408.000000
2603.000000
4859.000000
5522.000000
6090.000000
6126.000000
6078.000000
5875.000000
5657.000000
5464.000000
5599.000000
6270.000000
7113.000000
7824.000000
8322.000000
7941.000000
8132.000000
8282.000000
8416.000000
8555.000000
8347.000000
6596.000000
5661.000000
5630.000000
3737.000000
2262.000000
3264.000000
3467.000000
3307.000000
3325.000000
3634.000000
3884.000000
4000.000000
4134.000000
4854.000000
5264.000000
5702.000000
5295.000000
6077.000000
7663.000000
7653.000000
7561.000000
7433.000000
6705.000000
6262.000000
6068.000000
5895.000000
5855.000000
6168.000000
6579.000000
6843.000000
6794.000000
6586.000000
6483.000000
6467.000000
6505.000000
6501.000000
6348.000000
6274.000000
6374.000000
6719.000000
7276.000000
7895.000000
8393.000000
8785.000000
8991.000000
9002.000000
8927.000000
8859.000000
8631.000000
8285.000000
7720.000000
6996.000000
6107.000000
5173.000000
4740.000000
4671.000000
5156.000000
6242.000000
8051.000000
8522.000000
4978.000000
6628.000000
4893.000000
5303.000000
5945.000000
5828.000000
5487.000000
5616.000000
6159.000000
6247.000000
6375.000000
6357.000000
6387.000000
6611.000000
7216.000000
7944.000000
8509.000000
8928.000000
9195.000000
9569.000000
9734.000000
9820.000000
9791.000000
9718.000000
9582.000000
8792.000000
6773.000000
5642.000000
3061.000000
2664.000000
4258.000000
4381.000000
4474.000000
4389.000000
4883.000000
5905.000000
6460.000000
6675.000000
6015.000000
6997.000000
7058.000000
6410.000000
5272.000000
4703.000000
5408.000000
5639.000000
6074.000000
6338.000000
6512.000000
6540.000000
6333.000000
6414.000000
6392.000000
6490.000000
6530.000000
6582.000000
6833.000000
7112.000000
7207.000000
7289.000000
7401.000000
7366.000000
7391.000000
7510.000000
7848.000000
8281.000000
8659.000000
8884.000000
9064.000000
9053.000000
8968.000000
8858.000000
8742.000000
8409.000000
7836.000000
7040.000000
6326.000000
5668.000000
4958.000000
4325.000000
4284.000000
5018.000000
6432.000000
9024.000000
8728.000000
6139.000000
7782.000000
5282.000000
5233.000000
7142.000000
6547.000000
5986.000000
5645.000000
5880.000000
6040.000000
6387.000000
6503.000000
6350.000000
6511.000000
7007.000000
7447.000000
7897.000000
8246.000000
8588.000000
9619.000000
9907.000000
10041.000000
10062.000000
10040.000000
9839.000000
9620.000000
7480.000000
5424.000000
5771.000000
6385.000000
7472.000000
7517.000000
6951.000000
6438.000000
6848.000000
6322.000000
5427.000000
4030.000000
2671.000000
2832.000000
2429.000000
2237.000000
2333.000000
4375.000000
7533.000000
6941.000000
6515.000000
6618.000000
6973.000000
7455.000000
7824.000000
8195.000000
8391.000000
8515.000000
8611.000000
8559.000000
8441.000000
8609.000000
8807.000000
9007.000000
9233.000000
9382.000000
9336.000000
9192.000000
9132.000000
9400.000000
9724.000000
9929.000000
9844.000000
9432.000000
8865.000000
8089.000000
7457.000000
6634.000000
5703.000000
4841.000000
4266.000000
4038.000000
3864.000000
3637.000000
3809.000000
4822.000000
5802.000000
8500.000000
8708.000000
6567.000000
7150.000000
4648.000000
5054.000000
7942.000000
6794.000000
6092.000000
5900.000000
6264.000000
6645.000000
7078.000000
7370.000000
7309.000000
6850.000000
6757.000000
7016.000000
7330.000000
7703.000000
7939.000000
8414.000000
8988.000000
9317.000000
9455.000000
9783.000000
10436.000000
10999.000000
10174.000000
8831.000000
8670.000000
7646.000000
6378.000000
5178.000000
3572.000000
3089.000000
3612.000000
2319.000000
2174.000000
2380.000000
2732.000000
3189.000000
3404.000000
2668.000000
2752.000000
5418.000000
7235.000000
6921.000000
7046.000000
7673.000000
8372.000000
8961.000000
9363.000000
9613.000000
9755.000000
9742.000000
9763.000000
9635.000000
9233.000000
8891.000000
8853.000000
8801.000000
8620.000000
8503.000000
8211.000000
7951.000000
8012.000000
8442.000000
9118.000000
9556.000000
9774.000000
9560.000000
8928.000000
8072.000000
7191.000000
5748.000000
4372.000000
3978.000000
3921.000000
3756.000000
3686.000000
3635.000000
3625.000000
4970.000000
6617.000000
9015.000000
8760.000000
5478.000000
6642.000000
4957.000000
4995.000000
7161.000000
6605.000000
6872.000000
7347.000000
7637.000000
7899.000000
7913.000000
7668.000000
7452.000000
7335.000000
7489.000000
7705.000000
7995.000000
8351.000000
8571.000000
7716.000000
8818.000000
9979.000000
10371.000000
10259.000000
9998.000000
8463.000000
5931.000000
4761.000000
3267.000000
2034.000000
2701.000000
3969.000000
4174.000000
3336.000000
3016.000000
2843.000000
3607.000000
4590.000000
4710.000000
4279.000000
2355.000000
1538.000000
2731.000000
6360.000000
7444.000000
7840.000000
8205.000000
8434.000000
8805.000000
9182.000000
9489.000000
9809.000000
9745.000000
9479.000000
9079.000000
8711.000000
8070.000000
7459.000000
7362.000000
7442.000000
7303.000000
7227.000000
6992.000000
6688.000000
6399.000000
6231.000000
6259.000000
6493.000000
6809.000000
7285.000000
7718.000000
7757.000000
7741.000000
7339.000000
6499.000000
6150.000000
6175.000000
6098.000000
6008.000000
5787.000000
5915.000000
6337.000000
6644.000000
9401.000000
7508.000000
4843.000000
6893.000000
5411.000000
5317.000000
7188.000000
6908.000000
7375.000000
7903.000000
7942.000000
7786.000000
7602.000000
7576.000000
7645.000000
7961.000000
8417.000000
8636.000000
8851.000000
9080.000000
9305.000000
9512.000000
9740.000000
9286.000000
7271.000000
5575.000000
5016.000000
5516.000000
6479.000000
7935.000000
5843.000000
1750.000000
1959.000000
3473.000000
3721.000000
2863.000000
3762.000000
4222.000000
5234.000000
5790.000000
5436.000000
3513.000000
2107.000000
2153.000000
4706.000000
8260.000000
8499.000000
8877.000000
9198.000000
9327.000000
9331.000000
9191.000000
9030.000000
8887.000000
8614.000000
8210.000000
7648.000000
7027.000000
6337.000000
5756.000000
5650.000000
6207.000000
6811.000000
7124.000000
7138.000000
6776.000000
6359.000000
6147.000000
6254.000000
6683.000000
6895.000000
7099.000000
7127.000000
7211.000000
7447.000000
7701.000000
7718.000000
7694.000000
7961.000000
8181.000000
8287.000000
8277.000000
8286.000000
7213.000000
6339.000000
9021.000000
6408.000000
5451.000000
5567.000000
5228.000000
5857.000000
8328.000000
7995.000000
7942.000000
7990.000000
7903.000000
7848.000000
7850.000000
7838.000000
7922.000000
8435.000000
8859.000000
9066.000000
9398.000000
9530.000000
9744.000000
7983.000000
5630.000000
4907.000000
5661.000000
6866.000000
8379.000000
9031.000000
9364.000000
9583.000000
9648.000000
7483.000000
3084.000000
2648.000000
2608.000000
2575.000000
3862.000000
5726.000000
6276.000000
6188.000000
4051.000000
2951.000000
3109.000000
5505.000000
8511.000000
8916.000000
9174.000000
9430.000000
9500.000000
9646.000000
9769.000000
9717.000000
9619.000000
9511.000000
9291.000000
8987.000000
8604.000000
8196.000000
7836.000000
7514.000000
7221.000000
7077.000000
7159.000000
7244.000000
6932.000000
6665.000000
6457.000000
6394.000000
7063.000000
7914.000000
8401.000000
8639.000000
8591.000000
8444.000000
8439.000000
8558.000000
8699.000000
8687.000000
8755.000000
8905.000000
9388.000000
9683.000000
9810.000000
8244.000000
6726.000000
8350.000000
5966.000000
6945.000000
5429.000000
5277.000000
6282.000000
9187.000000
8765.000000
8465.000000
8106.000000
7918.000000
8131.000000
8253.000000
8231.000000
8362.000000
8589.000000
8980.000000
9267.000000
9493.000000
9496.000000
9857.000000
5620.000000
6460.000000
7813.000000
8293.000000
8628.000000
8927.000000
9387.000000
9752.000000
9914.000000
10133.000000
10454.000000
7026.000000
2944.000000
4002.000000
4122.000000
4375.000000
5416.000000
5046.000000
4216.000000
3484.000000
3448.000000
3982.000000
6648.000000
9056.000000
8882.000000
9184.000000
9351.000000
9359.000000
9449.000000
9570.000000
9660.000000
9679.000000
9607.000000
9507.000000
9366.000000
9184.000000
8934.000000
8700.000000
8257.000000
7804.000000
7369.000000
6984.000000
6720.000000
6243.000000
5861.000000
5719.000000
5892.000000
6411.000000
7179.000000
7810.000000
8064.000000
8312.000000
8662.000000
8971.000000
9080.000000
9449.000000
9816.000000
9921.000000
9777.000000
9763.000000
9730.000000
10023.000000
8546.000000
7499.000000
9059.000000
6045.000000
8129.000000
6027.000000
5691.000000
6811.000000
9051.000000
8674.000000
8438.000000
8074.000000
7938.000000
7875.000000
7639.000000
7572.000000
7855.000000
8235.000000
8955.000000
9443.000000
9464.000000
9285.000000
9224.000000
6978.000000
7313.000000
7617.000000
7847.000000
7884.000000
7914.000000
8153.000000
8451.000000
8609.000000
8815.000000
8874.000000
7921.000000
4057.000000
3985.000000
4521.000000
4742.000000
4332.000000
3721.000000
3620.000000
3446.000000
3617.000000
4105.000000
6444.000000
8800.000000
8966.000000
9026.000000
8967.000000
9104.000000
9243.000000
9448.000000
9651.000000
9518.000000
9252.000000
9074.000000
9086.000000
8828.000000
8352.000000
7622.000000
6925.000000
6580.000000
6188.000000
6021.000000
6100.000000
6032.000000
5820.000000
5881.000000
6108.000000
6406.000000
6725.000000
7015.000000
7229.000000
7405.000000
7671.000000
7875.000000
7871.000000
7788.000000
8058.000000
8337.000000
8639.000000
8903.000000
9064.000000
9342.000000
8172.000000
7905.000000
8258.000000
6421.000000
8066.000000
6168.000000
5714.000000
7164.000000
8990.000000
8553.000000
8437.000000
8257.000000
8125.000000
8022.000000
7796.000000
7811.000000
7998.000000
8346.000000
8723.000000
8922.000000
8701.000000
8186.000000
7882.000000
6950.000000
6965.000000
6956.000000
6955.000000
6814.000000
6727.000000
6812.000000
6972.000000
7043.000000
7268.000000
7388.000000
7681.000000
5437.000000
3042.000000
3448.000000
4514.000000
4699.000000
3836.000000
3066.000000
2829.000000
3471.000000
4242.000000
7360.000000
8661.000000
8818.000000
9063.000000
9282.000000
9567.000000
9723.000000
9784.000000
9647.000000
9394.000000
9170.000000
8936.000000
8656.000000
8215.000000
7622.000000
7021.000000
6655.000000
6434.000000
6185.000000
6013.000000
6007.000000
5857.000000
5638.000000
5767.000000
6100.000000
6469.000000
6705.000000
6659.000000
6546.000000
6796.000000
7134.000000
7402.000000
7643.000000
7566.000000
7527.000000
7525.000000
8099.000000
8843.000000
9391.000000
9738.000000
8695.000000
7442.000000
7496.000000
7811.000000
8612.000000
6344.000000
5519.000000
7230.000000
8606.000000
8033.000000
7925.000000
8313.000000
8703.000000
9179.000000
9202.000000
9025.000000
8859.000000
8396.000000
8536.000000
9016.000000
9366.000000
9240.000000
8750.000000
6737.000000
6755.000000
6832.000000
6691.000000
6296.000000
6138.000000
5926.000000
5988.000000
6256.000000
6497.000000
6655.000000
6719.000000
6667.000000
3593.000000
3338.000000
4143.000000
4782.000000
3967.000000
2723.000000
2538.000000
3080.000000
4640.000000
7827.000000
8465.000000
8829.000000
9281.000000
9413.000000
9432.000000
9304.000000
9220.000000
9106.000000
8653.000000
8052.000000
7403.000000
6817.000000
6414.000000
6113.000000
6096.000000
6343.000000
6675.000000
6792.000000
6754.000000
6848.000000
6920.000000
6800.000000
6744.000000
6790.000000
6742.000000
6824.000000
7350.000000
7890.000000
8386.000000
8874.000000
9143.000000
9272.000000
9166.000000
8996.000000
8811.000000
8915.000000
9087.000000
9240.000000
9425.000000
8251.000000
6987.000000
7222.000000
8933.000000
8998.000000
6527.000000
5507.000000
7882.000000
9568.000000
8700.000000
8449.000000
8732.000000
8991.000000
9445.000000
9371.000000
8963.000000
8905.000000
8664.000000
8570.000000
8746.000000
8877.000000
8783.000000
8347.000000
6397.000000
6273.000000
6286.000000
6173.000000
5803.000000
5652.000000
5423.000000
5475.000000
5630.000000
5821.000000
5895.000000
5799.000000
7102.000000
5433.000000
3823.000000
4880.000000
4648.000000
4795.000000
4728.000000
3532.000000
3356.000000
5474.000000
8026.000000
7946.000000
8068.000000
8216.000000
8113.000000
8092.000000
8017.000000
7775.000000
7211.000000
6738.000000
6573.000000
6555.000000
6601.000000
6777.000000
6850.000000
6790.000000
6716.000000
6729.000000
6722.000000
6757.000000
7118.000000
7413.000000
7429.000000
7383.000000
7424.000000
7158.000000
7240.000000
8049.000000
8788.000000
9245.000000
9618.000000
9784.000000
9948.000000
10101.000000
10080.000000
9961.000000
9710.000000
9478.000000
9488.000000
9496.000000
9599.000000
9153.000000
8454.000000
9882.000000
8688.000000
7103.000000
5649.000000
7553.000000
8612.000000
8068.000000
7835.000000
7628.000000
7366.000000
7523.000000
7698.000000
7959.000000
8424.000000
8579.000000
8404.000000
7934.000000
7389.000000
7308.000000
7597.000000
5638.000000
5303.000000
5258.000000
5082.000000
4895.000000
4987.000000
5199.000000
5465.000000
5684.000000
5918.000000
6134.000000
6010.000000
6945.000000
7632.000000
3335.000000
3894.000000
4644.000000
4694.000000
4044.000000
2911.000000
3532.000000
6529.000000
7576.000000
6658.000000
6764.000000
6836.000000
6687.000000
6616.000000
6482.000000
6288.000000
5800.000000
5817.000000
6236.000000
6611.000000
6906.000000
7011.000000
6709.000000
6296.000000
5965.000000
5871.000000
5814.000000
5730.000000
5765.000000
5928.000000
5950.000000
6093.000000
6463.000000
6616.000000
6786.000000
7267.000000
7689.000000
7972.000000
8345.000000
8857.000000
9544.000000
9988.000000
10069.000000
10025.000000
9856.000000
9625.000000
9540.000000
9443.000000
9200.000000
10009.000000
9883.000000
10180.000000
9016.000000
8125.000000
5921.000000
7419.000000
7878.000000
7427.000000
7076.000000
6975.000000
6881.000000
6726.000000
6537.000000
6710.000000
6886.000000
7003.000000
6913.000000
6613.000000
6543.000000
7016.000000
7634.000000
5664.000000
4708.000000
4690.000000
4505.000000
4687.000000
5049.000000
5300.000000
5472.000000
5751.000000
6021.000000
6179.000000
6122.000000
6397.000000
8800.000000
5676.000000
3098.000000
3989.000000
3894.000000
3709.000000
2895.000000
4124.000000
7879.000000
6999.000000
6027.000000
6392.000000
6691.000000
6750.000000
6844.000000
6839.000000
6772.000000
6517.000000
6463.000000
6666.000000
6977.000000
7156.000000
7135.000000
6948.000000
6638.000000
6360.000000
6223.000000
6066.000000
5862.000000
5617.000000
5334.000000
5043.000000
5184.000000
5803.000000
6455.000000
6837.000000
7137.000000
7131.000000
6955.000000
7272.000000
8008.000000
8847.000000
9481.000000
9788.000000
10082.000000
10298.000000
10355.000000
10145.000000
9640.000000
9258.000000
9849.000000
9420.000000
8287.000000
8422.000000
8377.000000
5898.000000
7237.000000
7800.000000
7370.000000
6514.000000
5731.000000
5639.000000
5956.000000
6336.000000
6612.000000
6494.000000
6794.000000
7334.000000
7661.000000
7977.000000
8203.000000
8183.000000
6334.000000
4740.000000
4574.000000
4722.000000
4931.000000
5053.000000
5250.000000
5368.000000
5552.000000
5781.000000
5949.000000
6000.000000
5772.000000
8095.000000
8529.000000
4332.000000
3409.000000
3048.000000
2882.000000
2762.000000
5171.000000
9014.000000
7301.000000
6577.000000
6992.000000
7237.000000
7243.000000
7440.000000
7537.000000
7412.000000
7230.000000
7057.000000
6976.000000
7012.000000
6998.000000
6930.000000
6910.000000
6957.000000
7010.000000
6951.000000
6834.000000
6691.000000
6336.000000
5775.000000
5289.000000
5233.000000
5658.000000
6418.000000
7188.000000
7984.000000
8217.000000
8210.000000
8230.000000
8282.000000
8514.000000
9118.000000
9651.000000
10009.000000
10301.000000
10287.000000
10012.000000
9794.000000
9809.000000
9193.000000
8383.000000
7286.000000
7934.000000
7703.000000
6029.000000
6427.000000
6865.000000
7273.000000
7494.000000
7371.000000
6830.000000
6399.000000
6310.000000
6495.000000
6782.000000
7200.000000
7797.000000
8055.000000
8243.000000
8088.000000
7647.000000
7114.000000
5136.000000
4327.000000
4328.000000
4414.000000
4378.000000
4457.000000
4741.000000
5063.000000
5310.000000
5431.000000
5593.000000
5544.000000
7314.000000
9687.000000
6774.000000
3175.000000
2910.000000
2568.000000
3384.000000
6404.000000
9370.000000
8045.000000
7679.000000
7774.000000
7663.000000
7253.000000
6735.000000
6301.000000
5951.000000
5741.000000
5539.000000
5476.000000
6059.000000
6717.000000
7238.000000
7716.000000
7930.000000
7726.000000
7209.000000
6682.000000
6308.000000
5889.000000
5410.000000
4980.000000
4885.000000
5114.000000
5412.000000
6062.000000
7193.000000
7963.000000
8340.000000
8448.000000
8426.000000
8388.000000
8613.000000
9128.000000
9737.000000
10037.000000
10041.000000
9947.000000
9811.000000
9719.000000
9321.000000
8686.000000
7748.000000
7404.000000
7411.000000
6399.000000
6470.000000
6081.000000
5937.000000
6178.000000
6866.000000
7117.000000
6800.000000
6327.000000
5830.000000
5539.000000
5283.000000
5208.000000
5351.000000
5658.000000
5944.000000
5933.000000
7526.000000
5357.000000
3788.000000
3486.000000
3498.000000
3516.000000
3510.000000
3576.000000
3685.000000
4071.000000
4478.000000
5053.000000
5871.000000
7200.000000
9493.000000
8626.000000
5829.000000
4315.000000
4011.000000
4317.000000
6445.000000
9496.000000
8333.000000
7990.000000
7989.000000
7727.000000
7164.000000
6489.000000
5701.000000
5012.000000
4320.000000
3637.000000
3241.000000
3474.000000
4438.000000
5443.000000
5974.000000
6141.000000
5930.000000
5399.000000
5053.000000
5173.000000
5361.000000
5639.000000
5866.000000
5882.000000
5874.000000
5711.000000
5620.000000
6086.000000
6924.000000
7613.000000
7965.000000
8086.000000
8172.000000
8202.000000
8481.000000
8942.000000
9515.000000
9855.000000
9854.000000
9746.000000
9522.000000
8953.000000
8289.000000
7405.000000
6474.000000
6420.000000
6450.000000
6255.000000
6170.000000
6146.000000
6111.000000
6510.000000
6802.000000
6468.000000
5964.000000
5314.000000
4708.000000
4601.000000
4545.000000
4860.000000
5038.000000
4989.000000
4957.000000
8720.000000
7359.000000
5975.000000
6033.000000
6743.000000
7600.000000
8011.000000
7560.000000
6736.000000
5657.000000
5512.000000
7316.000000
9264.000000
10276.000000
11136.000000
10910.000000
9648.000000
6961.000000
4132.000000
3856.000000
6490.000000
8476.000000
7724.000000
7852.000000
7851.000000
7832.000000
7586.000000
7258.000000
6628.000000
5777.000000
4863.000000
3904.000000
3201.000000
3071.000000
3506.000000
4156.000000
4812.000000
5167.000000
5074.000000
4682.000000
4466.000000
4455.000000
4740.000000
5118.000000
5610.000000
5863.000000
5987.000000
6080.000000
6187.000000
6494.000000
7042.000000
7372.000000
7806.000000
8205.000000
8513.000000
8920.000000
9202.000000
9436.000000
9458.000000
9518.000000
9788.000000
9916.000000
9553.000000
8921.000000
8341.000000
7525.000000
6941.000000
6952.000000
6859.000000
6864.000000
7133.000000
7284.000000
7386.000000
7510.000000
7342.000000
6854.000000
6019.000000
5361.000000
4842.000000
4586.000000
4468.000000
4524.000000
4846.000000
5125.000000
5160.000000
9000.000000
8631.000000
8346.000000
8382.000000
8673.000000
9489.000000
10099.000000
9774.000000
8913.000000
7319.000000
7349.000000
9510.000000
11384.000000
12179.000000
12236.000000
11816.000000
10840.000000
8644.000000
5653.000000
4222.000000
5952.000000
7403.000000
6665.000000
6344.000000
6588.000000
6952.000000
7184.000000
7375.000000
7283.000000
6912.000000
6234.000000
5563.000000
5267.000000
5116.000000
5202.000000
5370.000000
5781.000000
6025.000000
5935.000000
5527.000000
5076.000000
4597.000000
4414.000000
4452.000000
4740.000000
5031.000000
5299.000000
5715.000000
5918.000000
6198.000000
6793.000000
7140.000000
7460.000000
7774.000000
8192.000000
8632.000000
8988.000000
9302.000000
9349.000000
9215.000000
9027.000000
8631.000000
8033.000000
7575.000000
7752.000000
8282.000000
8581.000000
8387.000000
7618.000000
7472.000000
6993.000000
6579.000000
6055.000000
5665.000000
5430.000000
5541.000000
5971.000000
6377.000000
6683.000000
6858.000000
6656.000000
6213.000000
5641.000000
5129.000000
4897.000000
6550.000000
6555.000000
6468.000000
6236.000000
5657.000000
5186.000000
5037.000000
4739.000000
4559.000000
5052.000000
6904.000000
9058.000000
10748.000000
11687.000000
11669.000000
11159.000000
10075.000000
8096.000000
5690.000000
4527.000000
5750.000000
6292.000000
6041.000000
5087.000000
5245.000000
5315.000000
5339.000000
5405.000000
5427.000000
5375.000000
5416.000000
5725.000000
6131.000000
6081.000000
6334.000000
6799.000000
6664.000000
6744.000000
6996.000000
6742.000000
6024.000000
5524.000000
5291.000000
5141.000000
5123.000000
5198.000000
5310.000000
5521.000000
5577.000000
5641.000000
5785.000000
5785.000000
5857.000000
5982.000000
6044.000000
6505.000000
7147.000000
7961.000000
8445.000000
8527.000000
8200.000000
7540.000000
6495.000000
5841.000000
6338.000000
7615.000000
8402.000000
8657.000000
8316.000000
8074.000000
7731.000000
7381.000000
6664.000000
5796.000000
5359.000000
5266.000000
5463.000000
5785.000000
6168.000000
6736.000000
7073.000000
7156.000000
6747.000000
5950.000000
5150.000000
