3.000000
116.000000
148.000000
12.000000
947.000000
160.000000
98.000000
664.000000
55.000000
77.000000
107.000000
178.000000
577.000000
379.000000
692.000000
151.000000
31.000000
64.000000
99.000000
242.000000
320.000000
42.000000
15.000000
25.000000
33.000000
100.000000
742.000000
145.000000
51.000000
119.000000
93.000000
104.000000
161.000000
187.000000
440.000000
1532.000000
427.000000
95.000000
38.000000
102.000000
98.000000
258.000000
388.000000
36.000000
15.000000
15.000000
20.000000
130.000000
923.000000
780.000000
57.000000
38.000000
105.000000
349.000000
2552.000000
2761.000000
2867.000000
3171.000000
474.000000
59.000000
23.000000
402.000000
32.000000
119.000000
210.000000
89.000000
22.000000
22.000000
6.000000
360.000000
1361.000000
1053.000000
59.000000
185.000000
530.000000
2385.000000
2410.000000
2412.000000
2266.000000
2405.000000
2703.000000
2489.000000
122.000000
483.000000
19.000000
120.000000
274.000000
150.000000
22.000000
22.000000
34.000000
546.000000
1718.000000
786.000000
99.000000
227.000000
2308.000000
2249.000000
1830.000000
3453.000000
4255.000000
2376.000000
1587.000000
1747.000000
2164.000000
138.000000
79.000000
49.000000
208.000000
154.000000
22.000000
22.000000
23.000000
197.000000
1844.000000
582.000000
124.000000
2496.000000
1725.000000
1473.000000
2633.000000
2809.000000
3603.000000
3242.000000
1395.000000
1808.000000
2113.000000
125.000000
72.000000
44.000000
124.000000
38.000000
22.000000
22.000000
6.000000
303.000000
1353.000000
322.000000
1600.000000
1876.000000
2715.000000
2551.000000
2118.000000
2722.000000
3328.000000
1379.000000
1241.000000
1232.000000
1790.000000
21.000000
30.000000
24.000000
134.000000
15.000000
22.000000
22.000000
22.000000
231.000000
534.000000
192.000000
2586.000000
2537.000000
2464.000000
2531.000000
2633.000000
1948.000000
3125.000000
941.000000
632.000000
605.000000
4487.000000
24.000000
48.000000
5.000000
90.000000
15.000000
22.000000
22.000000
22.000000
128.000000
335.000000
2393.000000
2550.000000
2608.000000
2182.000000
1385.000000
1191.000000
1980.000000
2506.000000
1112.000000
1111.000000
3099.000000
4154.000000
76.000000
34.000000
6.000000
22.000000
22.000000
22.000000
22.000000
22.000000
108.000000
608.000000
2836.000000
2604.000000
2488.000000
2692.000000
1765.000000
885.000000
2923.000000
1297.000000
1330.000000
1825.000000
2340.000000
4019.000000
52.000000
24.000000
11.000000
22.000000
22.000000
22.000000
22.000000
22.000000
84.000000
1455.000000
2923.000000
2655.000000
2462.000000
2415.000000
2366.000000
722.000000
3914.000000
832.000000
1904.000000
770.000000
2492.000000
4153.000000
205.000000
58.000000
22.000000
22.000000
22.000000
22.000000
22.000000
6.000000
125.000000
1874.000000
2563.000000
2476.000000
2879.000000
2768.000000
2237.000000
1019.000000
2869.000000
935.000000
2658.000000
280.000000
3038.000000
4454.000000
271.000000
96.000000
22.000000
25.000000
27.000000
22.000000
30.000000
66.000000
143.000000
2585.000000
2564.000000
2840.000000
3029.000000
3281.000000
2380.000000
970.000000
1832.000000
481.000000
2135.000000
965.000000
3197.000000
2634.000000
109.000000
53.000000
22.000000
37.000000
85.000000
30.000000
118.000000
96.000000
1326.000000
2042.000000
2223.000000
2982.000000
2923.000000
3064.000000
3115.000000
1763.000000
304.000000
426.000000
427.000000
49.000000
2828.000000
99.000000
98.000000
49.000000
19.000000
79.000000
306.000000
173.000000
120.000000
102.000000
1384.000000
2333.000000
2123.000000
2731.000000
3031.000000
3071.000000
3195.000000
1667.000000
474.000000
60.000000
22.000000
155.000000
1306.000000
103.000000
248.000000
124.000000
12.000000
97.000000
321.000000
1047.000000
481.000000
45.000000
454.000000
1633.000000
336.000000
1876.000000
2592.000000
3295.000000
2929.000000
3525.000000
2274.000000
289.000000
32.000000
354.000000
325.000000
224.000000
517.000000
368.000000
67.000000
309.000000
139.000000
1117.000000
977.000000
2944.000000
1290.000000
1250.000000
641.000000
1707.000000
2335.000000
3308.000000
3395.000000
3252.000000
3627.000000
752.000000
132.000000
96.000000
211.000000
310.000000
646.000000
389.000000
187.000000
366.000000
84.000000
463.000000
3225.000000
2616.000000
1708.000000
1552.000000
1864.000000
1310.000000
572.000000
2635.000000
2361.000000
3180.000000
3122.000000
856.000000
598.000000
277.000000
83.000000
174.000000
373.000000
28.000000
311.000000
683.000000
209.000000
124.000000
1950.000000
2263.000000
2438.000000
1493.000000
1614.000000
2045.000000
1504.000000
1909.000000
3122.000000
3744.000000
3690.000000
1162.000000
285.000000
55.000000
39.000000
111.000000
346.000000
58.000000
413.000000
678.000000
224.000000
808.000000
789.000000
1800.000000
1160.000000
1166.000000
434.000000
1914.000000
783.000000
2558.000000
1200.000000
2966.000000
2613.000000
905.000000
310.000000
49.000000
27.000000
284.000000
359.000000
525.000000
434.000000
421.000000
108.000000
621.000000
831.000000
1689.000000
552.000000
1576.000000
1537.000000
1720.000000
1725.000000
1633.000000
2489.000000
3685.000000
1963.000000
902.000000
3508.000000
33.000000
36.000000
296.000000
466.000000
407.000000
439.000000
482.000000
54.000000
