4009.000000
2441.000000
3001.000000
3501.000000
3603.000000
3776.000000
4944.000000
8354.000000
4628.000000
4328.000000
3484.000000
3829.000000
3799.000000
3963.000000
3802.000000
2462.000000
2843.000000
3054.000000
3605.000000
3889.000000
5586.000000
7382.000000
4222.000000
3784.000000
3731.000000
4191.000000
3469.000000
3536.000000
4329.000000
2360.000000
2709.000000
2669.000000
3263.000000
3361.000000
4915.000000
4536.000000
4431.000000
3593.000000
4193.000000
3623.000000
3297.000000
3408.000000
4400.000000
2477.000000
3806.000000
3063.000000
2625.000000
3557.000000
4843.000000
5174.000000
4463.000000
3157.000000
4422.000000
3861.000000
3862.000000
4132.000000
4068.000000
2488.000000
3540.000000
2920.000000
2492.000000
5590.000000
5040.000000
5094.000000
5708.000000
6171.000000
3509.000000
3904.000000
4044.000000
4453.000000
4165.000000
2599.000000
2906.000000
3202.000000
2168.000000
3607.000000
6485.000000
4699.000000
1303.000000
2749.000000
5759.000000
3429.000000
4166.000000
3874.000000
5047.000000
4187.000000
2855.000000
3579.000000
3366.000000
4627.000000
5117.000000
5709.000000
2222.000000
1138.000000
885.000000
3440.000000
3534.000000
3249.000000
5231.000000
4084.000000
2595.000000
4128.000000
4452.000000
5535.000000
5688.000000
5596.000000
4673.000000
1989.000000
2163.000000
3965.000000
3611.000000
3204.000000
4472.000000
3619.000000
2751.000000
3976.000000
3940.000000
5714.000000
5415.000000
5185.000000
4383.000000
4378.000000
2625.000000
3256.000000
3500.000000
3548.000000
4655.000000
3686.000000
2851.000000
3904.000000
4205.000000
5511.000000
5438.000000
4324.000000
4654.000000
4085.000000
4286.000000
1617.000000
3470.000000
3611.000000
4698.000000
4040.000000
3434.000000
3262.000000
3541.000000
5393.000000
4872.000000
4114.000000
4907.000000
3436.000000
4104.000000
4003.000000
3525.000000
3908.000000
4772.000000
4239.000000
3749.000000
3990.000000
4602.000000
3789.000000
3383.000000
2833.000000
4472.000000
3626.000000
4387.000000
4435.000000
3400.000000
3216.000000
4842.000000
4491.000000
3400.000000
4048.000000
3890.000000
3139.000000
3326.000000
3524.000000
4729.000000
4458.000000
4115.000000
4375.000000
3786.000000
3535.000000
6284.000000
4929.000000
3243.000000
4261.000000
3879.000000
2848.000000
3326.000000
3535.000000
4415.000000
4036.000000
3932.000000
3782.000000
3814.000000
3957.000000
