7853.000000
7309.000000
7185.000000
6777.000000
6405.000000
6496.000000
6834.000000
6893.000000
7561.000000
8784.000000
9523.000000
9516.000000
9352.000000
8441.000000
8237.000000
9067.000000
9321.000000
9167.000000
8518.000000
7410.000000
7583.000000
8090.000000
8888.000000
9422.000000
9569.000000
9606.000000
9613.000000
9213.000000
9067.000000
8867.000000
8727.000000
9106.000000
8300.000000
8840.000000
8205.000000
8519.000000
8529.000000
7597.000000
7672.000000
7859.000000
7510.000000
6965.000000
6910.000000
6885.000000
6939.000000
8349.000000
8971.000000
9372.000000
9349.000000
8885.000000
7847.000000
7744.000000
8186.000000
8694.000000
8501.000000
7905.000000
7323.000000
7942.000000
8205.000000
8713.000000
8929.000000
9178.000000
9367.000000
9236.000000
8914.000000
8769.000000
8475.000000
8370.000000
8530.000000
8176.000000
8493.000000
7711.000000
7238.000000
6117.000000
7307.000000
8233.000000
8324.000000
7680.000000
7931.000000
7724.000000
7413.000000
7046.000000
8515.000000
8903.000000
9051.000000
8818.000000
7870.000000
7162.000000
7058.000000
6979.000000
7498.000000
7533.000000
7210.000000
7230.000000
8076.000000
8280.000000
8792.000000
8410.000000
8735.000000
8523.000000
7690.000000
8066.000000
8164.000000
7863.000000
7260.000000
7773.000000
8033.000000
7681.000000
6892.000000
6447.000000
5441.000000
7515.000000
8675.000000
8590.000000
7932.000000
8050.000000
7953.000000
7786.000000
7526.000000
8677.000000
8653.000000
8496.000000
7438.000000
7390.000000
6993.000000
6504.000000
6022.000000
6252.000000
6527.000000
6598.000000
7100.000000
7805.000000
8208.000000
8381.000000
8219.000000
7938.000000
6993.000000
6624.000000
7200.000000
7590.000000
6966.000000
7003.000000
7271.000000
7315.000000
6917.000000
6677.000000
5353.000000
5665.000000
7924.000000
8884.000000
8705.000000
7981.000000
8108.000000
8088.000000
7831.000000
7685.000000
8253.000000
8157.000000
7705.000000
7140.000000
7303.000000
6964.000000
6105.000000
5750.000000
5722.000000
5989.000000
6048.000000
5961.000000
7319.000000
7757.000000
7709.000000
7009.000000
6833.000000
6663.000000
6871.000000
7177.000000
7176.000000
6836.000000
6921.000000
7184.000000
7144.000000
6557.000000
5425.000000
4809.000000
5231.000000
8012.000000
8809.000000
8412.000000
7499.000000
7991.000000
7970.000000
7504.000000
7372.000000
7528.000000
7411.000000
7245.000000
7078.000000
6997.000000
6331.000000
5912.000000
5914.000000
5363.000000
5403.000000
5003.000000
5137.000000
6055.000000
6834.000000
6811.000000
6630.000000
6591.000000
6787.000000
6987.000000
7276.000000
7304.000000
6961.000000
6928.000000
6984.000000
6893.000000
6305.000000
5353.000000
4763.000000
5002.000000
7915.000000
8592.000000
8119.000000
7178.000000
7519.000000
7393.000000
7279.000000
6936.000000
7067.000000
6668.000000
6721.000000
6726.000000
6440.000000
5985.000000
7725.000000
7730.000000
7992.000000
7866.000000
4558.000000
4557.000000
4677.000000
5155.000000
5487.000000
6094.000000
6390.000000
6746.000000
7075.000000
7219.000000
7174.000000
7028.000000
6884.000000
6796.000000
6491.000000
6118.000000
5206.000000
4679.000000
4835.000000
7558.000000
8127.000000
7590.000000
7161.000000
7049.000000
7010.000000
6543.000000
6184.000000
6170.000000
6014.000000
5957.000000
5989.000000
7622.000000
7178.000000
6563.000000
7041.000000
6849.000000
7201.000000
7847.000000
7492.000000
6317.000000
4613.000000
5177.000000
5879.000000
6426.000000
6854.000000
7061.000000
7195.000000
7058.000000
6970.000000
6815.000000
6501.000000
6151.000000
5475.000000
4681.000000
4354.000000
4493.000000
7174.000000
7344.000000
6899.000000
6754.000000
6798.000000
6409.000000
5826.000000
5395.000000
5449.000000
5670.000000
7744.000000
7358.000000
6946.000000
6722.000000
6178.000000
6130.000000
5696.000000
5865.000000
6154.000000
6856.000000
6987.000000
7667.000000
7547.000000
5875.000000
6474.000000
7066.000000
7205.000000
6648.000000
6240.000000
7017.000000
6796.000000
6266.000000
5847.000000
5138.000000
4326.000000
4326.000000
4397.000000
6544.000000
6525.000000
6446.000000
6527.000000
6646.000000
6178.000000
5502.000000
5084.000000
6556.000000
7384.000000
7236.000000
6705.000000
6196.000000
5737.000000
5145.000000
5411.000000
5288.000000
5632.000000
5956.000000
5735.000000
5832.000000
6174.000000
7340.000000
6983.000000
7589.000000
7076.000000
5518.000000
5287.000000
5506.000000
6354.000000
5095.000000
5778.000000
5509.000000
4631.000000
4122.000000
4079.000000
4217.000000
6048.000000
6018.000000
6132.000000
6339.000000
6518.000000
5947.000000
5393.000000
5494.000000
7181.000000
6691.000000
6559.000000
6381.000000
5756.000000
5298.000000
5276.000000
5329.000000
5851.000000
6128.000000
5841.000000
6064.000000
6127.000000
5753.000000
5866.000000
5780.000000
6317.000000
7277.000000
5097.000000
4096.000000
4640.000000
5461.000000
5515.000000
5860.000000
4868.000000
4514.000000
4381.000000
4015.000000
3973.000000
5829.000000
5625.000000
5846.000000
6274.000000
6265.000000
5857.000000
5544.000000
7317.000000
5891.000000
5644.000000
6024.000000
5156.000000
4491.000000
5406.000000
4262.000000
5538.000000
5820.000000
5651.000000
5688.000000
6081.000000
5999.000000
6019.000000
5740.000000
5556.000000
6336.000000
5021.000000
4403.000000
5201.000000
5143.000000
5769.000000
6448.000000
6552.000000
6556.000000
6409.000000
2842.000000
4180.000000
3892.000000
5825.000000
5710.000000
5651.000000
5881.000000
6073.000000
6190.000000
6631.000000
6549.000000
4935.000000
4922.000000
5110.000000
3967.000000
4823.000000
3625.000000
4067.000000
5582.000000
5786.000000
5719.000000
5687.000000
5854.000000
5841.000000
5994.000000
6010.000000
5544.000000
5280.000000
4143.000000
3659.000000
4477.000000
4243.000000
5836.000000
6284.000000
6426.000000
6653.000000
5094.000000
5619.000000
6628.000000
3790.000000
6040.000000
6083.000000
5714.000000
5836.000000
6093.000000
6406.000000
6205.000000
5265.000000
4620.000000
4565.000000
3988.000000
4534.000000
4017.000000
5415.000000
6833.000000
5501.000000
5572.000000
5708.000000
5534.000000
5676.000000
5639.000000
5603.000000
5902.000000
5581.000000
5825.000000
3742.000000
4131.000000
3685.000000
4940.000000
5275.000000
5849.000000
6499.000000
6652.000000
6408.000000
6826.000000
5041.000000
5816.000000
6211.000000
6385.000000
5833.000000
5846.000000
6214.000000
6496.000000
5846.000000
4778.000000
4417.000000
4082.000000
4532.000000
7044.000000
9280.000000
8068.000000
7256.000000
5587.000000
5513.000000
5655.000000
5354.000000
5542.000000
5175.000000
5208.000000
5700.000000
5640.000000
5298.000000
4372.000000
4311.000000
5370.000000
5257.000000
5404.000000
4515.000000
4791.000000
7002.000000
6057.000000
6217.000000
7517.000000
5349.000000
6419.000000
6305.000000
5762.000000
5706.000000
6164.000000
6592.000000
5766.000000
4631.000000
4582.000000
3615.000000
3909.000000
8515.000000
6804.000000
6414.000000
8241.000000
6451.000000
5582.000000
5372.000000
5039.000000
5150.000000
5221.000000
5351.000000
5769.000000
5823.000000
5489.000000
3742.000000
3508.000000
4582.000000
4962.000000
4765.000000
4887.000000
4987.000000
6214.000000
6661.000000
5959.000000
6282.000000
3066.000000
6628.000000
6344.000000
5891.000000
5541.000000
6033.000000
6036.000000
5011.000000
3763.000000
3328.000000
3610.000000
8477.000000
5449.000000
1817.000000
7051.000000
6390.000000
8042.000000
5596.000000
4942.000000
4817.000000
4869.000000
4920.000000
5556.000000
5734.000000
5365.000000
4455.000000
3442.000000
4322.000000
4405.000000
4911.000000
4640.000000
5661.000000
5354.000000
5536.000000
6010.000000
6633.000000
5894.000000
6774.000000
6396.000000
6295.000000
5992.000000
5445.000000
5846.000000
5451.000000
4694.000000
3453.000000
3064.000000
8648.000000
7952.000000
7645.000000
3672.000000
8210.000000
8394.000000
7734.000000
5163.000000
2441.000000
1812.000000
4618.000000
4862.000000
5384.000000
5495.000000
5784.000000
5426.000000
3969.000000
3694.000000
4961.000000
5005.000000
5116.000000
4832.000000
5064.000000
6043.000000
5651.000000
6437.000000
6434.000000
6551.000000
6170.000000
6158.000000
5634.000000
5453.000000
5720.000000
5063.000000
4426.000000
3152.000000
3256.000000
7464.000000
7485.000000
7592.000000
7083.000000
7719.000000
6274.000000
5115.000000
8589.000000
8304.000000
3350.000000
4200.000000
4705.000000
5056.000000
5616.000000
4532.000000
4764.000000
4437.000000
4060.000000
4833.000000
5147.000000
5282.000000
4816.000000
4962.000000
5381.000000
6128.000000
6007.000000
6880.000000
5986.000000
6125.000000
5841.000000
5385.000000
5274.000000
5547.000000
4408.000000
3608.000000
3593.000000
5050.000000
7251.000000
7172.000000
7380.000000
7924.000000
6264.000000
5264.000000
8587.000000
8776.000000
8305.000000
4242.000000
4606.000000
4761.000000
5118.000000
5463.000000
5407.000000
5133.000000
4545.000000
4116.000000
5060.000000
4861.000000
5296.000000
5339.000000
4966.000000
5204.000000
5355.000000
5691.000000
6226.000000
5620.000000
5943.000000
5686.000000
5167.000000
5240.000000
5553.000000
4157.000000
3309.000000
3380.000000
5716.000000
8121.000000
8350.000000
5184.000000
6528.000000
5478.000000
7883.000000
9065.000000
8569.000000
7852.000000
3866.000000
3573.000000
4873.000000
5166.000000
5317.000000
5418.000000
5066.000000
5267.000000
5178.000000
4877.000000
4699.000000
5182.000000
5176.000000
5151.000000
5224.000000
5111.000000
5866.000000
6320.000000
6177.000000
6018.000000
6473.000000
6245.000000
5804.000000
5996.000000
4224.000000
3514.000000
1532.000000
6755.000000
7820.000000
6915.000000
8929.000000
7442.000000
8714.000000
8937.000000
8259.000000
7824.000000
7054.000000
1490.000000
2119.000000
4323.000000
5127.000000
5007.000000
5455.000000
4820.000000
5106.000000
5002.000000
4740.000000
4642.000000
4521.000000
4713.000000
5201.000000
5244.000000
5170.000000
5581.000000
6056.000000
5502.000000
6972.000000
7622.000000
7432.000000
6838.000000
6901.000000
5485.000000
7544.000000
8606.000000
7967.000000
6116.000000
2135.000000
5906.000000
4090.000000
3570.000000
1613.000000
1229.000000
7013.000000
7204.000000
1551.000000
2018.000000
4274.000000
5153.000000
4745.000000
5074.000000
4865.000000
4880.000000
6182.000000
4655.000000
4934.000000
4807.000000
4944.000000
5133.000000
5263.000000
5408.000000
5462.000000
5777.000000
5136.000000
7846.000000
8441.000000
8390.000000
7892.000000
7482.000000
7086.000000
6497.000000
5182.000000
3352.000000
2026.000000
2385.000000
3738.000000
2299.000000
1977.000000
1608.000000
1382.000000
1075.000000
6043.000000
1592.000000
2717.000000
4547.000000
4886.000000
5135.000000
4485.000000
4889.000000
4929.000000
4509.000000
4737.000000
4611.000000
4508.000000
4861.000000
5007.000000
5066.000000
5251.000000
4979.000000
5485.000000
4990.000000
8124.000000
8850.000000
8836.000000
8282.000000
7813.000000
7459.000000
6876.000000
5797.000000
4144.000000
2746.000000
2840.000000
4773.000000
954.000000
2519.000000
2037.000000
1847.000000
1394.000000
3916.000000
1653.000000
3945.000000
4721.000000
4680.000000
5163.000000
4560.000000
4904.000000
4870.000000
4788.000000
4485.000000
4830.000000
4304.000000
4890.000000
4769.000000
4897.000000
4684.000000
4957.000000
5017.000000
5162.000000
8037.000000
8962.000000
8884.000000
8351.000000
7866.000000
7376.000000
7037.000000
6689.000000
4404.000000
3715.000000
3417.000000
3148.000000
2970.000000
2505.000000
2058.000000
1885.000000
2462.000000
2284.000000
2261.000000
4634.000000
4958.000000
4598.000000
4579.000000
4793.000000
4712.000000
4791.000000
4904.000000
4334.000000
4629.000000
4060.000000
4915.000000
4581.000000
5096.000000
4972.000000
4852.000000
4931.000000
5402.000000
7545.000000
8567.000000
8468.000000
8091.000000
7634.000000
7090.000000
6466.000000
8733.000000
7170.000000
7565.000000
5228.000000
3008.000000
3390.000000
3273.000000
3019.000000
3300.000000
2504.000000
2343.000000
3655.000000
4745.000000
4881.000000
4304.000000
4347.000000
4655.000000
4355.000000
4736.000000
5019.000000
4201.000000
4698.000000
3964.000000
4795.000000
3912.000000
4613.000000
4713.000000
4915.000000
4944.000000
4487.000000
6626.000000
7677.000000
7457.000000
7111.000000
6730.000000
6367.000000
6116.000000
7064.000000
7654.000000
7338.000000
6595.000000
3543.000000
4008.000000
3968.000000
1938.000000
2784.000000
4277.000000
4324.000000
4685.000000
3940.000000
4455.000000
4181.000000
4570.000000
4595.000000
4656.000000
4828.000000
5118.000000
4472.000000
4216.000000
4261.000000
4674.000000
4609.000000
4619.000000
4753.000000
4806.000000
5019.000000
3866.000000
5976.000000
6365.000000
6235.000000
6140.000000
6043.000000
5828.000000
5469.000000
5179.000000
8149.000000
7446.000000
5844.000000
4123.000000
3698.000000
1171.000000
4547.000000
5681.000000
5049.000000
2991.000000
4868.000000
4242.000000
4652.000000
3963.000000
4467.000000
4709.000000
4377.000000
4956.000000
5144.000000
4590.000000
4475.000000
4267.000000
4460.000000
4576.000000
4174.000000
4740.000000
4817.000000
4986.000000
3935.000000
5281.000000
5530.000000
5332.000000
5285.000000
5165.000000
5018.000000
4710.000000
4471.000000
5505.000000
8260.000000
5353.000000
3336.000000
4111.000000
7952.000000
6872.000000
5355.000000
5336.000000
4502.000000
5372.000000
5390.000000
5211.000000
3644.000000
4164.000000
4496.000000
4425.000000
5076.000000
4938.000000
4781.000000
4097.000000
4094.000000
3615.000000
4521.000000
3819.000000
4669.000000
4727.000000
4958.000000
3981.000000
4000.000000
4208.000000
4364.000000
4613.000000
4266.000000
3766.000000
3439.000000
3376.000000
3836.000000
5470.000000
7393.000000
4264.000000
5223.000000
6702.000000
7894.000000
5608.000000
5806.000000
5503.000000
5481.000000
5623.000000
5509.000000
5060.000000
4236.000000
4469.000000
4282.000000
5211.000000
4971.000000
4690.000000
4203.000000
3589.000000
3398.000000
4400.000000
3685.000000
4503.000000
4658.000000
4783.000000
4179.000000
2080.000000
2093.000000
3609.000000
4137.000000
3693.000000
3606.000000
3766.000000
3273.000000
2905.000000
5518.000000
4107.000000
7154.000000
6056.000000
3901.000000
6611.000000
7727.000000
7396.000000
6989.000000
5720.000000
5321.000000
5176.000000
5203.000000
4523.000000
4997.000000
4819.000000
5134.000000
4672.000000
4637.000000
4436.000000
4043.000000
3710.000000
4389.000000
3460.000000
4408.000000
4503.000000
4791.000000
4357.000000
1233.000000
2125.000000
4635.000000
4969.000000
3852.000000
3717.000000
3564.000000
3063.000000
2752.000000
4606.000000
6256.000000
5489.000000
1951.000000
2510.000000
2515.000000
2459.000000
8284.000000
7988.000000
6973.000000
5285.000000
4884.000000
5342.000000
5124.000000
4930.000000
5450.000000
5073.000000
5069.000000
4780.000000
4459.000000
4067.000000
3727.000000
4502.000000
4080.000000
4167.000000
4121.000000
4790.000000
4538.000000
1527.000000
3367.000000
5737.000000
5944.000000
4894.000000
4572.000000
4022.000000
3284.000000
2850.000000
4514.000000
6539.000000
7834.000000
8088.000000
8603.000000
8306.000000
8501.000000
8575.000000
8377.000000
7377.000000
5612.000000
5550.000000
5549.000000
5708.000000
3811.000000
5587.000000
5027.000000
4906.000000
4907.000000
4382.000000
4063.000000
4156.000000
4095.000000
4592.000000
3994.000000
3892.000000
4684.000000
4577.000000
1882.000000
4453.000000
6321.000000
6330.000000
5257.000000
4292.000000
3941.000000
5178.000000
6222.000000
7032.000000
7403.000000
7724.000000
6717.000000
7022.000000
7848.000000
8264.000000
8799.000000
8474.000000
7017.000000
5235.000000
5863.000000
5415.000000
5832.000000
4605.000000
4534.000000
5185.000000
4773.000000
4671.000000
4510.000000
4519.000000
4084.000000
4117.000000
4458.000000
3348.000000
3681.000000
4622.000000
4479.000000
2474.000000
4897.000000
6374.000000
6524.000000
5281.000000
3659.000000
3331.000000
6791.000000
7594.000000
8299.000000
8448.000000
8317.000000
7631.000000
6428.000000
7167.000000
8031.000000
8447.000000
7772.000000
6320.000000
4889.000000
5266.000000
6067.000000
5641.000000
4904.000000
2016.000000
5264.000000
4919.000000
4578.000000
4716.000000
4351.000000
3952.000000
3763.000000
4468.000000
2612.000000
3465.000000
4441.000000
4247.000000
3281.000000
4830.000000
5849.000000
6361.000000
5328.000000
3713.000000
3158.000000
7341.000000
8406.000000
9023.000000
9128.000000
8853.000000
7982.000000
5362.000000
6458.000000
7563.000000
7948.000000
7297.000000
5697.000000
4241.000000
4681.000000
5560.000000
5951.000000
5277.000000
2971.000000
3150.000000
4809.000000
4639.000000
4768.000000
4401.000000
4269.000000
3746.000000
4091.000000
2945.000000
2633.000000
3733.000000
3902.000000
