2105.000000
2854.000000
1965.000000
1115.000000
1346.000000
935.000000
972.000000
1629.000000
1943.000000
880.000000
1050.000000
1252.000000
1280.000000
2681.000000
2985.000000
3002.000000
1398.000000
2785.000000
2031.000000
4283.000000
1499.000000
2166.000000
1787.000000
1286.000000
4744.000000
4722.000000
2221.000000
2705.000000
2555.000000
1674.000000
1778.000000
3096.000000
1382.000000
938.000000
836.000000
2244.000000
1285.000000
1414.000000
1662.000000
2526.000000
1483.000000
3035.000000
5576.000000
2313.000000
2942.000000
2423.000000
2191.000000
1970.000000
1682.000000
1449.000000
1453.000000
1230.000000
1643.000000
1537.000000
2932.000000
2647.000000
3131.000000
2038.000000
2342.000000
3267.000000
1785.000000
2422.000000
1408.000000
1349.000000
3830.000000
1754.000000
2283.000000
2462.000000
3673.000000
1571.000000
3387.000000
3398.000000
2433.000000
948.000000
1573.000000
849.000000
1222.000000
997.000000
1288.000000
2669.000000
1305.000000
1494.000000
2429.000000
2467.000000
815.000000
1552.000000
709.000000
735.000000
670.000000
2010.000000
3122.000000
1851.000000
1306.000000
1237.000000
2222.000000
807.000000
1075.000000
749.000000
712.000000
776.000000
3398.000000
3367.000000
2350.000000
2678.000000
1156.000000
817.000000
3420.000000
1059.000000
813.000000
679.000000
1233.000000
1105.000000
1649.000000
1182.000000
1085.000000
1153.000000
834.000000
691.000000
738.000000
927.000000
694.000000
