3253.000000
3238.000000
3276.000000
3291.000000
3281.000000
3270.000000
3286.000000
3300.000000
3321.000000
3323.000000
3318.000000
3339.000000
3379.000000
3375.000000
3378.000000
3381.000000
3393.000000
3393.000000
3400.000000
3514.000000
2872.000000
3022.000000
3506.000000
3372.000000
3398.000000
3447.000000
3444.000000
3401.000000
3385.000000
3258.000000
3288.000000
3246.000000
3291.000000
3286.000000
3300.000000
3303.000000
3302.000000
3351.000000
3333.000000
3318.000000
3324.000000
3319.000000
3348.000000
3378.000000
3381.000000
3393.000000
3423.000000
3408.000000
3391.000000
2872.000000
2985.000000
3386.000000
3387.000000
3393.000000
3370.000000
3305.000000
3381.000000
3375.000000
3279.000000
3271.000000
3274.000000
3271.000000
3281.000000
3289.000000
3304.000000
3321.000000
3337.000000
3340.000000
3354.000000
3337.000000
3398.000000
3393.000000
3393.000000
3388.000000
3393.000000
3400.000000
3403.000000
3393.000000
2934.000000
3469.000000
3428.000000
3376.000000
3376.000000
3316.000000
3108.000000
3393.000000
3393.000000
3279.000000
3274.000000
3259.000000
3284.000000
3318.000000
3265.000000
2311.000000
2345.000000
2944.000000
2783.000000
3457.000000
3354.000000
3447.000000
3414.000000
3387.000000
3398.000000
3423.000000
3408.000000
3388.000000
3388.000000
3172.000000
3179.000000
3377.000000
3388.000000
3346.000000
3090.000000
3269.000000
3393.000000
3373.000000
3335.000000
3327.000000
3349.000000
3313.000000
3366.000000
1591.000000
1526.000000
1548.000000
2027.000000
2520.000000
2708.000000
2992.000000
3465.000000
3449.000000
3474.000000
3437.000000
3450.000000
3420.000000
3402.000000
3540.000000
3539.000000
3303.000000
3342.000000
3375.000000
3299.000000
2602.000000
3311.000000
3403.000000
3360.000000
3410.000000
3477.000000
3772.000000
3397.000000
1716.000000
1165.000000
1152.000000
1183.000000
1478.000000
1957.000000
2162.000000
2322.000000
2676.000000
3478.000000
3464.000000
3484.000000
3479.000000
3494.000000
3407.000000
3412.000000
3586.000000
3465.000000
3330.000000
3335.000000
3114.000000
2299.000000
3374.000000
3291.000000
3382.000000
3805.000000
3813.000000
3821.000000
3752.000000
986.000000
964.000000
526.000000
1748.000000
3069.000000
1357.000000
1526.000000
2093.000000
2384.000000
2978.000000
3458.000000
3472.000000
3497.000000
3538.000000
3553.000000
3406.000000
3316.000000
3486.000000
3255.000000
3382.000000
3098.000000
2348.000000
3342.000000
3441.000000
3393.000000
3824.000000
3824.000000
3788.000000
3791.000000
2808.000000
1665.000000
2430.000000
1918.000000
1817.000000
3110.000000
1317.000000
1437.000000
2078.000000
2128.000000
3461.000000
3461.000000
3456.000000
3542.000000
3559.000000
3455.000000
3516.000000
3392.000000
3167.000000
3257.000000
3045.000000
2494.000000
3251.000000
3337.000000
3407.000000
3825.000000
3825.000000
3813.000000
3761.000000
2784.000000
2084.000000
1961.000000
1721.000000
1656.000000
666.000000
1828.000000
1587.000000
1930.000000
2349.000000
3137.000000
3268.000000
3479.000000
3602.000000
3529.000000
3399.000000
3497.000000
3482.000000
2709.000000
3143.000000
2552.000000
2385.000000
2743.000000
3349.000000
3367.000000
3825.000000
3825.000000
3825.000000
3013.000000
1928.000000
2757.000000
2324.000000
868.000000
2654.000000
910.000000
1504.000000
1408.000000
1643.000000
2216.000000
2716.000000
3073.000000
3459.000000
3475.000000
3529.000000
2843.000000
3312.000000
3675.000000
2361.000000
3030.000000
2351.000000
2419.000000
2872.000000
3297.000000
3386.000000
3825.000000
3825.000000
3798.000000
2350.000000
1819.000000
1372.000000
1849.000000
1314.000000
3108.000000
2905.000000
1451.000000
1465.000000
1528.000000
2171.000000
2012.000000
3456.000000
3361.000000
3002.000000
3272.000000
2715.000000
2901.000000
3577.000000
2509.000000
2636.000000
2454.000000
2511.000000
3128.000000
3340.000000
3333.000000
3825.000000
3825.000000
3805.000000
2312.000000
1738.000000
1665.000000
3037.000000
2776.000000
905.000000
2967.000000
544.000000
1641.000000
1570.000000
1919.000000
2341.000000
2672.000000
3223.000000
2776.000000
2894.000000
2471.000000
2481.000000
2977.000000
2942.000000
2395.000000
2624.000000
2584.000000
3157.000000
3357.000000
3451.000000
3825.000000
3825.000000
3789.000000
1731.000000
1406.000000
1811.000000
1752.000000
3337.000000
3243.000000
3059.000000
3003.000000
1073.000000
1557.000000
1636.000000
2160.000000
2414.000000
2409.000000
2401.000000
810.000000
2775.000000
2500.000000
2637.000000
2689.000000
2768.000000
2776.000000
2706.000000
2958.000000
3340.000000
3403.000000
3825.000000
3825.000000
3807.000000
1850.000000
1277.000000
1068.000000
710.000000
3178.000000
3188.000000
3214.000000
3178.000000
718.000000
1520.000000
1658.000000
1978.000000
2066.000000
2103.000000
1911.000000
1703.000000
1769.000000
2912.000000
3091.000000
2424.000000
2696.000000
2500.000000
2842.000000
2912.000000
3525.000000
3327.000000
3825.000000
3825.000000
3797.000000
1676.000000
1298.000000
527.000000
558.000000
641.000000
3130.000000
3157.000000
1672.000000
583.000000
1567.000000
1619.000000
1555.000000
2207.000000
1958.000000
1766.000000
1641.000000
2550.000000
2278.000000
2916.000000
2580.000000
2622.000000
2520.000000
2999.000000
3137.000000
3483.000000
3360.000000
3825.000000
3825.000000
3807.000000
1934.000000
1017.000000
375.000000
696.000000
544.000000
2851.000000
2870.000000
673.000000
596.000000
1456.000000
1649.000000
1427.000000
1969.000000
1702.000000
1779.000000
1930.000000
2403.000000
3060.000000
3542.000000
2414.000000
2746.000000
2648.000000
3039.000000
3058.000000
3454.000000
3228.000000
3825.000000
3825.000000
3813.000000
1125.000000
2437.000000
744.000000
942.000000
508.000000
2533.000000
1589.000000
580.000000
578.000000
1300.000000
1606.000000
1425.000000
1664.000000
1521.000000
1224.000000
2169.000000
2684.000000
2975.000000
1114.000000
2551.000000
2810.000000
2666.000000
2940.000000
3433.000000
3452.000000
3682.000000
3825.000000
3825.000000
3821.000000
1459.000000
1179.000000
821.000000
591.000000
478.000000
795.000000
475.000000
568.000000
649.000000
1396.000000
1489.000000
1511.000000
1592.000000
1423.000000
1882.000000
2216.000000
2496.000000
2906.000000
2748.000000
2320.000000
2359.000000
2641.000000
3155.000000
3214.000000
3230.000000
3405.000000
3825.000000
3825.000000
3813.000000
3678.000000
1705.000000
2349.000000
2429.000000
1087.000000
442.000000
375.000000
566.000000
696.000000
1389.000000
1472.000000
1539.000000
1502.000000
1141.000000
1715.000000
1920.000000
2428.000000
2837.000000
3094.000000
2424.000000
2218.000000
2481.000000
3242.000000
3044.000000
2835.000000
2987.000000
3825.000000
3825.000000
3526.000000
3755.000000
690.000000
2430.000000
2257.000000
1055.000000
403.000000
542.000000
550.000000
811.000000
1375.000000
1218.000000
1472.000000
1404.000000
1051.000000
1648.000000
1867.000000
2148.000000
2680.000000
2507.000000
2836.000000
1813.000000
2103.000000
3287.000000
2800.000000
3001.000000
3251.000000
3825.000000
3825.000000
3650.000000
3145.000000
2573.000000
2312.000000
2248.000000
1021.000000
511.000000
537.000000
881.000000
1167.000000
1489.000000
1252.000000
1559.000000
1317.000000
939.000000
1456.000000
1669.000000
1733.000000
2715.000000
2046.000000
2458.000000
2529.000000
2551.000000
2560.000000
2611.000000
3352.000000
3324.000000
3825.000000
3825.000000
3416.000000
2780.000000
2531.000000
2383.000000
3073.000000
1006.000000
544.000000
715.000000
1095.000000
1288.000000
1317.000000
1298.000000
1482.000000
1314.000000
912.000000
1539.000000
1404.000000
1736.000000
2711.000000
2763.000000
2238.000000
2195.000000
2282.000000
2650.000000
2876.000000
3193.000000
3278.000000
3825.000000
3813.000000
3558.000000
2622.000000
2433.000000
3185.000000
3753.000000
1151.000000
1221.000000
973.000000
941.000000
1357.000000
1258.000000
1360.000000
1432.000000
1234.000000
775.000000
1168.000000
1286.000000
1548.000000
1886.000000
2942.000000
847.000000
845.000000
2477.000000
2485.000000
2739.000000
2886.000000
2944.000000
3813.000000
3746.000000
3544.000000
2973.000000
2654.000000
3758.000000
3766.000000
1260.000000
1439.000000
1332.000000
1330.000000
1223.000000
1199.000000
1328.000000
1313.000000
1255.000000
822.000000
1264.000000
1184.000000
1504.000000
1746.000000
2637.000000
860.000000
1409.000000
1253.000000
2396.000000
2716.000000
3137.000000
2833.000000
3675.000000
3138.000000
3545.000000
3109.000000
3714.000000
3787.000000
3786.000000
1452.000000
700.000000
1365.000000
1411.000000
1181.000000
1241.000000
1311.000000
1280.000000
1298.000000
736.000000
993.000000
1296.000000
1488.000000
1712.000000
2474.000000
874.000000
2943.000000
2651.000000
3630.000000
2591.000000
3371.000000
2855.000000
3610.000000
2982.000000
3650.000000
3019.000000
3700.000000
3708.000000
3716.000000
1600.000000
681.000000
1368.000000
1290.000000
1154.000000
1118.000000
1272.000000
1230.000000
1182.000000
813.000000
737.000000
1126.000000
1513.000000
1674.000000
2426.000000
2042.000000
2635.000000
2855.000000
3697.000000
2627.000000
3378.000000
3543.000000
3546.000000
3333.000000
3574.000000
3354.000000
3725.000000
3056.000000
3353.000000
2074.000000
799.000000
1523.000000
1227.000000
1239.000000
1012.000000
1146.000000
1229.000000
1082.000000
825.000000
695.000000
942.000000
1332.000000
1766.000000
2152.000000
2451.000000
3035.000000
3213.000000
3504.000000
2369.000000
3318.000000
3698.000000
3220.000000
2816.000000
2988.000000
3673.000000
3740.000000
3011.000000
3314.000000
3583.000000
788.000000
561.000000
1290.000000
1177.000000
1238.000000
1157.000000
1017.000000
1061.000000
902.000000
778.000000
865.000000
1151.000000
1776.000000
1832.000000
2162.000000
2675.000000
3277.000000
2778.000000
2350.000000
3539.000000
3473.000000
2568.000000
2817.000000
3273.000000
3786.000000
3791.000000
3797.000000
3814.000000
3683.000000
914.000000
527.000000
1144.000000
1139.000000
1151.000000
1186.000000
1155.000000
1077.000000
982.000000
789.000000
757.000000
905.000000
1495.000000
1870.000000
2489.000000
2576.000000
2298.000000
3739.000000
2600.000000
2568.000000
3651.000000
