336.000000
513.000000
756.000000
772.000000
758.000000
813.000000
1311.000000
1047.000000
1010.000000
1422.000000
1305.000000
947.000000
1556.000000
1296.000000
2535.000000
1249.000000
1076.000000
801.000000
1213.000000
766.000000
932.000000
710.000000
1147.000000
1074.000000
1426.000000
1378.000000
647.000000
693.000000
1108.000000
793.000000
656.000000
504.000000
622.000000
456.000000
421.000000
1028.000000
1268.000000
706.000000
500.000000
291.000000
274.000000
300.000000
395.000000
486.000000
333.000000
604.000000
652.000000
1305.000000
1018.000000
1081.000000
942.000000
2408.000000
1056.000000
1394.000000
1203.000000
1861.000000
2145.000000
934.000000
1240.000000
1424.000000
1068.000000
949.000000
1387.000000
1234.000000
925.000000
2736.000000
2089.000000
1513.000000
2016.000000
1769.000000
992.000000
1578.000000
623.000000
718.000000
830.000000
467.000000
455.000000
647.000000
1126.000000
1225.000000
402.000000
316.000000
625.000000
334.000000
365.000000
302.000000
406.000000
486.000000
396.000000
939.000000
2439.000000
1396.000000
775.000000
970.000000
1631.000000
1392.000000
1500.000000
1817.000000
1928.000000
1341.000000
2483.000000
1052.000000
1252.000000
1229.000000
1423.000000
1043.000000
1738.000000
1431.000000
1505.000000
1849.000000
2621.000000
2101.000000
1823.000000
1821.000000
1716.000000
698.000000
689.000000
576.000000
492.000000
512.000000
996.000000
1231.000000
900.000000
673.000000
429.000000
445.000000
1938.000000
467.000000
407.000000
548.000000
580.000000
712.000000
708.000000
527.000000
968.000000
975.000000
1036.000000
2792.000000
1281.000000
1399.000000
2499.000000
1699.000000
2447.000000
1727.000000
1367.000000
1369.000000
1360.000000
1416.000000
1539.000000
1760.000000
2602.000000
2336.000000
1772.000000
2323.000000
2708.000000
2451.000000
1180.000000
1083.000000
1066.000000
979.000000
791.000000
549.000000
792.000000
1269.000000
1243.000000
1123.000000
1494.000000
728.000000
569.000000
594.000000
760.000000
710.000000
491.000000
526.000000
774.000000
893.000000
773.000000
811.000000
1340.000000
1424.000000
1792.000000
2074.000000
1670.000000
3579.000000
1964.000000
2430.000000
2478.000000
1824.000000
1456.000000
1448.000000
1494.000000
1458.000000
2031.000000
2730.000000
1446.000000
2632.000000
1914.000000
2157.000000
1863.000000
1589.000000
911.000000
744.000000
741.000000
549.000000
510.000000
1173.000000
1454.000000
1354.000000
762.000000
614.000000
545.000000
555.000000
435.000000
490.000000
422.000000
503.000000
589.000000
649.000000
900.000000
1138.000000
857.000000
869.000000
2174.000000
1605.000000
2264.000000
1360.000000
1599.000000
2565.000000
1859.000000
2316.000000
1760.000000
1445.000000
1496.000000
1667.000000
1457.000000
10101.000000
7859.000000
6236.000000
1211.000000
1952.000000
2127.000000
1935.000000
1495.000000
1184.000000
1184.000000
949.000000
879.000000
741.000000
1625.000000
1911.000000
1413.000000
685.000000
685.000000
703.000000
757.000000
612.000000
526.000000
396.000000
550.000000
653.000000
724.000000
796.000000
808.000000
1173.000000
1100.000000
1244.000000
2161.000000
2581.000000
1913.000000
2008.000000
2188.000000
2005.000000
2902.000000
2472.000000
1830.000000
2108.000000
2806.000000
2126.000000
3491.000000
3365.000000
5005.000000
1910.000000
1330.000000
2223.000000
1510.000000
2081.000000
932.000000
678.000000
907.000000
947.000000
2263.000000
5664.000000
4713.000000
2003.000000
568.000000
1229.000000
1036.000000
819.000000
642.000000
508.000000
397.000000
492.000000
684.000000
825.000000
915.000000
1044.000000
2004.000000
1514.000000
995.000000
2282.000000
2027.000000
3258.000000
1914.000000
1529.000000
1280.000000
1290.000000
2696.000000
1546.000000
1477.000000
2479.000000
2415.000000
2223.000000
2910.000000
3323.000000
3546.000000
2455.000000
1795.000000
1922.000000
1605.000000
992.000000
1079.000000
1599.000000
3198.000000
5112.000000
10565.000000
3536.000000
8985.000000
736.000000
480.000000
576.000000
825.000000
630.000000
525.000000
510.000000
444.000000
630.000000
815.000000
956.000000
1093.000000
1798.000000
1904.000000
1025.000000
1165.000000
1913.000000
2186.000000
2073.000000
1404.000000
1314.000000
2405.000000
1698.000000
1336.000000
1240.000000
1574.000000
1482.000000
1535.000000
3041.000000
3874.000000
4648.000000
4295.000000
5548.000000
5911.000000
6344.000000
6304.000000
4867.000000
2785.000000
3844.000000
3175.000000
2922.000000
835.000000
2230.000000
483.000000
1383.000000
2507.000000
938.000000
680.000000
741.000000
484.000000
341.000000
589.000000
616.000000
1110.000000
1463.000000
1538.000000
1584.000000
1329.000000
1605.000000
1858.000000
2181.000000
2482.000000
2192.000000
2981.000000
2892.000000
3291.000000
1578.000000
1669.000000
2246.000000
2408.000000
1831.000000
2940.000000
5217.000000
5186.000000
5289.000000
5843.000000
6744.000000
5073.000000
4081.000000
3990.000000
3498.000000
3949.000000
3420.000000
2875.000000
1564.000000
639.000000
435.000000
616.000000
677.000000
731.000000
780.000000
778.000000
348.000000
483.000000
438.000000
1391.000000
1556.000000
1664.000000
2049.000000
2284.000000
2003.000000
3292.000000
1838.000000
1909.000000
2108.000000
1968.000000
1391.000000
1287.000000
2033.000000
1402.000000
1477.000000
1849.000000
1136.000000
845.000000
1072.000000
3630.000000
4156.000000
3939.000000
5473.000000
5569.000000
6242.000000
5423.000000
3918.000000
3742.000000
3488.000000
2292.000000
1897.000000
1142.000000
472.000000
618.000000
446.000000
1029.000000
742.000000
662.000000
1029.000000
2774.000000
482.000000
458.000000
721.000000
1542.000000
1723.000000
2030.000000
1292.000000
1657.000000
2602.000000
2350.000000
3037.000000
2483.000000
3974.000000
1811.000000
3542.000000
1402.000000
1860.000000
1484.000000
2205.000000
2894.000000
3136.000000
3952.000000
4467.000000
3840.000000
3958.000000
3727.000000
4491.000000
4342.000000
4787.000000
4037.000000
3565.000000
2454.000000
2211.000000
1538.000000
2150.000000
2753.000000
2026.000000
2357.000000
3729.000000
512.000000
919.000000
1818.000000
1089.000000
420.000000
1283.000000
822.000000
886.000000
1350.000000
4698.000000
1425.000000
1539.000000
1369.000000
1826.000000
2416.000000
1809.000000
2095.000000
2924.000000
2438.000000
2168.000000
1391.000000
1581.000000
1882.000000
4001.000000
4204.000000
1976.000000
2570.000000
2938.000000
2226.000000
1944.000000
1725.000000
3261.000000
2478.000000
3473.000000
3292.000000
2461.000000
2799.000000
1896.000000
4576.000000
9001.000000
2923.000000
6278.000000
7783.000000
1513.000000
686.000000
647.000000
903.000000
714.000000
766.000000
633.000000
1168.000000
1586.000000
1739.000000
3298.000000
1813.000000
2128.000000
1963.000000
2137.000000
2574.000000
3083.000000
2021.000000
898.000000
1818.000000
1542.000000
4339.000000
5689.000000
4214.000000
3366.000000
2834.000000
1527.000000
1178.000000
570.000000
1136.000000
3059.000000
1476.000000
1244.000000
2648.000000
4532.000000
4700.000000
4671.000000
4060.000000
3496.000000
5890.000000
4490.000000
6032.000000
5999.000000
792.000000
870.000000
922.000000
652.000000
994.000000
825.000000
652.000000
1132.000000
1239.000000
2319.000000
1259.000000
872.000000
893.000000
1058.000000
1793.000000
3519.000000
1361.000000
2117.000000
1762.000000
2951.000000
6722.000000
4390.000000
3590.000000
3124.000000
3103.000000
2496.000000
1941.000000
2181.000000
238.000000
221.000000
224.000000
1493.000000
1545.000000
1228.000000
1226.000000
1450.000000
2238.000000
3700.000000
3314.000000
4191.000000
3485.000000
1743.000000
2691.000000
3565.000000
3528.000000
2316.000000
1374.000000
1010.000000
224.000000
558.000000
900.000000
920.000000
1100.000000
1609.000000
1288.000000
1253.000000
2397.000000
1257.000000
1428.000000
2962.000000
5504.000000
6985.000000
4863.000000
3006.000000
3755.000000
1649.000000
3434.000000
2446.000000
2620.000000
1560.000000
1886.000000
661.000000
505.000000
177.000000
1349.000000
2441.000000
3403.000000
2522.000000
1419.000000
1800.000000
2513.000000
3009.000000
3945.000000
5524.000000
2625.000000
1171.000000
1033.000000
961.000000
1045.000000
882.000000
162.000000
276.000000
515.000000
815.000000
995.000000
1371.000000
1376.000000
2551.000000
3438.000000
4704.000000
4828.000000
3108.000000
1883.000000
1899.000000
2795.000000
2642.000000
4515.000000
2937.000000
1656.000000
2041.000000
1182.000000
2276.000000
1451.000000
2089.000000
1208.000000
824.000000
728.000000
849.000000
1676.000000
3415.000000
1905.000000
1781.000000
1669.000000
1054.000000
2706.000000
3177.000000
5524.000000
4807.000000
604.000000
890.000000
707.000000
702.000000
1174.000000
990.000000
868.000000
1241.000000
1978.000000
2846.000000
3016.000000
2560.000000
1946.000000
726.000000
1562.000000
2533.000000
1348.000000
2270.000000
1347.000000
1835.000000
1309.000000
1418.000000
1240.000000
1332.000000
1199.000000
1036.000000
876.000000
1388.000000
1347.000000
1724.000000
562.000000
1193.000000
863.000000
2318.000000
1923.000000
1836.000000
2099.000000
1638.000000
788.000000
957.000000
3438.000000
5884.000000
4665.000000
1104.000000
427.000000
532.000000
1124.000000
484.000000
554.000000
460.000000
396.000000
503.000000
655.000000
624.000000
934.000000
1586.000000
1126.000000
959.000000
2233.000000
1715.000000
866.000000
645.000000
822.000000
940.000000
1474.000000
733.000000
581.000000
1114.000000
1042.000000
900.000000
1577.000000
1532.000000
1546.000000
658.000000
1367.000000
514.000000
1178.000000
1242.000000
980.000000
1049.000000
1805.000000
1198.000000
1087.000000
5026.000000
5348.000000
4340.000000
722.000000
490.000000
409.000000
1140.000000
994.000000
174.000000
56.000000
86.000000
416.000000
541.000000
459.000000
1153.000000
640.000000
1735.000000
2011.000000
1219.000000
1407.000000
903.000000
1016.000000
619.000000
893.000000
679.000000
1658.000000
787.000000
1142.000000
1089.000000
1520.000000
1565.000000
972.000000
368.000000
615.000000
1002.000000
1112.000000
1316.000000
1112.000000
3234.000000
1630.000000
1345.000000
1644.000000
993.000000
4578.000000
5396.000000
2428.000000
643.000000
1424.000000
889.000000
2311.000000
553.000000
156.000000
71.000000
165.000000
397.000000
368.000000
269.000000
489.000000
252.000000
1197.000000
460.000000
903.000000
470.000000
589.000000
704.000000
913.000000
982.000000
711.000000
513.000000
604.000000
672.000000
927.000000
2517.000000
1087.000000
1437.000000
835.000000
798.000000
790.000000
961.000000
718.000000
1709.000000
852.000000
2224.000000
585.000000
995.000000
1496.000000
7192.000000
5506.000000
2661.000000
579.000000
1526.000000
1337.000000
642.000000
1105.000000
