6472.000000
6649.000000
7159.000000
6883.000000
7078.000000
6981.000000
6940.000000
6191.000000
5356.000000
5083.000000
4732.000000
5889.000000
6751.000000
6660.000000
7595.000000
7915.000000
7661.000000
7530.000000
7807.000000
7751.000000
6929.000000
6983.000000
6844.000000
6143.000000
6433.000000
7006.000000
6782.000000
6494.000000
6295.000000
6448.000000
6646.000000
6483.000000
6743.000000
7090.000000
7928.000000
8115.000000
7642.000000
7046.000000
5967.000000
5211.000000
5057.000000
4922.000000
5782.000000
6891.000000
6732.000000
7659.000000
7927.000000
7156.000000
7033.000000
6983.000000
7464.000000
6723.000000
6477.000000
6567.000000
6161.000000
6579.000000
7033.000000
7169.000000
6894.000000
6527.000000
6268.000000
6261.000000
6142.000000
6548.000000
6866.000000
7242.000000
8805.000000
7812.000000
6784.000000
6958.000000
5631.000000
5274.000000
5009.000000
6475.000000
8150.000000
8907.000000
8091.000000
7926.000000
7340.000000
7200.000000
7112.000000
7579.000000
6933.000000
6689.000000
7369.000000
6854.000000
6944.000000
7315.000000
7413.000000
6474.000000
6919.000000
6436.000000
6364.000000
6318.000000
6553.000000
6896.000000
6601.000000
9859.000000
8197.000000
6810.000000
7473.000000
7469.000000
6606.000000
5590.000000
7123.000000
9063.000000
9585.000000
8433.000000
9010.000000
8345.000000
6967.000000
7087.000000
7459.000000
6796.000000
6891.000000
7131.000000
6603.000000
7029.000000
6967.000000
7134.000000
6338.000000
7363.000000
7109.000000
6327.000000
7311.000000
7315.000000
7224.000000
6784.000000
8828.000000
10782.000000
11274.000000
11504.000000
10215.000000
6451.000000
5407.000000
6975.000000
8225.000000
9775.000000
11797.000000
12420.000000
11285.000000
10254.000000
9321.000000
8747.000000
7896.000000
7276.000000
7020.000000
6910.000000
6852.000000
6931.000000
6942.000000
6655.000000
7280.000000
7221.000000
6953.000000
7622.000000
7562.000000
7398.000000
6733.000000
10933.000000
11677.000000
11466.000000
11410.000000
11328.000000
11617.000000
10885.000000
10652.000000
11270.000000
11777.000000
12396.000000
11900.000000
10301.000000
9241.000000
9370.000000
8943.000000
9319.000000
7561.000000
6433.000000
6432.000000
6399.000000
7627.000000
6673.000000
5888.000000
6355.000000
6323.000000
6469.000000
7943.000000
7492.000000
7759.000000
9909.000000
12058.000000
11971.000000
11616.000000
11469.000000
11636.000000
11784.000000
12027.000000
11672.000000
11376.000000
11805.000000
11911.000000
10866.000000
9579.000000
8609.000000
8908.000000
8629.000000
8556.000000
8887.000000
8100.000000
7669.000000
5943.000000
6538.000000
7319.000000
6190.000000
6809.000000
6543.000000
6488.000000
9197.000000
9115.000000
9985.000000
11159.000000
11385.000000
12059.000000
11697.000000
11205.000000
10661.000000
10672.000000
10997.000000
11397.000000
11625.000000
11960.000000
11584.000000
10103.000000
9134.000000
8486.000000
8234.000000
8364.000000
8561.000000
8545.000000
9161.000000
8704.000000
5470.000000
7156.000000
6947.000000
7170.000000
7779.000000
7599.000000
7176.000000
8690.000000
8492.000000
10381.000000
9667.000000
9967.000000
10427.000000
11139.000000
10573.000000
10228.000000
10235.000000
10152.000000
10932.000000
11420.000000
11693.000000
10993.000000
9357.000000
8807.000000
7970.000000
7701.000000
8231.000000
8431.000000
8714.000000
8913.000000
8579.000000
7682.000000
6113.000000
7178.000000
7486.000000
8560.000000
8311.000000
7161.000000
8244.000000
8872.000000
9304.000000
7820.000000
9006.000000
9615.000000
10171.000000
9882.000000
9686.000000
9751.000000
9889.000000
10679.000000
10961.000000
11299.000000
10645.000000
9733.000000
9263.000000
7772.000000
7076.000000
7985.000000
8594.000000
8229.000000
8063.000000
6188.000000
7294.000000
7983.000000
7035.000000
7897.000000
8512.000000
7247.000000
6112.000000
7265.000000
9602.000000
7693.000000
6473.000000
8321.000000
8865.000000
10160.000000
9898.000000
9412.000000
9059.000000
9108.000000
9454.000000
10431.000000
10414.000000
9909.000000
9621.000000
9012.000000
7716.000000
6544.000000
7602.000000
8696.000000
8501.000000
7748.000000
7401.000000
7923.000000
7770.000000
6741.000000
9300.000000
8140.000000
7757.000000
7587.000000
9028.000000
9472.000000
7210.000000
4826.000000
7486.000000
8630.000000
9107.000000
9160.000000
8762.000000
8124.000000
7833.000000
8343.000000
9765.000000
9288.000000
9269.000000
9236.000000
8067.000000
7520.000000
6018.000000
6600.000000
8132.000000
8338.000000
7491.000000
6966.000000
6292.000000
7265.000000
9632.000000
10745.000000
7323.000000
8230.000000
7023.000000
8845.000000
8032.000000
7049.000000
3689.000000
6150.000000
8000.000000
8341.000000
8272.000000
7883.000000
7246.000000
6722.000000
7948.000000
9203.000000
9183.000000
9302.000000
8948.000000
7485.000000
6534.000000
6082.000000
6331.000000
6832.000000
6396.000000
6233.000000
7143.000000
8694.000000
8865.000000
9398.000000
9483.000000
7929.000000
9354.000000
6580.000000
8847.000000
6807.000000
6638.000000
3683.000000
5369.000000
7622.000000
7746.000000
7298.000000
7035.000000
6450.000000
6336.000000
7406.000000
8956.000000
9155.000000
9206.000000
8716.000000
7249.000000
6275.000000
6022.000000
5567.000000
5886.000000
5150.000000
6663.000000
7608.000000
8337.000000
8341.000000
8789.000000
8405.000000
7370.000000
9109.000000
5597.000000
8944.000000
6607.000000
6383.000000
4428.000000
4325.000000
7260.000000
7362.000000
6814.000000
6275.000000
5619.000000
5671.000000
7054.000000
9106.000000
8977.000000
8634.000000
8095.000000
6704.000000
5531.000000
5417.000000
4893.000000
4870.000000
4374.000000
5816.000000
6399.000000
5195.000000
5726.000000
3131.000000
5486.000000
5735.000000
6280.000000
6055.000000
8687.000000
6986.000000
6074.000000
5381.000000
2710.000000
6738.000000
6780.000000
6457.000000
5926.000000
5270.000000
5015.000000
5779.000000
8334.000000
8219.000000
7413.000000
6813.000000
6167.000000
5167.000000
4573.000000
3888.000000
4461.000000
3976.000000
4379.000000
6557.000000
6191.000000
5453.000000
6220.000000
5249.000000
4948.000000
4434.000000
7632.000000
8735.000000
7205.000000
5377.000000
4639.000000
1038.000000
4543.000000
6054.000000
6106.000000
5628.000000
5144.000000
4780.000000
3876.000000
6786.000000
6527.000000
6405.000000
6448.000000
5894.000000
4866.000000
3465.000000
3737.000000
3550.000000
2589.000000
2592.000000
5959.000000
6455.000000
5004.000000
4953.000000
6363.000000
5960.000000
6217.000000
8327.000000
8430.000000
8059.000000
5666.000000
4851.000000
1005.000000
1755.000000
4692.000000
5150.000000
5134.000000
5135.000000
4575.000000
2249.000000
3946.000000
4748.000000
5839.000000
6699.000000
4898.000000
3120.000000
2050.000000
1573.000000
1835.000000
1818.000000
3092.000000
3303.000000
5273.000000
5142.000000
4907.000000
5690.000000
3903.000000
2351.000000
8135.000000
8212.000000
8315.000000
6575.000000
5464.000000
1900.000000
1186.000000
2233.000000
3492.000000
3820.000000
4326.000000
4196.000000
2358.000000
2030.000000
4301.000000
4243.000000
3246.000000
1218.000000
778.000000
641.000000
1159.000000
4988.000000
8534.000000
8782.000000
7074.000000
4188.000000
3265.000000
3512.000000
2484.000000
1050.000000
3794.000000
8472.000000
7968.000000
8178.000000
7549.000000
4936.000000
2277.000000
2094.000000
294.000000
2964.000000
2837.000000
2875.000000
3409.000000
2150.000000
1811.000000
5934.000000
5945.000000
4701.000000
1064.000000
629.000000
894.000000
4460.000000
8230.000000
8640.000000
8876.000000
9305.000000
9521.000000
6512.000000
3922.000000
4759.000000
6387.000000
8645.000000
9081.000000
6960.000000
7402.000000
7896.000000
5298.000000
2555.000000
1503.000000
302.000000
6272.000000
7691.000000
4550.000000
2419.000000
1790.000000
2753.000000
5765.000000
4806.000000
3924.000000
1459.000000
985.000000
412.000000
5590.000000
9003.000000
8610.000000
8732.000000
8694.000000
8662.000000
8639.000000
8788.000000
8436.000000
8340.000000
9136.000000
9249.000000
7944.000000
8146.000000
8205.000000
6141.000000
2500.000000
1665.000000
1260.000000
6821.000000
7869.000000
7905.000000
7962.000000
7372.000000
6417.000000
5747.000000
4792.000000
3615.000000
2489.000000
317.000000
965.000000
6748.000000
8037.000000
7932.000000
8207.000000
8630.000000
8555.000000
8514.000000
8867.000000
8834.000000
8564.000000
8842.000000
9024.000000
8199.000000
8458.000000
8575.000000
6553.000000
3001.000000
2196.000000
3840.000000
8561.000000
8853.000000
8233.000000
8335.000000
7718.000000
7374.000000
4864.000000
3814.000000
5130.000000
5225.000000
523.000000
2976.000000
7664.000000
8500.000000
8030.000000
8161.000000
8129.000000
7924.000000
8638.000000
8332.000000
8112.000000
8247.000000
8277.000000
8338.000000
8342.000000
8540.000000
7244.000000
6301.000000
3279.000000
2780.000000
5694.000000
8056.000000
7788.000000
7650.000000
8129.000000
6923.000000
6671.000000
4429.000000
2683.000000
6069.000000
5492.000000
1511.000000
5251.000000
8128.000000
8321.000000
8718.000000
8334.000000
8070.000000
7644.000000
8114.000000
7772.000000
7223.000000
7410.000000
8065.000000
7757.000000
7689.000000
7780.000000
7532.000000
7357.000000
3735.000000
2693.000000
5784.000000
7992.000000
8436.000000
7618.000000
7470.000000
7289.000000
8014.000000
5403.000000
2925.000000
6250.000000
5524.000000
2824.000000
6207.000000
7602.000000
7853.000000
7786.000000
7746.000000
7686.000000
7321.000000
7332.000000
7692.000000
8462.000000
7911.000000
7888.000000
8029.000000
6622.000000
6937.000000
7054.000000
6331.000000
5171.000000
3009.000000
5771.000000
7064.000000
6979.000000
6701.000000
6692.000000
6879.000000
6771.000000
5989.000000
3752.000000
6858.000000
6111.000000
3370.000000
6536.000000
7442.000000
7644.000000
7358.000000
7188.000000
7680.000000
7883.000000
7936.000000
7454.000000
7578.000000
7862.000000
7667.000000
7588.000000
6859.000000
7004.000000
6655.000000
6061.000000
5835.000000
4996.000000
5449.000000
6109.000000
5395.000000
5900.000000
5760.000000
6157.000000
6365.000000
6013.000000
5167.000000
6863.000000
6187.000000
3335.000000
6052.000000
6773.000000
6197.000000
6700.000000
7344.000000
6557.000000
6613.000000
7105.000000
7071.000000
6636.000000
6862.000000
7305.000000
7231.000000
6005.000000
6036.000000
5825.000000
5876.000000
6809.000000
5355.000000
4377.000000
4030.000000
5203.000000
5190.000000
5202.000000
4847.000000
4867.000000
6426.000000
5245.000000
5376.000000
5257.000000
3828.000000
6589.000000
6744.000000
6179.000000
6213.000000
6664.000000
6217.000000
5805.000000
6494.000000
6126.000000
6555.000000
7063.000000
6949.000000
6996.000000
6226.000000
5968.000000
5039.000000
4975.000000
4598.000000
5243.000000
4909.000000
5089.000000
5183.000000
4725.000000
4823.000000
4508.000000
5314.000000
6621.000000
5054.000000
4122.000000
3914.000000
3875.000000
5812.000000
6276.000000
5381.000000
5746.000000
6672.000000
6771.000000
6310.000000
5473.000000
5150.000000
5274.000000
6658.000000
5882.000000
5877.000000
7100.000000
6535.000000
6341.000000
6055.000000
5294.000000
5813.000000
5913.000000
5813.000000
5559.000000
5405.000000
5201.000000
5145.000000
5611.000000
7125.000000
6857.000000
4884.000000
4409.000000
4141.000000
4434.000000
4731.000000
5648.000000
5900.000000
5664.000000
5371.000000
5669.000000
6801.000000
6629.000000
6397.000000
4990.000000
4260.000000
4647.000000
6576.000000
6706.000000
6720.000000
6753.000000
6745.000000
6348.000000
5930.000000
6190.000000
6197.000000
5941.000000
6104.000000
5222.000000
4699.000000
5370.000000
5916.000000
5429.000000
5464.000000
5113.000000
5534.000000
5580.000000
5627.000000
5291.000000
5428.000000
5724.000000
6367.000000
6255.000000
6419.000000
6742.000000
6835.000000
6585.000000
6266.000000
6045.000000
6340.000000
6684.000000
6655.000000
6412.000000
6609.000000
6078.000000
6345.000000
6727.000000
6258.000000
6551.000000
6848.000000
6714.000000
5770.000000
5710.000000
5722.000000
5759.000000
6030.000000
6030.000000
6218.000000
6629.000000
6430.000000
6502.000000
6474.000000
6221.000000
6259.000000
6347.000000
6056.000000
6044.000000
6348.000000
6773.000000
