4239.000000
4188.000000
4178.000000
4152.000000
3235.000000
2896.000000
4060.000000
4016.000000
3997.000000
3888.000000
3923.000000
3939.000000
4273.000000
4240.000000
4241.000000
3707.000000
3181.000000
2313.000000
4283.000000
4233.000000
4116.000000
3839.000000
3874.000000
3918.000000
4122.000000
4127.000000
4093.000000
3132.000000
3063.000000
3164.000000
4250.000000
2783.000000
4126.000000
4210.000000
4165.000000
4230.000000
4120.000000
4101.000000
3570.000000
2644.000000
2919.000000
1982.000000
4214.000000
1721.000000
4094.000000
4082.000000
4106.000000
4150.000000
1366.000000
2076.000000
3056.000000
3026.000000
2800.000000
1594.000000
2358.000000
575.000000
4113.000000
4063.000000
4076.000000
4087.000000
1781.000000
1061.000000
3048.000000
2939.000000
2977.000000
2539.000000
1382.000000
3072.000000
3562.000000
4089.000000
4058.000000
4066.000000
1515.000000
2996.000000
2315.000000
2612.000000
3208.000000
2723.000000
1746.000000
1737.000000
2011.000000
1061.000000
1207.000000
1442.000000
1483.000000
3317.000000
3136.000000
2371.000000
2903.000000
2687.000000
1677.000000
1616.000000
2408.000000
1133.000000
1293.000000
1508.000000
2821.000000
3122.000000
3159.000000
2300.000000
3086.000000
2552.000000
1593.000000
1584.000000
2438.000000
1432.000000
1568.000000
1657.000000
3022.000000
3423.000000
3246.000000
2389.000000
1393.000000
2564.000000
1703.000000
2833.000000
2870.000000
2989.000000
2819.000000
2514.000000
2444.000000
3341.000000
3052.000000
2773.000000
1252.000000
3346.000000
2303.000000
3151.000000
3081.000000
2981.000000
3350.000000
3163.000000
2641.000000
3092.000000
2698.000000
3471.000000
2175.000000
3207.000000
3490.000000
3285.000000
3323.000000
2891.000000
3141.000000
3095.000000
3113.000000
3218.000000
2349.000000
2341.000000
2874.000000
3303.000000
2231.000000
1867.000000
3211.000000
3043.000000
3154.000000
2977.000000
2603.000000
3166.000000
2339.000000
2718.000000
2584.000000
2970.000000
786.000000
1705.000000
3178.000000
3270.000000
2859.000000
3226.000000
2503.000000
2874.000000
716.000000
2463.000000
1646.000000
3120.000000
1656.000000
3237.000000
2502.000000
3464.000000
3130.000000
3090.000000
2930.000000
1640.000000
2473.000000
594.000000
3259.000000
2925.000000
961.000000
2914.000000
2476.000000
1010.000000
2144.000000
2573.000000
3076.000000
3001.000000
1664.000000
910.000000
1474.000000
2567.000000
3193.000000
2078.000000
548.000000
3110.000000
3240.000000
2755.000000
2667.000000
2588.000000
1320.000000
716.000000
792.000000
2197.000000
3159.000000
1200.000000
3399.000000
3196.000000
1969.000000
3138.000000
2108.000000
2162.000000
1338.000000
1086.000000
588.000000
1126.000000
2935.000000
1771.000000
3045.000000
2917.000000
3239.000000
2870.000000
2636.000000
2553.000000
1344.000000
2996.000000
1222.000000
3400.000000
2813.000000
964.000000
2863.000000
3036.000000
3140.000000
2810.000000
2708.000000
2885.000000
1384.000000
3278.000000
1831.000000
1957.000000
2259.000000
675.000000
2862.000000
2436.000000
2742.000000
1980.000000
2933.000000
2567.000000
1642.000000
3877.000000
1413.000000
986.000000
801.000000
501.000000
2714.000000
2322.000000
2787.000000
2980.000000
2141.000000
2370.000000
875.000000
2877.000000
754.000000
1085.000000
1170.000000
1069.000000
2000.000000
1613.000000
2154.000000
2960.000000
1943.000000
2360.000000
680.000000
1465.000000
779.000000
1082.000000
866.000000
1037.000000
1866.000000
1788.000000
1580.000000
2682.000000
