1661.000000
1821.000000
2087.000000
1533.000000
1739.000000
1884.000000
2149.000000
1597.000000
2577.000000
2318.000000
2350.000000
2336.000000
3519.000000
3405.000000
2027.000000
2578.000000
2942.000000
2378.000000
2336.000000
2537.000000
1872.000000
2128.000000
2369.000000
1906.000000
1934.000000
2176.000000
2172.000000
2533.000000
2496.000000
2989.000000
2537.000000
2476.000000
2781.000000
2562.000000
2123.000000
2770.000000
2957.000000
2799.000000
2826.000000
2648.000000
2745.000000
2485.000000
2480.000000
2339.000000
2313.000000
1930.000000
2672.000000
2886.000000
2650.000000
2609.000000
2616.000000
2570.000000
1912.000000
2323.000000
1948.000000
1987.000000
1858.000000
2043.000000
1904.000000
2747.000000
2610.000000
2751.000000
2725.000000
3468.000000
3547.000000
2040.000000
2668.000000
2697.000000
2162.000000
2533.000000
2753.000000
2086.000000
2357.000000
2525.000000
2016.000000
2270.000000
2146.000000
2354.000000
2765.000000
3029.000000
3559.000000
3097.000000
3018.000000
2925.000000
2578.000000
2308.000000
2863.000000
3137.000000
3417.000000
3226.000000
3320.000000
3185.000000
2934.000000
3234.000000
2986.000000
2988.000000
2377.000000
2931.000000
3092.000000
3419.000000
3304.000000
2765.000000
2654.000000
2523.000000
2459.000000
2485.000000
2222.000000
2354.000000
2467.000000
2115.000000
2531.000000
2658.000000
2623.000000
2775.000000
3474.000000
3410.000000
2486.000000
2756.000000
3184.000000
2748.000000
2671.000000
2804.000000
2041.000000
2534.000000
2451.000000
2177.000000
2428.000000
1938.000000
2283.000000
2881.000000
3414.000000
3537.000000
3426.000000
2940.000000
3238.000000
2577.000000
2363.000000
2816.000000
2890.000000
2738.000000
2817.000000
3094.000000
3114.000000
3291.000000
3395.000000
3372.000000
3206.000000
2198.000000
2787.000000
3652.000000
4961.000000
3585.000000
2537.000000
2890.000000
2534.000000
2497.000000
2644.000000
2822.000000
2822.000000
2946.000000
2289.000000
2694.000000
2735.000000
2633.000000
2709.000000
3285.000000
2715.000000
2353.000000
2573.000000
2634.000000
3139.000000
2395.000000
2352.000000
1897.000000
2004.000000
1856.000000
2041.000000
2451.000000
2343.000000
2428.000000
2458.000000
2878.000000
3375.000000
3257.000000
3047.000000
3305.000000
3057.000000
2747.000000
3475.000000
3690.000000
3580.000000
3751.000000
3702.000000
3606.000000
3699.000000
4074.000000
4785.000000
4839.000000
3344.000000
3310.000000
2678.000000
3539.000000
2995.000000
3090.000000
2701.000000
2421.000000
2339.000000
2742.000000
2827.000000
2941.000000
3094.000000
2311.000000
2902.000000
2460.000000
3089.000000
3162.000000
3306.000000
2885.000000
2892.000000
2183.000000
2687.000000
2245.000000
2129.000000
2225.000000
2059.000000
2706.000000
2877.000000
2915.000000
3181.000000
3521.000000
3543.000000
3546.000000
3377.000000
3447.000000
3384.000000
3595.000000
2482.000000
2767.000000
3197.000000
3768.000000
3620.000000
3900.000000
3458.000000
3039.000000
3830.000000
3914.000000
3188.000000
2960.000000
3418.000000
2352.000000
3386.000000
2861.000000
3155.000000
3070.000000
3062.000000
2964.000000
2784.000000
2632.000000
3169.000000
3352.000000
3435.000000
3544.000000
2595.000000
2936.000000
2972.000000
3159.000000
3405.000000
3816.000000
3200.000000
3210.000000
3024.000000
2413.000000
2963.000000
3281.000000
3103.000000
2472.000000
3272.000000
3203.000000
3406.000000
3632.000000
3711.000000
3428.000000
3497.000000
3576.000000
3583.000000
3864.000000
3513.000000
2609.000000
2634.000000
2921.000000
3199.000000
3494.000000
2822.000000
3277.000000
3344.000000
3469.000000
3428.000000
3180.000000
3142.000000
3158.000000
2670.000000
3158.000000
3249.000000
3249.000000
3203.000000
2996.000000
2710.000000
2692.000000
2487.000000
2592.000000
2546.000000
2946.000000
2940.000000
2334.000000
2974.000000
3143.000000
3337.000000
2436.000000
3577.000000
3493.000000
3396.000000
2397.000000
1982.000000
2590.000000
3462.000000
3387.000000
2527.000000
3346.000000
3352.000000
3318.000000
3309.000000
3306.000000
3201.000000
3625.000000
4427.000000
3752.000000
2855.000000
3141.000000
3278.000000
3107.000000
2787.000000
3338.000000
3332.000000
3437.000000
3665.000000
3505.000000
3348.000000
3470.000000
3228.000000
3198.000000
3376.000000
2929.000000
2966.000000
2805.000000
2687.000000
2715.000000
2971.000000
3404.000000
3698.000000
3497.000000
3330.000000
3557.000000
3637.000000
3726.000000
2806.000000
3322.000000
3441.000000
3356.000000
1999.000000
2927.000000
3261.000000
3143.000000
3941.000000
4804.000000
4408.000000
2921.000000
2913.000000
2395.000000
3143.000000
3261.000000
3120.000000
3381.000000
3560.000000
4536.000000
3894.000000
4100.000000
3955.000000
4508.000000
4293.000000
3720.000000
3760.000000
3626.000000
3553.000000
3420.000000
3188.000000
3029.000000
3051.000000
3034.000000
2403.000000
2883.000000
2950.000000
2854.000000
2869.000000
2735.000000
2907.000000
2689.000000
2838.000000
2612.000000
2330.000000
2888.000000
3293.000000
3739.000000
3644.000000
3362.000000
3184.000000
2283.000000
3249.000000
3089.000000
2905.000000
1980.000000
2355.000000
3624.000000
3614.000000
3211.000000
3803.000000
4693.000000
4424.000000
4781.000000
4701.000000
4948.000000
4885.000000
4949.000000
4863.000000
4705.000000
4170.000000
4781.000000
4820.000000
4164.000000
3999.000000
4731.000000
4914.000000
5021.000000
3799.000000
3525.000000
3392.000000
3144.000000
2916.000000
2933.000000
2907.000000
2857.000000
3084.000000
3401.000000
3809.000000
3848.000000
4126.000000
4041.000000
4052.000000
4088.000000
4052.000000
2059.000000
2707.000000
2524.000000
3260.000000
3514.000000
3352.000000
3405.000000
2881.000000
2893.000000
3216.000000
2972.000000
4142.000000
4854.000000
5304.000000
5233.000000
4531.000000
5614.000000
5332.000000
4614.000000
4799.000000
5136.000000
5079.000000
4910.000000
5082.000000
4931.000000
4630.000000
4627.000000
4613.000000
4405.000000
4463.000000
4035.000000
4312.000000
4268.000000
4441.000000
4754.000000
4316.000000
4355.000000
4246.000000
4312.000000
4291.000000
4351.000000
4134.000000
4095.000000
4221.000000
4103.000000
4107.000000
3889.000000
3884.000000
3846.000000
3937.000000
3802.000000
2079.000000
2591.000000
2789.000000
2981.000000
3337.000000
3462.000000
3501.000000
3533.000000
4308.000000
5226.000000
4989.000000
5417.000000
5503.000000
5887.000000
5934.000000
5879.000000
5816.000000
5420.000000
5166.000000
5176.000000
5445.000000
4992.000000
4957.000000
5023.000000
5177.000000
5226.000000
4821.000000
4236.000000
4397.000000
4150.000000
4268.000000
3674.000000
3930.000000
4334.000000
4255.000000
4594.000000
4032.000000
3729.000000
3779.000000
3832.000000
3952.000000
3670.000000
3710.000000
3779.000000
3819.000000
3724.000000
3798.000000
3786.000000
3683.000000
3521.000000
3678.000000
2104.000000
3200.000000
3316.000000
3342.000000
3045.000000
3068.000000
3220.000000
3711.000000
5728.000000
5418.000000
5320.000000
5876.000000
5832.000000
5799.000000
5696.000000
5653.000000
5578.000000
5332.000000
5444.000000
5352.000000
5806.000000
5156.000000
4945.000000
5661.000000
5452.000000
4804.000000
4576.000000
4271.000000
4556.000000
3978.000000
4324.000000
3774.000000
3752.000000
4428.000000
4320.000000
4432.000000
4146.000000
3790.000000
3772.000000
3863.000000
3612.000000
3778.000000
3706.000000
3993.000000
4009.000000
3628.000000
3961.000000
3918.000000
3794.000000
3532.000000
3772.000000
2490.000000
3435.000000
3353.000000
3475.000000
3448.000000
3276.000000
3138.000000
5048.000000
5671.000000
4950.000000
5162.000000
5390.000000
5458.000000
5536.000000
5520.000000
5436.000000
5682.000000
5524.000000
5257.000000
5365.000000
4830.000000
4500.000000
4768.000000
5044.000000
5494.000000
4613.000000
4146.000000
4628.000000
4499.000000
4247.000000
4455.000000
3817.000000
3559.000000
4202.000000
4352.000000
3348.000000
4396.000000
4027.000000
3866.000000
3826.000000
4143.000000
3636.000000
3919.000000
3632.000000
3444.000000
3814.000000
3939.000000
3689.000000
3915.000000
3598.000000
3607.000000
2129.000000
3189.000000
3045.000000
3684.000000
3838.000000
3835.000000
4364.000000
5702.000000
5430.000000
4994.000000
4766.000000
4832.000000
5108.000000
5299.000000
5364.000000
5222.000000
5320.000000
5346.000000
5089.000000
5526.000000
5323.000000
4824.000000
4988.000000
5148.000000
4856.000000
4453.000000
4198.000000
4046.000000
4435.000000
4021.000000
4049.000000
3581.000000
3905.000000
3856.000000
3801.000000
1934.000000
3075.000000
3574.000000
3629.000000
4413.000000
3421.000000
3505.000000
3827.000000
3753.000000
3830.000000
3762.000000
4209.000000
4143.000000
4061.000000
4013.000000
3917.000000
2703.000000
3588.000000
3596.000000
3639.000000
4277.000000
3533.000000
4970.000000
5719.000000
5425.000000
4668.000000
4959.000000
4833.000000
5068.000000
4812.000000
5121.000000
5270.000000
5233.000000
5132.000000
5118.000000
5295.000000
5498.000000
4690.000000
4137.000000
3947.000000
4478.000000
4588.000000
4123.000000
3865.000000
4260.000000
3996.000000
4120.000000
3436.000000
3542.000000
3704.000000
3631.000000
1457.000000
2266.000000
5134.000000
4617.000000
4449.000000
3441.000000
4128.000000
4085.000000
4305.000000
4169.000000
4160.000000
4012.000000
3944.000000
3974.000000
4041.000000
3939.000000
3581.000000
3470.000000
3452.000000
3474.000000
3590.000000
3962.000000
5454.000000
5166.000000
5062.000000
4251.000000
4082.000000
4830.000000
4615.000000
4757.000000
4717.000000
4669.000000
4711.000000
4588.000000
4824.000000
5149.000000
5303.000000
4332.000000
3846.000000
3834.000000
3934.000000
4129.000000
4115.000000
3940.000000
3922.000000
4082.000000
4157.000000
3236.000000
4052.000000
4143.000000
3434.000000
1558.000000
2207.000000
5497.000000
5562.000000
3354.000000
3576.000000
3868.000000
3791.000000
3883.000000
3925.000000
4066.000000
3950.000000
4052.000000
3939.000000
4017.000000
4025.000000
3828.000000
4030.000000
4009.000000
4046.000000
3953.000000
4042.000000
4853.000000
5371.000000
4319.000000
4185.000000
3484.000000
4185.000000
4173.000000
4521.000000
4436.000000
4411.000000
4953.000000
4396.000000
4433.000000
4881.000000
4627.000000
4119.000000
3229.000000
3751.000000
3951.000000
3572.000000
4191.000000
3816.000000
4007.000000
4587.000000
4128.000000
2902.000000
3905.000000
4629.000000
4432.000000
2319.000000
1525.000000
5008.000000
5421.000000
4842.000000
3955.000000
3845.000000
3975.000000
3904.000000
4221.000000
4027.000000
4033.000000
4035.000000
3939.000000
3987.000000
3856.000000
3777.000000
3744.000000
3896.000000
3937.000000
3719.000000
4244.000000
4603.000000
4839.000000
4430.000000
3825.000000
3559.000000
3927.000000
4128.000000
4351.000000
4467.000000
4599.000000
4553.000000
4161.000000
3926.000000
4323.000000
4155.000000
3684.000000
3311.000000
3690.000000
3942.000000
3575.000000
3924.000000
3896.000000
3868.000000
4262.000000
4301.000000
2864.000000
3832.000000
4701.000000
4342.000000
3178.000000
2648.000000
4396.000000
5602.000000
5256.000000
4070.000000
4007.000000
4016.000000
4039.000000
4032.000000
4071.000000
4017.000000
4079.000000
3850.000000
3873.000000
3964.000000
3668.000000
3733.000000
3767.000000
3729.000000
3636.000000
4143.000000
5037.000000
5219.000000
4836.000000
3864.000000
3800.000000
4035.000000
4333.000000
3784.000000
3722.000000
4242.000000
4276.000000
4369.000000
3895.000000
4356.000000
4101.000000
3880.000000
3744.000000
3456.000000
3708.000000
3635.000000
4013.000000
3708.000000
3881.000000
4142.000000
4408.000000
3006.000000
3559.000000
4364.000000
4444.000000
3745.000000
3563.000000
4490.000000
4734.000000
3847.000000
4108.000000
3972.000000
3937.000000
3925.000000
3953.000000
3965.000000
4005.000000
3810.000000
3853.000000
3705.000000
3919.000000
3544.000000
3708.000000
3811.000000
3759.000000
4141.000000
4387.000000
4790.000000
4895.000000
4775.000000
3638.000000
2924.000000
4158.000000
4097.000000
3922.000000
3925.000000
4191.000000
4315.000000
4139.000000
3904.000000
4276.000000
3566.000000
3230.000000
3279.000000
3610.000000
3923.000000
3686.000000
3826.000000
3712.000000
4228.000000
4613.000000
4666.000000
3072.000000
3290.000000
4275.000000
4714.000000
4549.000000
3274.000000
4571.000000
3928.000000
3594.000000
4299.000000
4055.000000
4077.000000
4007.000000
3918.000000
3989.000000
4353.000000
4234.000000
4052.000000
3934.000000
3978.000000
3512.000000
3696.000000
3702.000000
3561.000000
3810.000000
4797.000000
4727.000000
4305.000000
4328.000000
3503.000000
2524.000000
4056.000000
3561.000000
3514.000000
3690.000000
3899.000000
4200.000000
3872.000000
3928.000000
3893.000000
3560.000000
3602.000000
3191.000000
3582.000000
4053.000000
4149.000000
3591.000000
3545.000000
3977.000000
4108.000000
3781.000000
3326.000000
2735.000000
3836.000000
4053.000000
4391.000000
3744.000000
3659.000000
3926.000000
3855.000000
4237.000000
3989.000000
3966.000000
4030.000000
3913.000000
3994.000000
4051.000000
4108.000000
4031.000000
3990.000000
3901.000000
3301.000000
3528.000000
3621.000000
3767.000000
3853.000000
4657.000000
4657.000000
4004.000000
3526.000000
3185.000000
2305.000000
3596.000000
3696.000000
3767.000000
3758.000000
3694.000000
4206.000000
3947.000000
3657.000000
3767.000000
3699.000000
3620.000000
3195.000000
3472.000000
3973.000000
3888.000000
3425.000000
3594.000000
3974.000000
4049.000000
4072.000000
3096.000000
2591.000000
2679.000000
3534.000000
3833.000000
3770.000000
3610.000000
3894.000000
4213.000000
4427.000000
4140.000000
4406.000000
4252.000000
4098.000000
4056.000000
4076.000000
3918.000000
3830.000000
3870.000000
3766.000000
3543.000000
3691.000000
3687.000000
3869.000000
4152.000000
4531.000000
4451.000000
3781.000000
3233.000000
3041.000000
1995.000000
2685.000000
3796.000000
4232.000000
3700.000000
3536.000000
3371.000000
3776.000000
3230.000000
3392.000000
3222.000000
2637.000000
2742.000000
3456.000000
3777.000000
3938.000000
3299.000000
3490.000000
3561.000000
3742.000000
3677.000000
2636.000000
2269.000000
2967.000000
2214.000000
3304.000000
3504.000000
3638.000000
3549.000000
4339.000000
4372.000000
3890.000000
4087.000000
3737.000000
3401.000000
3992.000000
4101.000000
4104.000000
3893.000000
4030.000000
3900.000000
3522.000000
3678.000000
3732.000000
3677.000000
2879.000000
3428.000000
4136.000000
3758.000000
3111.000000
2690.000000
1690.000000
2483.000000
3451.000000
3459.000000
3332.000000
3041.000000
2833.000000
2901.000000
2913.000000
3234.000000
2915.000000
2234.000000
2279.000000
3156.000000
4182.000000
4020.000000
3336.000000
3290.000000
3394.000000
3354.000000
2964.000000
2414.000000
1783.000000
2711.000000
1680.000000
3264.000000
3122.000000
4142.000000
3902.000000
4886.000000
4889.000000
4101.000000
4039.000000
4271.000000
4444.000000
4331.000000
3837.000000
4348.000000
4455.000000
4185.000000
4120.000000
3615.000000
3782.000000
3959.000000
3725.000000
2755.000000
2809.000000
3459.000000
3413.000000
2870.000000
2438.000000
1444.000000
1891.000000
3061.000000
3127.000000
3475.000000
2773.000000
2582.000000
2256.000000
2269.000000
2713.000000
2638.000000
1970.000000
1824.000000
3235.000000
4330.000000
4130.000000
3884.000000
3496.000000
3217.000000
2989.000000
2656.000000
2133.000000
1348.000000
2401.000000
2243.000000
3452.000000
4179.000000
4625.000000
4237.000000
4778.000000
5124.000000
4702.000000
4113.000000
3251.000000
3898.000000
4137.000000
4279.000000
3937.000000
3975.000000
4035.000000
4157.000000
3768.000000
3982.000000
3905.000000
3429.000000
2255.000000
2707.000000
2272.000000
2011.000000
2400.000000
2231.000000
1368.000000
1175.000000
2869.000000
2730.000000
3012.000000
3062.000000
2488.000000
1872.000000
2032.000000
2377.000000
2085.000000
1783.000000
1568.000000
3516.000000
4199.000000
3852.000000
3655.000000
3294.000000
2920.000000
2694.000000
2018.000000
1504.000000
1078.000000
2124.000000
2714.000000
3976.000000
4247.000000
3951.000000
4221.000000
5118.000000
4914.000000
4364.000000
4009.000000
2839.000000
3637.000000
4050.000000
3948.000000
3910.000000
3807.000000
4453.000000
4277.000000
4130.000000
4537.000000
4873.000000
2434.000000
1722.000000
2483.000000
2624.000000
1968.000000
2652.000000
2603.000000
1301.000000
467.000000
2020.000000
2558.000000
2878.000000
2733.000000
2302.000000
2208.000000
2030.000000
2262.000000
2191.000000
1890.000000
1601.000000
3875.000000
3501.000000
3404.000000
3172.000000
2884.000000
2722.000000
2232.000000
1351.000000
1318.000000
1383.000000
2077.000000
2711.000000
4018.000000
4579.000000
3810.000000
4304.000000
4634.000000
5296.000000
4962.000000
3127.000000
2140.000000
3764.000000
4462.000000
4470.000000
4042.000000
4150.000000
3975.000000
3684.000000
4813.000000
4661.000000
4432.000000
2236.000000
2427.000000
2469.000000
2533.000000
2199.000000
2401.000000
1943.000000
1195.000000
266.000000
1110.000000
1963.000000
2308.000000
2415.000000
2697.000000
2388.000000
2351.000000
2324.000000
2313.000000
1993.000000
1862.000000
2401.000000
2273.000000
2414.000000
2957.000000
3560.000000
3306.000000
2252.000000
1366.000000
1360.000000
1120.000000
2146.000000
2571.000000
3981.000000
4621.000000
4753.000000
4995.000000
4651.000000
5041.000000
4166.000000
3076.000000
3796.000000
4280.000000
4029.000000
4807.000000
4872.000000
4154.000000
3398.000000
3900.000000
3717.000000
3951.000000
3759.000000
2302.000000
2766.000000
2352.000000
2365.000000
2793.000000
2477.000000
1781.000000
816.000000
125.000000
763.000000
1612.000000
1668.000000
1789.000000
1851.000000
1997.000000
1869.000000
1954.000000
1853.000000
1652.000000
1753.000000
1163.000000
1161.000000
2709.000000
4056.000000
3802.000000
3678.000000
2590.000000
1423.000000
873.000000
1359.000000
1840.000000
2335.000000
3728.000000
4866.000000
4896.000000
2446.000000
2583.000000
4211.000000
4376.000000
3531.000000
4634.000000
4927.000000
4497.000000
4085.000000
3774.000000
2720.000000
4226.000000
4158.000000
3861.000000
2828.000000
3106.000000
1972.000000
3340.000000
2602.000000
2459.000000
2930.000000
2531.000000
1591.000000
554.000000
201.000000
622.000000
1656.000000
1420.000000
1121.000000
1117.000000
1293.000000
1632.000000
1674.000000
1166.000000
1010.000000
1315.000000
1357.000000
1513.000000
2685.000000
1090.000000
1129.000000
822.000000
462.000000
675.000000
787.000000
1242.000000
1250.000000
1514.000000
3381.000000
4021.000000
3890.000000
3429.000000
2465.000000
4420.000000
4838.000000
5381.000000
4844.000000
3943.000000
4115.000000
4170.000000
2027.000000
3919.000000
4034.000000
3889.000000
3491.000000
3306.000000
3455.000000
3265.000000
3234.000000
2361.000000
2319.000000
2441.000000
2033.000000
1017.000000
401.000000
165.000000
2319.000000
3035.000000
1749.000000
1238.000000
991.000000
894.000000
1002.000000
1107.000000
1264.000000
935.000000
624.000000
901.000000
1849.000000
857.000000
1317.000000
1598.000000
1817.000000
636.000000
987.000000
1117.000000
1079.000000
1163.000000
1880.000000
2515.000000
3291.000000
3014.000000
3444.000000
3265.000000
4820.000000
4580.000000
4722.000000
4134.000000
4464.000000
3595.000000
1685.000000
3390.000000
4036.000000
4073.000000
3791.000000
3621.000000
3484.000000
3768.000000
4184.000000
3135.000000
1509.000000
2495.000000
2410.000000
1866.000000
712.000000
447.000000
609.000000
3784.000000
4371.000000
2548.000000
1217.000000
1027.000000
923.000000
777.000000
719.000000
722.000000
710.000000
572.000000
529.000000
1217.000000
1203.000000
1617.000000
1576.000000
1378.000000
540.000000
1035.000000
833.000000
318.000000
1214.000000
4252.000000
3730.000000
2787.000000
2639.000000
2488.000000
4005.000000
4347.000000
4049.000000
4718.000000
3549.000000
2473.000000
1187.000000
4491.000000
4990.000000
5051.000000
4532.000000
4196.000000
3914.000000
4063.000000
4088.000000
3937.000000
3092.000000
2085.000000
2074.000000
1543.000000
977.000000
696.000000
462.000000
2307.000000
3954.000000
4202.000000
4291.000000
2960.000000
648.000000
808.000000
718.000000
740.000000
712.000000
689.000000
549.000000
754.000000
1518.000000
1040.000000
1248.000000
1268.000000
1288.000000
683.000000
768.000000
772.000000
526.000000
1694.000000
3827.000000
3794.000000
2283.000000
1790.000000
2515.000000
4686.000000
4378.000000
3265.000000
3344.000000
2617.000000
1112.000000
3435.000000
5506.000000
5437.000000
5351.000000
4964.000000
4840.000000
4212.000000
4190.000000
4227.000000
3527.000000
2872.000000
2311.000000
1416.000000
1038.000000
506.000000
668.000000
622.000000
3647.000000
4139.000000
4008.000000
4384.000000
4748.000000
4637.000000
4253.000000
2519.000000
1911.000000
3041.000000
4405.000000
4091.000000
4002.000000
1021.000000
1135.000000
1168.000000
985.000000
3894.000000
4127.000000
3431.000000
827.000000
889.000000
1789.000000
3832.000000
4159.000000
1806.000000
1879.000000
3218.000000
4040.000000
4253.000000
3233.000000
2304.000000
1427.000000
3396.000000
5080.000000
5340.000000
5217.000000
4850.000000
5281.000000
4247.000000
4415.000000
4354.000000
3125.000000
2867.000000
2459.000000
1598.000000
1776.000000
3571.000000
709.000000
761.000000
906.000000
4527.000000
4493.000000
4462.000000
4381.000000
4692.000000
5504.000000
5449.000000
5558.000000
5370.000000
5148.000000
5692.000000
5372.000000
5290.000000
1506.000000
1038.000000
938.000000
2247.000000
4148.000000
4168.000000
4060.000000
2293.000000
1408.000000
2178.000000
4003.000000
4010.000000
3891.000000
1553.000000
2257.000000
2664.000000
4289.000000
3931.000000
1767.000000
3121.000000
5131.000000
5020.000000
4612.000000
4341.000000
5077.000000
5411.000000
5280.000000
5017.000000
5166.000000
2263.000000
2526.000000
1389.000000
931.000000
3489.000000
3736.000000
1012.000000
733.000000
1282.000000
4104.000000
4107.000000
4164.000000
4493.000000
4668.000000
4892.000000
4567.000000
4647.000000
4809.000000
5015.000000
4344.000000
4267.000000
4535.000000
1172.000000
771.000000
849.000000
4609.000000
5342.000000
4805.000000
4180.000000
3645.000000
1736.000000
2746.000000
3963.000000
4566.000000
4447.000000
2872.000000
1525.000000
2717.000000
3094.000000
2933.000000
1871.000000
3705.000000
4570.000000
5062.000000
4787.000000
4452.000000
4610.000000
4337.000000
4199.000000
3608.000000
4008.000000
3050.000000
2294.000000
1365.000000
2026.000000
4875.000000
3782.000000
1438.000000
1113.000000
1694.000000
4985.000000
4579.000000
4755.000000
4962.000000
4995.000000
5375.000000
5254.000000
4729.000000
4622.000000
4610.000000
4711.000000
4842.000000
5657.000000
1672.000000
1425.000000
1908.000000
5172.000000
4772.000000
4306.000000
4573.000000
4544.000000
1744.000000
2529.000000
2778.000000
4487.000000
4685.000000
4568.000000
1690.000000
1608.000000
2118.000000
1058.000000
1469.000000
3245.000000
4316.000000
4138.000000
3709.000000
3840.000000
3083.000000
4211.000000
4189.000000
4485.000000
4189.000000
3524.000000
1604.000000
1103.000000
3511.000000
4739.000000
3779.000000
1671.000000
1341.000000
1870.000000
5130.000000
5273.000000
5640.000000
5635.000000
5055.000000
4143.000000
3924.000000
3727.000000
3868.000000
4115.000000
3900.000000
3728.000000
3545.000000
1580.000000
1319.000000
2194.000000
4074.000000
4418.000000
4042.000000
3567.000000
3740.000000
2743.000000
2104.000000
2539.000000
4796.000000
4493.000000
4519.000000
4227.000000
1126.000000
2155.000000
2221.000000
790.000000
4428.000000
4235.000000
3882.000000
3914.000000
3752.000000
4052.000000
3768.000000
3888.000000
4276.000000
4293.000000
3262.000000
2410.000000
2237.000000
4351.000000
4382.000000
2746.000000
1517.000000
1323.000000
1778.000000
4077.000000
3788.000000
3990.000000
4270.000000
3709.000000
3030.000000
3008.000000
3151.000000
3267.000000
3647.000000
3211.000000
2685.000000
3046.000000
1917.000000
1833.000000
3593.000000
4457.000000
4332.000000
4398.000000
4115.000000
4412.000000
3908.000000
2012.000000
2824.000000
4830.000000
4427.000000
4128.000000
4260.000000
4260.000000
4391.000000
3843.000000
4116.000000
4132.000000
4337.000000
4271.000000
4078.000000
3775.000000
3990.000000
3674.000000
3698.000000
3901.000000
4453.000000
3682.000000
1677.000000
3099.000000
4005.000000
3976.000000
2414.000000
1280.000000
1464.000000
1726.000000
3120.000000
3890.000000
2961.000000
3152.000000
3091.000000
2695.000000
2862.000000
3195.000000
3540.000000
3756.000000
2954.000000
2762.000000
2902.000000
1931.000000
1955.000000
3785.000000
3850.000000
3991.000000
4524.000000
4649.000000
4312.000000
4809.000000
2269.000000
3088.000000
3918.000000
4333.000000
4049.000000
4006.000000
4052.000000
4094.000000
4134.000000
3857.000000
4019.000000
4227.000000
3936.000000
3820.000000
3670.000000
3843.000000
3890.000000
3539.000000
4380.000000
3736.000000
2889.000000
1616.000000
3982.000000
4252.000000
4620.000000
2558.000000
1312.000000
1504.000000
1681.000000
3338.000000
3745.000000
2780.000000
2932.000000
3010.000000
2774.000000
2792.000000
3274.000000
3378.000000
3317.000000
2508.000000
3034.000000
3879.000000
2725.000000
2373.000000
3711.000000
4345.000000
3973.000000
3999.000000
3685.000000
3911.000000
3943.000000
2983.000000
2971.000000
3214.000000
3853.000000
3766.000000
3752.000000
3795.000000
4003.000000
3892.000000
3912.000000
3575.000000
3789.000000
3615.000000
3487.000000
4467.000000
4335.000000
4089.000000
3928.000000
5129.000000
3569.000000
2633.000000
1687.000000
4660.000000
5173.000000
4739.000000
3001.000000
863.000000
1126.000000
1480.000000
2975.000000
3810.000000
3294.000000
3525.000000
3867.000000
3508.000000
3450.000000
3984.000000
4021.000000
4026.000000
4042.000000
4121.000000
3609.000000
3121.000000
2819.000000
3499.000000
3831.000000
3413.000000
3357.000000
3651.000000
3393.000000
3101.000000
2834.000000
2609.000000
2797.000000
3049.000000
3810.000000
4428.000000
3508.000000
4228.000000
4479.000000
4133.000000
4221.000000
3781.000000
4576.000000
5063.000000
4919.000000
5275.000000
4722.000000
3858.000000
5313.000000
3193.000000
2802.000000
1875.000000
4631.000000
4227.000000
4452.000000
3984.000000
3824.000000
3409.000000
1493.000000
2295.000000
2655.000000
2914.000000
3688.000000
3685.000000
3663.000000
3490.000000
3558.000000
3213.000000
3238.000000
3285.000000
3114.000000
2770.000000
2684.000000
1697.000000
2256.000000
2765.000000
3552.000000
2780.000000
2837.000000
3568.000000
3679.000000
2076.000000
1024.000000
305.000000
2481.000000
3582.000000
3877.000000
3439.000000
3587.000000
3914.000000
2854.000000
3710.000000
4272.000000
3966.000000
4537.000000
4637.000000
4887.000000
4742.000000
4811.000000
4738.000000
3764.000000
1531.000000
2159.000000
3851.000000
3427.000000
3521.000000
3446.000000
3316.000000
2706.000000
1522.000000
1162.000000
1681.000000
2407.000000
2840.000000
3581.000000
3807.000000
2865.000000
3572.000000
3239.000000
3059.000000
3093.000000
3226.000000
2568.000000
1874.000000
1981.000000
2408.000000
3025.000000
3567.000000
3436.000000
3408.000000
3936.000000
3480.000000
3557.000000
3565.000000
3749.000000
4092.000000
4262.000000
4182.000000
4426.000000
4646.000000
4450.000000
4505.000000
4769.000000
4830.000000
4868.000000
4774.000000
4976.000000
4833.000000
4800.000000
4628.000000
3333.000000
3168.000000
2113.000000
2449.000000
2996.000000
3075.000000
3075.000000
3424.000000
3391.000000
3593.000000
3619.000000
3601.000000
3157.000000
3530.000000
3420.000000
3222.000000
3454.000000
3815.000000
3157.000000
3536.000000
3215.000000
3643.000000
3836.000000
3824.000000
3620.000000
3411.000000
3524.000000
4056.000000
4049.000000
3926.000000
3849.000000
4287.000000
4125.000000
3164.000000
3723.000000
4322.000000
4097.000000
4540.000000
4649.000000
4722.000000
4824.000000
4520.000000
4122.000000
4186.000000
4780.000000
4857.000000
5102.000000
4958.000000
5019.000000
4740.000000
4912.000000
3263.000000
3528.000000
3768.000000
3507.000000
3887.000000
4030.000000
3958.000000
4040.000000
2412.000000
2421.000000
2641.000000
3040.000000
3100.000000
3792.000000
3761.000000
3581.000000
3361.000000
3695.000000
4392.000000
3957.000000
3611.000000
4038.000000
4311.000000
4246.000000
4340.000000
4534.000000
4778.000000
4615.000000
4793.000000
4692.000000
3856.000000
3960.000000
3559.000000
3465.000000
4289.000000
4962.000000
4572.000000
4038.000000
3785.000000
4539.000000
4311.000000
4744.000000
4763.000000
5003.000000
4541.000000
3885.000000
3561.000000
4671.000000
4492.000000
4129.000000
4465.000000
3270.000000
3470.000000
3619.000000
3364.000000
3584.000000
3192.000000
4022.000000
4614.000000
4610.000000
3920.000000
3889.000000
3979.000000
3470.000000
3613.000000
3576.000000
2912.000000
3432.000000
3182.000000
3156.000000
3632.000000
4506.000000
4603.000000
4579.000000
4929.000000
4197.000000
3673.000000
3504.000000
3841.000000
4240.000000
4661.000000
3975.000000
3991.000000
3938.000000
4077.000000
4093.000000
4354.000000
4275.000000
4641.000000
4907.000000
4512.000000
4493.000000
4693.000000
4952.000000
4962.000000
4791.000000
4675.000000
3876.000000
4421.000000
4391.000000
3979.000000
4164.000000
3653.000000
3934.000000
3994.000000
4398.000000
4552.000000
4420.000000
4583.000000
4640.000000
4646.000000
4364.000000
4305.000000
3960.000000
4179.000000
4318.000000
4333.000000
4590.000000
4593.000000
4306.000000
4660.000000
4296.000000
4378.000000
4646.000000
4564.000000
4602.000000
4136.000000
4883.000000
4589.000000
4273.000000
4113.000000
4177.000000
4638.000000
4374.000000
4321.000000
4748.000000
4419.000000
4333.000000
4245.000000
4449.000000
4454.000000
4372.000000
4313.000000
5052.000000
5222.000000
4989.000000
4677.000000
5359.000000
5191.000000
5138.000000
4819.000000
4900.000000
4904.000000
4117.000000
4032.000000
4567.000000
4542.000000
4478.000000
4620.000000
4214.000000
4473.000000
4894.000000
4738.000000
4741.000000
4934.000000
4870.000000
4613.000000
4460.000000
4188.000000
4573.000000
4614.000000
4814.000000
5158.000000
4750.000000
4679.000000
4618.000000
4776.000000
4325.000000
4816.000000
4500.000000
4962.000000
4993.000000
4782.000000
5132.000000
4662.000000
4644.000000
4831.000000
4167.000000
3394.000000
3486.000000
4517.000000
4286.000000
3882.000000
4377.000000
4792.000000
4470.000000
4657.000000
4425.000000
4605.000000
4661.000000
4678.000000
4280.000000
4729.000000
4899.000000
4840.000000
4902.000000
4535.000000
4801.000000
4817.000000
4332.000000
4280.000000
5005.000000
4877.000000
4212.000000
3859.000000
4403.000000
5151.000000
4917.000000
4640.000000
4425.000000
4994.000000
4737.000000
4175.000000
4718.000000
4802.000000
3953.000000
4105.000000
4994.000000
5297.000000
5119.000000
4726.000000
5351.000000
4814.000000
5001.000000
4863.000000
4642.000000
5153.000000
5284.000000
4905.000000
4851.000000
4624.000000
4969.000000
4688.000000
5015.000000
4900.000000
4958.000000
5056.000000
4934.000000
5158.000000
4558.000000
4133.000000
3505.000000
3697.000000
3908.000000
3712.000000
4512.000000
4267.000000
4182.000000
4982.000000
4632.000000
4189.000000
4164.000000
3731.000000
4472.000000
4725.000000
4759.000000
4682.000000
4870.000000
5281.000000
4555.000000
4711.000000
5107.000000
4797.000000
5003.000000
4771.000000
4751.000000
4310.000000
3938.000000
4650.000000
4597.000000
4760.000000
4536.000000
4366.000000
3651.000000
3868.000000
4857.000000
4919.000000
4286.000000
4984.000000
4801.000000
5223.000000
5203.000000
4641.000000
4632.000000
4973.000000
4213.000000
5023.000000
5047.000000
4965.000000
4823.000000
5276.000000
5174.000000
5197.000000
5084.000000
4349.000000
4047.000000
