11305.000000
11030.000000
9778.000000
8487.000000
7068.000000
8036.000000
8630.000000
8904.000000
8618.000000
8528.000000
8863.000000
8822.000000
9151.000000
8595.000000
9251.000000
8779.000000
9608.000000
9267.000000
9358.000000
9342.000000
9562.000000
9693.000000
10381.000000
9564.000000
9625.000000
9429.000000
8829.000000
8187.000000
9591.000000
8068.000000
7766.000000
8979.000000
9167.000000
9340.000000
8999.000000
8338.000000
8316.000000
8749.000000
8671.000000
8650.000000
8624.000000
8656.000000
8347.000000
9899.000000
10599.000000
10291.000000
9933.000000
10360.000000
9488.000000
8621.000000
9030.000000
9265.000000
9158.000000
10490.000000
9970.000000
10240.000000
10626.000000
10174.000000
9068.000000
9878.000000
10233.000000
9792.000000
9959.000000
10123.000000
10207.000000
9600.000000
9764.000000
9823.000000
9469.000000
9939.000000
9853.000000
10526.000000
9767.000000
10425.000000
9653.000000
9485.000000
9373.000000
8512.000000
8675.000000
8359.000000
8482.000000
8953.000000
8128.000000
7860.000000
7166.000000
7200.000000
7515.000000
9356.000000
10200.000000
9280.000000
10179.000000
10046.000000
9374.000000
8950.000000
8324.000000
9568.000000
9931.000000
9218.000000
9283.000000
9961.000000
9617.000000
9536.000000
9493.000000
10376.000000
10676.000000
11414.000000
11859.000000
11259.000000
11166.000000
10888.000000
10154.000000
10612.000000
9737.000000
9423.000000
9610.000000
8749.000000
8427.000000
10174.000000
9480.000000
9419.000000
10350.000000
9832.000000
9592.000000
7998.000000
9416.000000
11617.000000
11789.000000
10862.000000
10645.000000
10447.000000
12515.000000
13414.000000
12461.000000
11253.000000
8571.000000
8524.000000
8289.000000
7096.000000
8533.000000
8185.000000
8267.000000
7156.000000
7200.000000
7473.000000
7866.000000
7653.000000
7499.000000
9375.000000
9387.000000
8423.000000
10265.000000
10409.000000
10529.000000
12046.000000
12718.000000
12740.000000
13472.000000
13018.000000
12768.000000
12759.000000
12810.000000
12371.000000
11140.000000
11972.000000
8487.000000
7014.000000
7756.000000
8451.000000
8519.000000
8541.000000
8436.000000
9216.000000
8624.000000
8612.000000
5592.000000
7719.000000
8747.000000
8580.000000
10684.000000
13346.000000
14314.000000
13324.000000
13218.000000
12865.000000
13282.000000
13251.000000
13066.000000
12551.000000
12026.000000
12248.000000
12573.000000
10971.000000
11478.000000
9162.000000
8776.000000
8921.000000
7987.000000
8886.000000
8577.000000
9480.000000
8906.000000
8431.000000
8465.000000
8423.000000
9004.000000
8487.000000
9507.000000
12655.000000
13553.000000
12586.000000
12172.000000
12241.000000
13246.000000
13044.000000
12505.000000
11760.000000
11874.000000
11228.000000
12132.000000
12720.000000
10616.000000
10680.000000
9656.000000
11324.000000
10312.000000
10941.000000
10975.000000
10646.000000
9856.000000
9921.000000
9549.000000
9238.000000
10456.000000
10441.000000
10711.000000
10843.000000
12890.000000
14270.000000
11494.000000
11309.000000
10600.000000
12646.000000
12144.000000
12328.000000
11955.000000
11445.000000
10295.000000
11859.000000
12851.000000
10060.000000
10373.000000
9546.000000
8743.000000
9189.000000
10233.000000
8912.000000
8624.000000
10349.000000
11206.000000
11123.000000
11155.000000
9376.000000
9003.000000
10079.000000
12528.000000
12763.000000
11251.000000
10790.000000
11335.000000
11111.000000
11922.000000
12277.000000
11763.000000
11373.000000
11164.000000
9400.000000
10908.000000
11586.000000
10077.000000
9554.000000
9717.000000
7157.000000
10161.000000
9361.000000
9972.000000
9740.000000
10298.000000
10429.000000
10429.000000
10061.000000
7804.000000
7861.000000
8479.000000
13317.000000
7794.000000
7469.000000
5914.000000
9621.000000
12060.000000
12260.000000
10832.000000
10562.000000
10224.000000
10720.000000
10056.000000
10973.000000
11502.000000
9857.000000
8460.000000
9163.000000
2474.000000
9398.000000
9665.000000
9266.000000
10490.000000
10289.000000
10508.000000
9724.000000
9295.000000
8147.000000
8933.000000
9715.000000
11086.000000
8187.000000
5476.000000
4736.000000
7022.000000
11306.000000
11492.000000
11247.000000
11291.000000
8460.000000
9337.000000
10796.000000
11731.000000
11249.000000
9231.000000
8603.000000
9546.000000
695.000000
7292.000000
9570.000000
10792.000000
11782.000000
11504.000000
11621.000000
11057.000000
10516.000000
10273.000000
10732.000000
10023.000000
8173.000000
7323.000000
5863.000000
2926.000000
8030.000000
10871.000000
8898.000000
10110.000000
9912.000000
7569.000000
9050.000000
11190.000000
11759.000000
10931.000000
7856.000000
8269.000000
8073.000000
6571.000000
6562.000000
6935.000000
12468.000000
11600.000000
11901.000000
11784.000000
11435.000000
11214.000000
10683.000000
11716.000000
7379.000000
9872.000000
10996.000000
7293.000000
1664.000000
7779.000000
9069.000000
8963.000000
8940.000000
10903.000000
8323.000000
8458.000000
12433.000000
11746.000000
10198.000000
6455.000000
7488.000000
10305.000000
10571.000000
5698.000000
11433.000000
11257.000000
11595.000000
11658.000000
9873.000000
11490.000000
11046.000000
11171.000000
9661.000000
9764.000000
7990.000000
6809.000000
7310.000000
2205.000000
5157.000000
6713.000000
6475.000000
8422.000000
10717.000000
7796.000000
4200.000000
12594.000000
12297.000000
10750.000000
4639.000000
7334.000000
8660.000000
8542.000000
4601.000000
11665.000000
10758.000000
11260.000000
11966.000000
10883.000000
10047.000000
11481.000000
10612.000000
11762.000000
8230.000000
7416.000000
5461.000000
2997.000000
1777.000000
7995.000000
5479.000000
7024.000000
5200.000000
5160.000000
8477.000000
2620.000000
12092.000000
7057.000000
6362.000000
2146.000000
6534.000000
9417.000000
8961.000000
8330.000000
11264.000000
10880.000000
10519.000000
10968.000000
9610.000000
10302.000000
10338.000000
7801.000000
9765.000000
5046.000000
5182.000000
5147.000000
3799.000000
2375.000000
3403.000000
3235.000000
3084.000000
2998.000000
2283.000000
1790.000000
146.000000
7808.000000
9759.000000
9941.000000
1831.000000
4292.000000
9359.000000
9673.000000
9467.000000
10024.000000
9053.000000
8123.000000
10105.000000
8951.000000
9186.000000
8188.000000
9543.000000
8689.000000
8442.000000
4320.000000
4266.000000
2762.000000
7408.000000
10699.000000
2099.000000
1838.000000
1130.000000
918.000000
179.000000
144.000000
4082.000000
6182.000000
5317.000000
6750.000000
2692.000000
10739.000000
10692.000000
10613.000000
11605.000000
9110.000000
9815.000000
9003.000000
9489.000000
9276.000000
8638.000000
11335.000000
10924.000000
10115.000000
4071.000000
6137.000000
1917.000000
10821.000000
10133.000000
9138.000000
1096.000000
248.000000
133.000000
4629.000000
10539.000000
9590.000000
2856.000000
4806.000000
8987.000000
9642.000000
11356.000000
9419.000000
8775.000000
7388.000000
9692.000000
10226.000000
10387.000000
10680.000000
10666.000000
9113.000000
10399.000000
10460.000000
8603.000000
3697.000000
5036.000000
1997.000000
10479.000000
10420.000000
10420.000000
9917.000000
9433.000000
10878.000000
8836.000000
10774.000000
10418.000000
5809.000000
4211.000000
6191.000000
8097.000000
8993.000000
8916.000000
8258.000000
9564.000000
10043.000000
9110.000000
5486.000000
9395.000000
8836.000000
8678.000000
10796.000000
10288.000000
5751.000000
4002.000000
5530.000000
3080.000000
9839.000000
10239.000000
9466.000000
9006.000000
7311.000000
8931.000000
7638.000000
10115.000000
10508.000000
5619.000000
8974.000000
4340.000000
7789.000000
4068.000000
10480.000000
9222.000000
9291.000000
6896.000000
5236.000000
8112.000000
8697.000000
9209.000000
9390.000000
10705.000000
9803.000000
6165.000000
3995.000000
5240.000000
3053.000000
10641.000000
9055.000000
8637.000000
7101.000000
6905.000000
6835.000000
4722.000000
6934.000000
9395.000000
4588.000000
9630.000000
3796.000000
7566.000000
5165.000000
10482.000000
6137.000000
6635.000000
3791.000000
6277.000000
4219.000000
7236.000000
9849.000000
9627.000000
9452.000000
9481.000000
8775.000000
3464.000000
4667.000000
6816.000000
7996.000000
8623.000000
8733.000000
6657.000000
5764.000000
4747.000000
3572.000000
5375.000000
3926.000000
5806.000000
3904.000000
4553.000000
4633.000000
2406.000000
6062.000000
7069.000000
3343.000000
3989.000000
4969.000000
5481.000000
6427.000000
7478.000000
8783.000000
9176.000000
8523.000000
9520.000000
3699.000000
9241.000000
8576.000000
6203.000000
4805.000000
5710.000000
6147.000000
3622.000000
4025.000000
4693.000000
6294.000000
5439.000000
7603.000000
5037.000000
5070.000000
4673.000000
2800.000000
6592.000000
2873.000000
1952.000000
4742.000000
4111.000000
4418.000000
7350.000000
8812.000000
9614.000000
8236.000000
7965.000000
8437.000000
7211.000000
6937.000000
8246.000000
5953.000000
5273.000000
7716.000000
6731.000000
6821.000000
6515.000000
7167.000000
5749.000000
8228.000000
4884.000000
4801.000000
4239.000000
5683.000000
5656.000000
7294.000000
6427.000000
7324.000000
7233.000000
8501.000000
7943.000000
9626.000000
8823.000000
9340.000000
8963.000000
7519.000000
9772.000000
9867.000000
7147.000000
8487.000000
8206.000000
7747.000000
8354.000000
9198.000000
8885.000000
8919.000000
8223.000000
7561.000000
9072.000000
7857.000000
8150.000000
7236.000000
8008.000000
8838.000000
8221.000000
8355.000000
7677.000000
8019.000000
9403.000000
8395.000000
7635.000000
9146.000000
9896.000000
9755.000000
8099.000000
8418.000000
8081.000000
8358.000000
8411.000000
9366.000000
9792.000000
8806.000000
9390.000000
8047.000000
9082.000000
8136.000000
7888.000000
8505.000000
9088.000000
7636.000000
7040.000000
7371.000000
9333.000000
9597.000000
9590.000000
9620.000000
8981.000000
6571.000000
8884.000000
8657.000000
8927.000000
8794.000000
10223.000000
9319.000000
7985.000000
9139.000000
8604.000000
10114.000000
8725.000000
8658.000000
9168.000000
9676.000000
10155.000000
10637.000000
10280.000000
9572.000000
9905.000000
7898.000000
9809.000000
8869.000000
9019.000000
8277.000000
7375.000000
8781.000000
9487.000000
7313.000000
9102.000000
9166.000000
5694.000000
8195.000000
9252.000000
