6468.000000
7053.000000
6996.000000
6408.000000
5802.000000
3940.000000
5325.000000
5438.000000
5027.000000
4845.000000
5163.000000
5054.000000
5438.000000
6760.000000
6891.000000
6569.000000
6086.000000
7369.000000
7014.000000
6542.000000
6139.000000
4947.000000
4089.000000
5005.000000
5065.000000
3852.000000
3521.000000
4126.000000
5195.000000
6719.000000
7195.000000
6101.000000
3782.000000
8250.000000
8679.000000
7859.000000
6864.000000
4421.000000
3583.000000
5864.000000
5897.000000
4134.000000
2885.000000
3025.000000
6354.000000
8352.000000
7256.000000
4542.000000
5189.000000
8105.000000
8698.000000
3658.000000
4284.000000
3858.000000
3221.000000
4398.000000
5638.000000
3569.000000
3445.000000
4582.000000
7570.000000
7276.000000
6765.000000
5340.000000
3049.000000
5521.000000
5438.000000
2898.000000
2889.000000
4187.000000
4888.000000
5022.000000
4788.000000
5289.000000
4554.000000
5125.000000
6358.000000
2668.000000
4139.000000
6133.000000
3198.000000
2972.000000
3667.000000
3812.000000
3591.000000
4878.000000
5450.000000
5252.000000
4643.000000
4147.000000
4118.000000
3234.000000
6682.000000
1563.000000
3083.000000
3795.000000
3308.000000
3738.000000
4843.000000
2956.000000
2993.000000
4253.000000
4604.000000
5200.000000
4273.000000
3212.000000
3843.000000
2095.000000
3341.000000
5551.000000
4175.000000
2154.000000
3260.000000
3213.000000
3772.000000
1763.000000
4011.000000
4233.000000
4851.000000
5613.000000
3993.000000
2364.000000
4024.000000
2065.000000
2189.000000
6835.000000
4748.000000
2595.000000
2551.000000
3180.000000
2320.000000
1803.000000
3180.000000
3628.000000
3262.000000
4210.000000
2719.000000
1605.000000
4092.000000
1622.000000
933.000000
6187.000000
3875.000000
4125.000000
2911.000000
3138.000000
4217.000000
3082.000000
3082.000000
2644.000000
1679.000000
4026.000000
2211.000000
1100.000000
3558.000000
1313.000000
1442.000000
5355.000000
3667.000000
3898.000000
3793.000000
3730.000000
4789.000000
3017.000000
2700.000000
3522.000000
668.000000
3380.000000
1441.000000
1952.000000
3523.000000
1608.000000
1455.000000
3483.000000
2535.000000
2872.000000
3343.000000
2892.000000
3401.000000
2658.000000
1864.000000
2668.000000
2617.000000
1536.000000
1976.000000
2523.000000
2087.000000
2053.000000
3454.000000
1495.000000
1730.000000
4017.000000
3009.000000
3158.000000
3365.000000
3618.000000
3811.000000
4033.000000
3863.000000
2076.000000
2794.000000
2961.000000
1686.000000
3011.000000
1612.000000
928.000000
1435.000000
1772.000000
3928.000000
3845.000000
3933.000000
4092.000000
4254.000000
4173.000000
2911.000000
2147.000000
2252.000000
3245.000000
2335.000000
3105.000000
1131.000000
2196.000000
1149.000000
1450.000000
3860.000000
4001.000000
4744.000000
4227.000000
4468.000000
5056.000000
5077.000000
5185.000000
5578.000000
5583.000000
5809.000000
3426.000000
3864.000000
4042.000000
4601.000000
4713.000000
3118.000000
3828.000000
4314.000000
4853.000000
4808.000000
5212.000000
5130.000000
5080.000000
5123.000000
5315.000000
5547.000000
5708.000000
5841.000000
5828.000000
5376.000000
4612.000000
