4290.000000
4279.000000
4274.000000
4290.000000
4271.000000
4234.000000
4286.000000
4286.000000
4286.000000
4281.000000
4258.000000
4258.000000
4267.000000
4267.000000
4263.000000
4275.000000
3795.000000
4193.000000
4286.000000
4286.000000
4286.000000
4281.000000
4281.000000
4281.000000
4263.000000
4263.000000
4263.000000
4283.000000
139.000000
3573.000000
3868.000000
4291.000000
4281.000000
4286.000000
4274.000000
4258.000000
4281.000000
4281.000000
4281.000000
4300.000000
557.000000
3354.000000
4523.000000
4273.000000
4281.000000
4281.000000
4287.000000
4272.000000
4281.000000
4281.000000
4281.000000
4474.000000
1179.000000
4018.000000
3030.000000
4314.000000
4281.000000
4281.000000
4290.000000
4170.000000
4290.000000
4278.000000
4295.000000
4595.000000
3781.000000
4033.000000
3955.000000
4240.000000
4287.000000
4285.000000
4099.000000
3750.000000
3644.000000
4016.000000
4325.000000
4504.000000
4423.000000
4113.000000
3675.000000
4161.000000
4180.000000
3741.000000
3703.000000
3703.000000
2876.000000
2947.000000
4123.000000
4241.000000
4440.000000
4721.000000
3342.000000
3606.000000
3577.000000
3162.000000
3695.000000
3611.000000
2534.000000
2914.000000
4021.000000
4067.000000
4833.000000
4666.000000
2686.000000
2924.000000
2790.000000
2674.000000
2977.000000
2595.000000
3915.000000
3466.000000
4187.000000
3917.000000
4645.000000
3968.000000
1803.000000
2140.000000
2757.000000
2425.000000
2782.000000
2636.000000
3871.000000
3589.000000
4252.000000
3626.000000
3262.000000
4307.000000
1762.000000
1926.000000
4114.000000
3441.000000
3569.000000
3191.000000
3559.000000
3610.000000
4245.000000
3079.000000
4089.000000
3866.000000
1664.000000
1913.000000
3703.000000
4575.000000
2753.000000
3109.000000
3541.000000
3234.000000
1967.000000
2187.000000
4694.000000
2304.000000
1231.000000
1972.000000
4523.000000
4319.000000
3509.000000
3110.000000
3463.000000
3042.000000
3747.000000
699.000000
4241.000000
1244.000000
654.000000
1743.000000
5070.000000
4713.000000
2745.000000
3648.000000
3189.000000
3178.000000
3780.000000
602.000000
3039.000000
2435.000000
1184.000000
1320.000000
4875.000000
5116.000000
2970.000000
3396.000000
3029.000000
3118.000000
3629.000000
1263.000000
2374.000000
1785.000000
998.000000
1958.000000
4632.000000
4425.000000
4067.000000
3881.000000
2627.000000
2832.000000
2825.000000
1614.000000
852.000000
914.000000
608.000000
2201.000000
4222.000000
4697.000000
3811.000000
3807.000000
3302.000000
1930.000000
2760.000000
2360.000000
874.000000
995.000000
285.000000
3134.000000
1116.000000
3588.000000
2628.000000
3609.000000
3536.000000
3535.000000
2764.000000
2886.000000
114.000000
1345.000000
132.000000
2546.000000
1837.000000
760.000000
2947.000000
2629.000000
4281.000000
4480.000000
4322.000000
1839.000000
357.000000
1111.000000
25.000000
4033.000000
1267.000000
2308.000000
4184.000000
3355.000000
4213.000000
4458.000000
4573.000000
985.000000
710.000000
928.000000
92.000000
4855.000000
2810.000000
4499.000000
3129.000000
4589.000000
4069.000000
4291.000000
4299.000000
764.000000
1038.000000
682.000000
121.000000
4756.000000
2358.000000
4637.000000
4569.000000
4428.000000
4191.000000
4255.000000
3819.000000
1307.000000
2197.000000
1404.000000
913.000000
1252.000000
2103.000000
1066.000000
1150.000000
4089.000000
4115.000000
4359.000000
4356.000000
4606.000000
4481.000000
4460.000000
4815.000000
4612.000000
4813.000000
4377.000000
4352.000000
4526.000000
