7446.000000
7433.000000
7402.000000
7502.000000
7534.000000
7490.000000
7490.000000
7490.000000
7514.000000
7514.000000
7513.000000
7528.000000
7446.000000
7535.000000
7534.000000
7534.000000
7534.000000
7544.000000
7570.000000
7570.000000
7402.000000
7446.000000
7446.000000
7522.000000
7446.000000
7514.000000
7534.000000
7496.000000
7518.000000
7518.000000
7512.000000
7456.000000
7448.000000
7446.000000
7446.000000
7446.000000
7446.000000
7456.000000
7431.000000
7476.000000
7444.000000
7467.000000
7614.000000
7591.000000
7572.000000
7034.000000
7002.000000
6959.000000
7609.000000
7085.000000
6840.000000
6977.000000
7346.000000
7445.000000
7426.000000
7402.000000
7446.000000
7415.000000
7446.000000
7421.000000
7412.000000
7411.000000
7614.000000
7645.000000
5136.000000
6560.000000
6587.000000
6978.000000
6475.000000
7046.000000
6593.000000
6706.000000
6942.000000
6908.000000
7371.000000
7391.000000
7406.000000
7354.000000
7220.000000
7241.000000
7359.000000
7508.000000
7243.000000
7555.000000
7057.000000
6653.000000
2123.000000
7192.000000
6563.000000
6954.000000
6672.000000
6893.000000
6716.000000
6796.000000
6539.000000
7438.000000
7428.000000
7438.000000
7433.000000
7277.000000
7377.000000
7536.000000
1857.000000
6186.000000
6016.000000
3432.000000
3982.000000
7004.000000
6953.000000
6855.000000
7069.000000
6845.000000
6605.000000
6705.000000
6692.000000
6547.000000
7360.000000
7263.000000
7563.000000
7483.000000
7204.000000
7172.000000
7439.000000
5909.000000
5897.000000
3508.000000
6808.000000
6843.000000
6828.000000
6855.000000
6586.000000
6478.000000
6774.000000
6388.000000
6507.000000
6044.000000
7131.000000
7124.000000
7178.000000
7290.000000
7099.000000
7053.000000
7087.000000
5697.000000
5616.000000
5332.000000
6546.000000
6601.000000
6729.000000
6854.000000
6644.000000
6674.000000
6236.000000
6430.000000
6493.000000
5839.000000
7280.000000
6898.000000
7156.000000
7256.000000
6896.000000
7327.000000
6849.000000
5681.000000
6288.000000
5635.000000
5777.000000
5982.000000
6239.000000
6894.000000
6534.000000
6034.000000
6074.000000
5944.000000
7579.000000
5572.000000
6800.000000
6745.000000
6967.000000
7201.000000
6945.000000
6627.000000
5070.000000
7262.000000
6431.000000
6914.000000
5572.000000
6200.000000
5860.000000
6463.000000
5843.000000
5772.000000
5779.000000
5916.000000
7253.000000
5613.000000
7554.000000
7434.000000
7101.000000
7379.000000
6103.000000
3566.000000
2936.000000
7965.000000
7134.000000
6866.000000
5647.000000
5406.000000
5611.000000
6125.000000
6423.000000
5771.000000
5332.000000
5415.000000
6824.000000
6437.000000
7049.000000
6820.000000
6013.000000
6974.000000
5160.000000
3175.000000
4964.000000
5637.000000
6667.000000
7027.000000
5666.000000
4749.000000
5135.000000
6466.000000
6403.000000
5344.000000
5371.000000
6549.000000
3984.000000
5503.000000
7243.000000
6858.000000
6805.000000
7045.000000
5946.000000
6352.000000
6009.000000
7826.000000
6085.000000
7230.000000
2421.000000
2377.000000
4470.000000
6028.000000
6226.000000
4167.000000
5415.000000
6388.000000
3755.000000
5610.000000
7073.000000
7211.000000
6934.000000
6127.000000
7259.000000
7288.000000
3111.000000
6625.000000
7302.000000
6092.000000
1613.000000
1367.000000
6555.000000
6964.000000
2399.000000
3416.000000
4460.000000
989.000000
4346.000000
6109.000000
6892.000000
7358.000000
7234.000000
6891.000000
6938.000000
6524.000000
2137.000000
6214.000000
6743.000000
2061.000000
1511.000000
7649.000000
7303.000000
6993.000000
2407.000000
3863.000000
6983.000000
2041.000000
6637.000000
7086.000000
7194.000000
7568.000000
7110.000000
7108.000000
7682.000000
7338.000000
1714.000000
3359.000000
6607.000000
3637.000000
2272.000000
7013.000000
7272.000000
6661.000000
6598.000000
6905.000000
7323.000000
3984.000000
7213.000000
8034.000000
7438.000000
7686.000000
7809.000000
7373.000000
5974.000000
5719.000000
3411.000000
1693.000000
6473.000000
7259.000000
2385.000000
3511.000000
6740.000000
7160.000000
6895.000000
7010.000000
7381.000000
5678.000000
3515.000000
7764.000000
7226.000000
7171.000000
7212.000000
7083.000000
5968.000000
6182.000000
7602.000000
7546.000000
6058.000000
6656.000000
1831.000000
2312.000000
4852.000000
7408.000000
7146.000000
7285.000000
6781.000000
6836.000000
6622.000000
6427.000000
6836.000000
7030.000000
7108.000000
6851.000000
3372.000000
4107.000000
5494.000000
5253.000000
3903.000000
4125.000000
2700.000000
5211.000000
2090.000000
6726.000000
6674.000000
6626.000000
6217.000000
7642.000000
6345.000000
6150.000000
6890.000000
6442.000000
7034.000000
7060.000000
2883.000000
3651.000000
3037.000000
3447.000000
3176.000000
3280.000000
3207.000000
3592.000000
2627.000000
5680.000000
5906.000000
6072.000000
5698.000000
5743.000000
6562.000000
7182.000000
7009.000000
6474.000000
6790.000000
6283.000000
