6970.000000
6792.000000
6673.000000
5846.000000
5496.000000
5874.000000
5995.000000
5426.000000
5231.000000
7072.000000
6056.000000
7207.000000
6956.000000
6428.000000
6751.000000
5025.000000
5950.000000
6207.000000
5885.000000
6407.000000
6564.000000
7113.000000
6417.000000
5194.000000
5853.000000
6260.000000
6004.000000
6216.000000
6465.000000
5825.000000
6992.000000
6651.000000
6734.000000
6547.000000
5471.000000
7148.000000
5813.000000
6721.000000
6018.000000
5432.000000
4651.000000
6385.000000
6484.000000
6702.000000
4874.000000
7112.000000
6221.000000
5479.000000
4623.000000
4724.000000
5818.000000
5926.000000
6332.000000
4385.000000
7032.000000
6355.000000
5123.000000
4885.000000
4841.000000
4847.000000
5026.000000
4912.000000
6729.000000
6017.000000
5768.000000
5020.000000
3591.000000
4432.000000
4078.000000
4407.000000
3407.000000
5420.000000
5828.000000
6436.000000
5141.000000
3532.000000
3201.000000
3936.000000
2961.000000
3168.000000
3084.000000
5962.000000
5859.000000
6232.000000
4704.000000
2460.000000
3688.000000
2905.000000
2697.000000
2746.000000
5489.000000
6901.000000
5910.000000
2980.000000
6589.000000
3507.000000
1553.000000
4617.000000
4370.000000
3893.000000
6692.000000
6219.000000
3900.000000
7072.000000
5296.000000
7134.000000
7119.000000
4739.000000
6109.000000
5491.000000
5677.000000
3141.000000
6479.000000
4779.000000
6954.000000
7058.000000
2695.000000
5530.000000
4652.000000
4577.000000
4740.000000
4733.000000
4717.000000
4934.000000
5969.000000
5420.000000
4099.000000
4890.000000
4178.000000
4819.000000
5158.000000
3829.000000
5316.000000
5722.000000
5627.000000
3674.000000
4331.000000
3489.000000
4727.000000
4206.000000
3731.000000
4849.000000
6860.000000
5417.000000
2543.000000
2200.000000
2480.000000
3471.000000
3576.000000
2883.000000
4657.000000
6094.000000
4532.000000
3478.000000
2809.000000
2706.000000
3158.000000
2719.000000
2326.000000
2714.000000
5131.000000
3521.000000
3449.000000
3369.000000
2349.000000
2707.000000
3716.000000
3520.000000
4052.000000
4530.000000
3141.000000
