6457.000000
5887.000000
6745.000000
6240.000000
6049.000000
3317.000000
4777.000000
3353.000000
3911.000000
5179.000000
5588.000000
3625.000000
5855.000000
5984.000000
5590.000000
5088.000000
8564.000000
8095.000000
9254.000000
5142.000000
6019.000000
3472.000000
5505.000000
4038.000000
3892.000000
7922.000000
8468.000000
4128.000000
4038.000000
6004.000000
5872.000000
5688.000000
6487.000000
9821.000000
6438.000000
6978.000000
10678.000000
8615.000000
6317.000000
4835.000000
4678.000000
8075.000000
8488.000000
4181.000000
5941.000000
5730.000000
6904.000000
4720.000000
7680.000000
9058.000000
7383.000000
6196.000000
8387.000000
7930.000000
6578.000000
5053.000000
5474.000000
7407.000000
7729.000000
4584.000000
5271.000000
8476.000000
8047.000000
5826.000000
6690.000000
6179.000000
7237.000000
6531.000000
7245.000000
6566.000000
6904.000000
9581.000000
9971.000000
6935.000000
7019.000000
9486.000000
10641.000000
10681.000000
10460.000000
6627.000000
6314.000000
6104.000000
5750.000000
7369.000000
6404.000000
5023.000000
7759.000000
10136.000000
8696.000000
9088.000000
8490.000000
8607.000000
10710.000000
9871.000000
8379.000000
6153.000000
4976.000000
4948.000000
5385.000000
7512.000000
5675.000000
4544.000000
6603.000000
9251.000000
8078.000000
8869.000000
6593.000000
7314.000000
10737.000000
10893.000000
11254.000000
10719.000000
4590.000000
5330.000000
4192.000000
8818.000000
4371.000000
3655.000000
9085.000000
10169.000000
7772.000000
6019.000000
5979.000000
6878.000000
7367.000000
9364.000000
10925.000000
10240.000000
4529.000000
5916.000000
5086.000000
10498.000000
5046.000000
2428.000000
8418.000000
11203.000000
7500.000000
7083.000000
6177.000000
7157.000000
6709.000000
8636.000000
10550.000000
10428.000000
5424.000000
6095.000000
8658.000000
10131.000000
4162.000000
3998.000000
8765.000000
11150.000000
7737.000000
5624.000000
6459.000000
5763.000000
5651.000000
6773.000000
10234.000000
9984.000000
5858.000000
4610.000000
9269.000000
10378.000000
5884.000000
5885.000000
8439.000000
10397.000000
6958.000000
4886.000000
6283.000000
5679.000000
5337.000000
5832.000000
9844.000000
9288.000000
5136.000000
6293.000000
9285.000000
10104.000000
8150.000000
10341.000000
10208.000000
8556.000000
7416.000000
4890.000000
5888.000000
5277.000000
5673.000000
6095.000000
8878.000000
8879.000000
5413.000000
6036.000000
9571.000000
9572.000000
9387.000000
9941.000000
7957.000000
7314.000000
7453.000000
5803.000000
5496.000000
4447.000000
5779.000000
6367.000000
8117.000000
7790.000000
5607.000000
4923.000000
9724.000000
9490.000000
8144.000000
7731.000000
7750.000000
6555.000000
6535.000000
3881.000000
4788.000000
4996.000000
5447.000000
5228.000000
6447.000000
5750.000000
5807.000000
4227.000000
8341.000000
8213.000000
7378.000000
6594.000000
6854.000000
6982.000000
5726.000000
4811.000000
2366.000000
4984.000000
5104.000000
5587.000000
7079.000000
9495.000000
4455.000000
4170.000000
5420.000000
5959.000000
6002.000000
4802.000000
6821.000000
7699.000000
4763.000000
6340.000000
3527.000000
4561.000000
4466.000000
5759.000000
8129.000000
8098.000000
3863.000000
3487.000000
5584.000000
7418.000000
5053.000000
4595.000000
5795.000000
5895.000000
5318.000000
8357.000000
4635.000000
3735.000000
5041.000000
3548.000000
5072.000000
6503.000000
4384.000000
3919.000000
6620.000000
6263.000000
4569.000000
4929.000000
3105.000000
5089.000000
5056.000000
6426.000000
6066.000000
5665.000000
3293.000000
7073.000000
8840.000000
6925.000000
7100.000000
7665.000000
7608.000000
7074.000000
5119.000000
4594.000000
4224.000000
6261.000000
5843.000000
6857.000000
6415.000000
7106.000000
4347.000000
7483.000000
7341.000000
7730.000000
6813.000000
6907.000000
7595.000000
6162.000000
5573.000000
3744.000000
5544.000000
6051.000000
6496.000000
7507.000000
5629.000000
7125.000000
5915.000000
7342.000000
7410.000000
7332.000000
6219.000000
6840.000000
6541.000000
7364.000000
4414.000000
7704.000000
5020.000000
6120.000000
6733.000000
6766.000000
4467.000000
7323.000000
7748.000000
7097.000000
7314.000000
7329.000000
7378.000000
6467.000000
6653.000000
6190.000000
5249.000000
7452.000000
6308.000000
6596.000000
5963.000000
5208.000000
4167.000000
6750.000000
7391.000000
8277.000000
7873.000000
6930.000000
5217.000000
5841.000000
6243.000000
6149.000000
5322.000000
6940.000000
7214.000000
6119.000000
6601.000000
5292.000000
5609.000000
6813.000000
6303.000000
7244.000000
7970.000000
6340.000000
6693.000000
6057.000000
6681.000000
6131.000000
5453.000000
5420.000000
5710.000000
4404.000000
5048.000000
5174.000000
5810.000000
6483.000000
6069.000000
6286.000000
6926.000000
5642.000000
6693.000000
7533.000000
6545.000000
6234.000000
5202.000000
5345.000000
5177.000000
7459.000000
5658.000000
5325.000000
5747.000000
6390.000000
6252.000000
6491.000000
6697.000000
6261.000000
5342.000000
6997.000000
6682.000000
6913.000000
6296.000000
6385.000000
7276.000000
6727.000000
6968.000000
7106.000000
7048.000000
7670.000000
5867.000000
7301.000000
7874.000000
7559.000000
7234.000000
7831.000000
7614.000000
7230.000000
7833.000000
7276.000000
7327.000000
7037.000000
6971.000000
6754.000000
6974.000000
7485.000000
6977.000000
6893.000000
7521.000000
7981.000000
6860.000000
8057.000000
8339.000000
7992.000000
8020.000000
7911.000000
7979.000000
6966.000000
7025.000000
7796.000000
8021.000000
8326.000000
8133.000000
7737.000000
7316.000000
7013.000000
7782.000000
7873.000000
8423.000000
7317.000000
6640.000000
5955.000000
7469.000000
7099.000000
6828.000000
7593.000000
7850.000000
7783.000000
7469.000000
6608.000000
6077.000000
7259.000000
5999.000000
6747.000000
7211.000000
6601.000000
7230.000000
8044.000000
7784.000000
7509.000000
7332.000000
7505.000000
6436.000000
7426.000000
8223.000000
8242.000000
7644.000000
7630.000000
6381.000000
6366.000000
7371.000000
6679.000000
7569.000000
6830.000000
6554.000000
7649.000000
8247.000000
7591.000000
8194.000000
8097.000000
8526.000000
7862.000000
7964.000000
7097.000000
5788.000000
6528.000000
7055.000000
7544.000000
7576.000000
7660.000000
8076.000000
8052.000000
8660.000000
7585.000000
7784.000000
7727.000000
8678.000000
7787.000000
7814.000000
7704.000000
