2521.000000
2457.000000
2636.000000
2735.000000
2595.000000
2537.000000
2339.000000
2123.000000
1871.000000
1671.000000
1436.000000
1519.000000
1588.000000
1654.000000
1929.000000
1924.000000
1905.000000
1987.000000
1909.000000
1780.000000
1774.000000
1661.000000
1553.000000
1469.000000
1555.000000
1623.000000
1717.000000
1826.000000
1949.000000
1839.000000
1883.000000
1706.000000
1460.000000
1568.000000
1571.000000
1246.000000
1252.000000
1298.000000
959.000000
799.000000
1125.000000
1249.000000
1303.000000
1626.000000
1562.000000
1593.000000
1596.000000
1615.000000
1648.000000
1639.000000
1562.000000
1487.000000
1564.000000
1602.000000
1628.000000
1636.000000
1179.000000
1127.000000
1243.000000
1183.000000
1074.000000
1140.000000
1156.000000
1090.000000
1109.000000
1124.000000
1107.000000
1430.000000
2029.000000
2751.000000
3100.000000
3435.000000
3146.000000
2611.000000
2112.000000
1692.000000
1447.000000
1445.000000
1461.000000
1406.000000
1491.000000
1543.000000
1553.000000
1541.000000
681.000000
689.000000
897.000000
1094.000000
1245.000000
1831.000000
2470.000000
2724.000000
3321.000000
3939.000000
4137.000000
4421.000000
5029.000000
5700.000000
5956.000000
5873.000000
5285.000000
4211.000000
3230.000000
2274.000000
1495.000000
1228.000000
1292.000000
1276.000000
1321.000000
1414.000000
1475.000000
1511.000000
708.000000
1531.000000
2269.000000
3019.000000
3965.000000
5083.000000
5811.000000
6073.000000
6533.000000
7068.000000
7183.000000
7224.000000
7750.000000
8498.000000
8931.000000
8810.000000
8122.000000
6577.000000
5012.000000
3596.000000
2153.000000
1112.000000
1036.000000
1087.000000
1159.000000
1278.000000
1398.000000
1495.000000
1263.000000
2460.000000
3773.000000
5174.000000
6643.000000
7773.000000
8421.000000
9072.000000
9545.000000
9802.000000
9950.000000
9954.000000
9879.000000
9724.000000
9653.000000
9457.000000
9161.000000
8264.000000
6514.000000
4947.000000
3504.000000
1899.000000
1008.000000
1003.000000
1105.000000
1245.000000
1392.000000
1510.000000
2220.000000
3730.000000
5596.000000
7793.000000
9377.000000
10096.000000
10203.000000
10216.000000
10238.000000
10203.000000
10188.000000
10083.000000
9891.000000
9625.000000
9209.000000
8837.000000
8866.000000
8692.000000
7407.000000
5671.000000
4570.000000
2921.000000
1488.000000
1123.000000
1270.000000
1367.000000
1424.000000
1512.000000
3551.000000
5138.000000
7168.000000
9115.000000
10068.000000
10132.000000
10081.000000
9999.000000
9883.000000
9946.000000
9956.000000
9886.000000
9753.000000
9419.000000
8771.000000
8100.000000
8080.000000
8037.000000
7717.000000
6898.000000
6002.000000
5029.000000
3346.000000
2413.000000
2333.000000
2323.000000
2270.000000
2143.000000
4680.000000
6760.000000
8797.000000
9798.000000
10156.000000
10042.000000
9879.000000
9792.000000
9751.000000
9755.000000
9777.000000
9671.000000
9520.000000
9192.000000
8507.000000
7503.000000
7109.000000
7187.000000
7344.000000
7299.000000
7335.000000
6781.000000
5922.000000
4674.000000
4088.000000
3458.000000
3022.000000
2715.000000
5964.000000
7985.000000
9652.000000
10031.000000
9938.000000
9824.000000
9738.000000
9605.000000
9557.000000
9575.000000
9604.000000
9486.000000
9329.000000
8994.000000
8439.000000
7318.000000
6625.000000
6568.000000
6948.000000
7370.000000
8069.000000
7946.000000
7117.000000
5844.000000
4902.000000
4011.000000
3572.000000
3180.000000
6936.000000
8731.000000
9795.000000
9867.000000
9730.000000
9521.000000
9451.000000
9355.000000
9289.000000
9355.000000
9415.000000
9305.000000
9101.000000
8741.000000
8384.000000
7401.000000
6580.000000
6229.000000
6584.000000
7016.000000
7573.000000
7730.000000
7367.000000
6151.000000
5104.000000
4077.000000
3816.000000
3584.000000
7217.000000
8859.000000
9496.000000
9414.000000
9394.000000
9188.000000
9068.000000
9016.000000
9000.000000
9117.000000
9220.000000
9149.000000
8908.000000
8442.000000
8126.000000
7448.000000
6814.000000
6279.000000
6475.000000
6795.000000
7086.000000
6899.000000
6585.000000
5607.000000
4679.000000
3893.000000
3907.000000
3861.000000
7045.000000
8556.000000
9004.000000
8888.000000
8887.000000
8758.000000
8668.000000
8628.000000
8712.000000
8855.000000
8984.000000
8949.000000
8735.000000
8189.000000
7683.000000
7214.000000
6900.000000
6401.000000
6566.000000
6897.000000
7101.000000
6678.000000
6366.000000
5737.000000
5085.000000
4614.000000
4760.000000
4735.000000
6866.000000
8178.000000
8269.000000
8377.000000
8368.000000
8277.000000
8262.000000
8284.000000
8397.000000
8531.000000
8670.000000
8646.000000
8432.000000
7968.000000
7353.000000
6931.000000
6825.000000
6490.000000
6743.000000
7217.000000
7473.000000
7070.000000
6989.000000
6464.000000
5759.000000
5188.000000
5146.000000
5055.000000
6571.000000
7650.000000
7407.000000
7647.000000
7713.000000
7707.000000
7765.000000
7889.000000
8067.000000
8148.000000
8279.000000
8179.000000
7997.000000
7569.000000
7169.000000
6787.000000
6800.000000
6662.000000
7044.000000
7577.000000
8009.000000
7764.000000
7898.000000
7643.000000
7062.000000
6457.000000
6156.000000
5703.000000
6196.000000
6916.000000
6928.000000
7048.000000
7036.000000
7086.000000
7154.000000
7351.000000
7450.000000
7681.000000
7746.000000
7767.000000
7504.000000
7055.000000
6778.000000
6649.000000
6720.000000
6916.000000
7379.000000
7755.000000
8318.000000
8515.000000
8681.000000
8551.000000
7899.000000
7163.000000
6826.000000
6231.000000
5925.000000
6217.000000
6189.000000
6369.000000
6412.000000
6316.000000
6412.000000
6788.000000
6785.000000
7114.000000
7347.000000
7287.000000
7115.000000
6921.000000
6677.000000
6588.000000
6746.000000
6871.000000
7300.000000
7808.000000
8202.000000
8327.000000
8337.000000
8542.000000
8472.000000
7559.000000
6948.000000
6551.000000
5394.000000
5642.000000
5676.000000
5743.000000
5876.000000
5767.000000
5579.000000
5688.000000
5968.000000
6374.000000
6696.000000
6988.000000
7014.000000
6844.000000
6421.000000
6493.000000
6766.000000
6904.000000
6995.000000
7406.000000
7774.000000
7791.000000
7692.000000
8071.000000
8444.000000
8018.000000
7362.000000
7068.000000
4641.000000
4997.000000
5160.000000
5082.000000
5200.000000
5346.000000
5273.000000
4968.000000
5380.000000
5600.000000
5698.000000
5923.000000
6083.000000
5925.000000
5709.000000
5958.000000
6436.000000
6755.000000
6690.000000
7022.000000
7324.000000
7421.000000
7563.000000
7981.000000
8332.000000
8281.000000
7637.000000
7082.000000
3992.000000
4180.000000
4470.000000
4402.000000
4390.000000
4512.000000
4481.000000
4137.000000
4238.000000
4523.000000
4833.000000
4951.000000
5176.000000
5235.000000
5029.000000
5098.000000
5465.000000
6085.000000
6229.000000
6616.000000
6815.000000
7123.000000
7375.000000
7726.000000
7762.000000
7670.000000
7251.000000
6452.000000
3575.000000
3412.000000
3682.000000
3652.000000
3508.000000
3516.000000
3787.000000
3734.000000
3556.000000
3809.000000
4249.000000
4269.000000
4127.000000
4341.000000
4248.000000
4002.000000
4183.000000
4979.000000
5362.000000
5852.000000
6256.000000
6719.000000
6764.000000
6806.000000
6448.000000
6001.000000
5685.000000
5096.000000
3309.000000
3071.000000
3159.000000
3046.000000
2787.000000
2631.000000
2769.000000
2899.000000
2936.000000
3306.000000
3816.000000
4292.000000
4197.000000
4360.000000
3880.000000
3265.000000
3068.000000
3759.000000
4289.000000
4858.000000
5743.000000
6197.000000
6017.000000
5536.000000
4720.000000
3838.000000
3237.000000
3129.000000
3068.000000
3088.000000
3047.000000
2980.000000
2559.000000
2404.000000
2556.000000
2632.000000
2885.000000
3181.000000
3515.000000
4154.000000
4281.000000
4271.000000
3741.000000
2917.000000
2401.000000
2679.000000
3361.000000
3916.000000
4959.000000
5338.000000
5272.000000
4601.000000
3625.000000
2667.000000
1874.000000
1753.000000
2883.000000
3036.000000
2922.000000
3208.000000
2702.000000
2493.000000
2613.000000
2771.000000
2849.000000
2982.000000
3356.000000
3862.000000
4001.000000
3888.000000
3538.000000
3071.000000
2307.000000
1946.000000
2883.000000
3620.000000
4076.000000
4217.000000
4449.000000
3904.000000
2957.000000
2077.000000
1680.000000
1394.000000
2492.000000
2890.000000
2987.000000
3611.000000
3173.000000
2865.000000
2851.000000
2943.000000
2770.000000
2716.000000
3109.000000
3726.000000
3924.000000
3895.000000
3753.000000
3337.000000
2880.000000
2287.000000
2668.000000
3308.000000
3658.000000
3573.000000
3940.000000
3701.000000
3103.000000
2688.000000
2592.000000
2528.000000
2566.000000
2958.000000
3143.000000
3800.000000
3563.000000
3194.000000
3201.000000
3426.000000
3233.000000
3097.000000
3438.000000
4064.000000
4255.000000
4447.000000
4263.000000
3771.000000
3587.000000
3391.000000
3372.000000
3628.000000
4132.000000
4049.000000
4200.000000
4251.000000
4076.000000
4088.000000
4296.000000
4405.000000
3317.000000
3770.000000
3991.000000
4477.000000
4529.000000
4146.000000
3900.000000
4198.000000
4143.000000
4081.000000
4323.000000
4750.000000
4878.000000
5166.000000
5067.000000
4561.000000
4514.000000
4661.000000
4562.000000
4697.000000
5263.000000
5303.000000
5301.000000
5446.000000
5477.000000
5591.000000
5807.000000
5935.000000
4505.000000
4907.000000
5038.000000
5171.000000
5212.000000
5002.000000
4854.000000
5120.000000
5257.000000
5371.000000
5639.000000
5913.000000
5993.000000
6076.000000
5857.000000
5384.000000
5139.000000
5126.000000
5094.000000
5461.000000
5941.000000
5951.000000
5912.000000
6006.000000
6018.000000
6076.000000
6202.000000
6352.000000
5428.000000
5602.000000
5566.000000
5421.000000
5354.000000
5259.000000
5151.000000
5285.000000
5422.000000
5629.000000
5968.000000
6251.000000
6357.000000
6313.000000
6067.000000
5545.000000
5196.000000
5020.000000
4890.000000
5201.000000
5654.000000
5723.000000
5585.000000
5694.000000
5695.000000
5782.000000
5934.000000
6176.000000
5864.000000
5863.000000
5774.000000
5616.000000
5573.000000
5574.000000
5539.000000
5648.000000
5745.000000
5857.000000
6144.000000
6437.000000
6551.000000
6438.000000
6165.000000
5564.000000
5098.000000
4931.000000
4852.000000
5019.000000
5288.000000
5482.000000
5416.000000
5628.000000
5760.000000
5978.000000
6220.000000
6545.000000
