2667.000000
2303.000000
2028.000000
2408.000000
2801.000000
3645.000000
3895.000000
3437.000000
2735.000000
2498.000000
3298.000000
4103.000000
5168.000000
4676.000000
3392.000000
3621.000000
3340.000000
2465.000000
4473.000000
3525.000000
4315.000000
4459.000000
4214.000000
3069.000000
2735.000000
3217.000000
3476.000000
6607.000000
7023.000000
2950.000000
2066.000000
2362.000000
4710.000000
3822.000000
3949.000000
5751.000000
5558.000000
3777.000000
2980.000000
2446.000000
3650.000000
3407.000000
4029.000000
4729.000000
3628.000000
2390.000000
3726.000000
2863.000000
4953.000000
4432.000000
2570.000000
4799.000000
4586.000000
2756.000000
3969.000000
2942.000000
3093.000000
5276.000000
1855.000000
3111.000000
2997.000000
2956.000000
3611.000000
3279.000000
