882.000000
923.000000
849.000000
1255.000000
888.000000
995.000000
962.000000
810.000000
643.000000
1070.000000
1503.000000
1971.000000
702.000000
1283.000000
920.000000
990.000000
501.000000
621.000000
804.000000
1890.000000
2006.000000
1484.000000
1251.000000
1416.000000
1024.000000
1175.000000
1217.000000
853.000000
1940.000000
1648.000000
1665.000000
2163.000000
2385.000000
1727.000000
1441.000000
1232.000000
899.000000
1860.000000
2340.000000
1198.000000
1301.000000
2048.000000
1776.000000
1182.000000
1174.000000
1010.000000
1100.000000
2268.000000
1025.000000
1741.000000
2209.000000
1655.000000
1764.000000
957.000000
825.000000
914.000000
650.000000
1124.000000
1410.000000
975.000000
747.000000
1510.000000
1977.000000
2414.000000
2990.000000
666.000000
1026.000000
1490.000000
1094.000000
1319.000000
369.000000
3244.000000
1603.000000
2163.000000
1318.000000
1139.000000
2377.000000
2085.000000
2657.000000
3228.000000
2340.000000
2436.000000
2759.000000
2113.000000
2204.000000
2759.000000
2421.000000
2298.000000
1508.000000
2248.000000
