3416.000000
3706.000000
3795.000000
3959.000000
3885.000000
4212.000000
4343.000000
4379.000000
4140.000000
4120.000000
4242.000000
4162.000000
3910.000000
3587.000000
3716.000000
3510.000000
3981.000000
3946.000000
4168.000000
4113.000000
4112.000000
4121.000000
4218.000000
4258.000000
4228.000000
4169.000000
3662.000000
3806.000000
4066.000000
4091.000000
4041.000000
4212.000000
3874.000000
3787.000000
4125.000000
4125.000000
4141.000000
4086.000000
3994.000000
3368.000000
3584.000000
3760.000000
3990.000000
3972.000000
4088.000000
3119.000000
3639.000000
4323.000000
4165.000000
4043.000000
4155.000000
3917.000000
3440.000000
3501.000000
3637.000000
3948.000000
4009.000000
3984.000000
3259.000000
4050.000000
4110.000000
4164.000000
4199.000000
4368.000000
3928.000000
3863.000000
4253.000000
3515.000000
3757.000000
3967.000000
4261.000000
3564.000000
4050.000000
3928.000000
4116.000000
4302.000000
4114.000000
3889.000000
3985.000000
3749.000000
4099.000000
3902.000000
3659.000000
3992.000000
3326.000000
4004.000000
4035.000000
4236.000000
4465.000000
4171.000000
4228.000000
3918.000000
4309.000000
3755.000000
4053.000000
3898.000000
4899.000000
4604.000000
3043.000000
4275.000000
3071.000000
3958.000000
4153.000000
3889.000000
3501.000000
4144.000000
3954.000000
3838.000000
3996.000000
5021.000000
3431.000000
4149.000000
4202.000000
3349.000000
3397.000000
4253.000000
3608.000000
3477.000000
3703.000000
3747.000000
4124.000000
4077.000000
4341.000000
3222.000000
3907.000000
3977.000000
4006.000000
4028.000000
4394.000000
3733.000000
3530.000000
4267.000000
4077.000000
4010.000000
3422.000000
1089.000000
3284.000000
2954.000000
4330.000000
3733.000000
3671.000000
4204.000000
4210.000000
4457.000000
3720.000000
4159.000000
4776.000000
2825.000000
3315.000000
680.000000
2634.000000
3812.000000
3788.000000
3919.000000
3458.000000
3637.000000
4257.000000
3841.000000
4717.000000
3990.000000
3360.000000
3294.000000
1248.000000
3298.000000
3881.000000
4807.000000
3739.000000
3976.000000
3624.000000
3844.000000
3894.000000
4420.000000
3728.000000
3333.000000
3048.000000
2715.000000
3017.000000
3878.000000
4124.000000
3737.000000
3701.000000
3859.000000
3182.000000
4582.000000
4104.000000
3468.000000
2787.000000
2722.000000
2679.000000
2764.000000
3392.000000
4080.000000
3781.000000
4508.000000
3546.000000
4629.000000
4815.000000
3839.000000
3561.000000
2688.000000
3106.000000
4067.000000
2183.000000
3235.000000
3903.000000
3969.000000
3988.000000
3606.000000
3619.000000
4049.000000
3520.000000
3402.000000
2406.000000
2703.000000
3532.000000
2650.000000
3379.000000
3508.000000
4265.000000
3732.000000
3444.000000
3982.000000
3978.000000
2858.000000
2860.000000
2265.000000
2303.000000
3548.000000
1697.000000
3490.000000
2903.000000
3603.000000
3757.000000
3992.000000
3119.000000
3923.000000
2836.000000
2793.000000
2498.000000
2264.000000
3791.000000
1942.000000
3012.000000
2938.000000
3867.000000
3526.000000
3703.000000
4470.000000
3152.000000
2423.000000
2917.000000
2130.000000
2219.000000
3385.000000
2359.000000
3004.000000
2439.000000
3573.000000
3907.000000
3066.000000
3755.000000
2561.000000
2710.000000
2747.000000
2414.000000
2252.000000
3437.000000
2374.000000
2241.000000
1057.000000
2443.000000
3731.000000
3290.000000
3429.000000
2858.000000
2973.000000
2865.000000
2647.000000
2231.000000
3157.000000
3187.000000
1757.000000
711.000000
4829.000000
3388.000000
3626.000000
3468.000000
3160.000000
3325.000000
2965.000000
3054.000000
2550.000000
2384.000000
2995.000000
2634.000000
2537.000000
5649.000000
2606.000000
3037.000000
3710.000000
3520.000000
3452.000000
3079.000000
2958.000000
2976.000000
2565.000000
2932.000000
3241.000000
2983.000000
3599.000000
3594.000000
2850.000000
3114.000000
3012.000000
3626.000000
2119.000000
2275.000000
2810.000000
2248.000000
2665.000000
2185.000000
2735.000000
3060.000000
2861.000000
3324.000000
2969.000000
2097.000000
2417.000000
1270.000000
2302.000000
2126.000000
2302.000000
2270.000000
1642.000000
2523.000000
3596.000000
3203.000000
2529.000000
