13.000000
5.000000
7.000000
27.000000
24.000000
24.000000
40.000000
14.000000
20.000000
20.000000
15.000000
7.000000
13.000000
-4.000000
-3.000000
17.000000
9.000000
8.000000
-3.000000
7.000000
2.000000
2.000000
-3.000000
43.000000
13.000000
16.000000
33.000000
13.000000
28.000000
22.000000
-6.000000
-6.000000
-8.000000
1.000000
5.000000
6.000000
20.000000
-12.000000
6.000000
-4.000000
-2.000000
-15.000000
-12.000000
-10.000000
-2.000000
-18.000000
-3.000000
-8.000000
-8.000000
-16.000000
-15.000000
6.000000
14.000000
1.000000
2.000000
-11.000000
-19.000000
-11.000000
-16.000000
-15.000000
1.000000
-25.000000
-22.000000
-29.000000
-33.000000
-33.000000
-51.000000
-31.000000
-29.000000
-27.000000
-28.000000
-2.000000
-8.000000
-3.000000
-1.000000
-8.000000
-6.000000
-1.000000
-6.000000
-26.000000
-7.000000
-4.000000
22.000000
-25.000000
-25.000000
-19.000000
-11.000000
-26.000000
-18.000000
-23.000000
-1.000000
-5.000000
-22.000000
-18.000000
-21.000000
-32.000000
-37.000000
-7.000000
-10.000000
0.000000
-5.000000
-7.000000
-7.000000
2.000000
-13.000000
28.000000
-1.000000
2.000000
-5.000000
-1.000000
-3.000000
-4.000000
4.000000
17.000000
11.000000
13.000000
7.000000
26.000000
20.000000
22.000000
19.000000
11.000000
11.000000
16.000000
34.000000
18.000000
28.000000
29.000000
35.000000
28.000000
22.000000
13.000000
7.000000
-5.000000
-40.000000
44.000000
9.000000
-14.000000
-1.000000
9.000000
17.000000
6.000000
-38.000000
-1.000000
-7.000000
7.000000
7.000000
19.000000
13.000000
19.000000
0.000000
5.000000
0.000000
22.000000
20.000000
34.000000
44.000000
-6.000000
26.000000
10.000000
16.000000
4.000000
-1.000000
-10.000000
-31.000000
30.000000
-17.000000
-30.000000
-16.000000
19.000000
37.000000
-5.000000
-48.000000
-10.000000
-25.000000
-24.000000
-18.000000
-21.000000
-10.000000
-20.000000
14.000000
-14.000000
-7.000000
-17.000000
-10.000000
-26.000000
-9.000000
-72.000000
-24.000000
7.000000
-11.000000
-14.000000
-4.000000
-12.000000
-56.000000
-78.000000
-166.000000
-116.000000
-63.000000
-78.000000
-20.000000
49.000000
-83.000000
48.000000
27.000000
30.000000
28.000000
32.000000
28.000000
6.000000
-16.000000
-15.000000
-26.000000
-36.000000
-33.000000
-13.000000
9.000000
31.000000
-56.000000
-88.000000
-11.000000
15.000000
-54.000000
-94.000000
-104.000000
-39.000000
96.000000
-133.000000
-145.000000
231.000000
139.000000
-159.000000
6.000000
-13.000000
-13.000000
-13.000000
-17.000000
-33.000000
-30.000000
-20.000000
-18.000000
-37.000000
-28.000000
-7.000000
-3.000000
-17.000000
-52.000000
8.000000
17.000000
62.000000
25.000000
-65.000000
-91.000000
77.000000
246.000000
177.000000
255.000000
14.000000
6.000000
138.000000
127.000000
-160.000000
-73.000000
-25.000000
-31.000000
-17.000000
-25.000000
-19.000000
-10.000000
-4.000000
-10.000000
-12.000000
-9.000000
48.000000
43.000000
11.000000
-50.000000
51.000000
-7.000000
-26.000000
17.000000
40.000000
20.000000
30.000000
6.000000
-1.000000
95.000000
-176.000000
-35.000000
46.000000
155.000000
-124.000000
7.000000
13.000000
-11.000000
9.000000
9.000000
15.000000
8.000000
17.000000
10.000000
5.000000
20.000000
41.000000
44.000000
21.000000
-6.000000
38.000000
-51.000000
-105.000000
-35.000000
45.000000
29.000000
-59.000000
-296.000000
163.000000
172.000000
-104.000000
23.000000
-26.000000
143.000000
-138.000000
-42.000000
59.000000
38.000000
29.000000
33.000000
10.000000
3.000000
18.000000
-5.000000
6.000000
-11.000000
-27.000000
-32.000000
-9.000000
36.000000
-49.000000
-3.000000
-9.000000
-47.000000
-104.000000
-96.000000
10.000000
116.000000
29.000000
111.000000
-75.000000
3.000000
-41.000000
94.000000
-76.000000
-32.000000
27.000000
-10.000000
-3.000000
-7.000000
-15.000000
-22.000000
-30.000000
15.000000
13.000000
-3.000000
-24.000000
-45.000000
-11.000000
60.000000
-12.000000
2.000000
-10.000000
-5.000000
13.000000
27.000000
43.000000
2.000000
-93.000000
-35.000000
-37.000000
-81.000000
-16.000000
4.000000
19.000000
43.000000
-35.000000
-15.000000
2.000000
0.000000
-11.000000
-2.000000
11.000000
14.000000
35.000000
24.000000
0.000000
14.000000
12.000000
41.000000
28.000000
-28.000000
-63.000000
25.000000
163.000000
156.000000
-27.000000
-374.000000
278.000000
126.000000
253.000000
-46.000000
84.000000
-102.000000
29.000000
-77.000000
18.000000
6.000000
12.000000
19.000000
26.000000
21.000000
27.000000
-15.000000
-37.000000
-15.000000
15.000000
2.000000
-27.000000
-53.000000
-39.000000
-3.000000
-6.000000
-53.000000
-42.000000
-72.000000
29.000000
40.000000
-105.000000
-117.000000
270.000000
-173.000000
101.000000
-254.000000
124.000000
-29.000000
39.000000
16.000000
2.000000
16.000000
-4.000000
4.000000
-2.000000
26.000000
38.000000
36.000000
39.000000
33.000000
20.000000
35.000000
-36.000000
3.000000
-47.000000
111.000000
-39.000000
305.000000
-99.000000
-99.000000
18.000000
14.000000
-151.000000
-148.000000
-32.000000
68.000000
-15.000000
8.000000
-33.000000
-18.000000
11.000000
0.000000
-13.000000
-19.000000
-4.000000
6.000000
-20.000000
-27.000000
-33.000000
-15.000000
8.000000
32.000000
-26.000000
-129.000000
14.000000
44.000000
146.000000
101.000000
-2.000000
60.000000
-63.000000
19.000000
-5.000000
-79.000000
-13.000000
-26.000000
-12.000000
-13.000000
-8.000000
-1.000000
6.000000
-2.000000
-28.000000
-33.000000
-19.000000
34.000000
2.000000
-21.000000
-12.000000
0.000000
13.000000
27.000000
105.000000
-180.000000
133.000000
34.000000
256.000000
-108.000000
-78.000000
-3.000000
-81.000000
-19.000000
19.000000
43.000000
-21.000000
1.000000
8.000000
56.000000
3.000000
31.000000
29.000000
28.000000
27.000000
6.000000
23.000000
14.000000
14.000000
47.000000
27.000000
29.000000
0.000000
-55.000000
97.000000
-118.000000
106.000000
43.000000
85.000000
-145.000000
-177.000000
-145.000000
106.000000
78.000000
98.000000
155.000000
-54.000000
-6.000000
-8.000000
59.000000
11.000000
19.000000
25.000000
36.000000
25.000000
39.000000
55.000000
-44.000000
-26.000000
-18.000000
-12.000000
-32.000000
-51.000000
-59.000000
-91.000000
-52.000000
-24.000000
33.000000
-119.000000
37.000000
-95.000000
-105.000000
253.000000
135.000000
125.000000
225.000000
-127.000000
-42.000000
-96.000000
-31.000000
-38.000000
-32.000000
-33.000000
-38.000000
-26.000000
-32.000000
-14.000000
-6.000000
-26.000000
-46.000000
-42.000000
-19.000000
-24.000000
21.000000
-116.000000
44.000000
-30.000000
37.000000
-204.000000
168.000000
-38.000000
-36.000000
90.000000
16.000000
-25.000000
212.000000
-200.000000
-3.000000
-44.000000
-4.000000
-20.000000
-18.000000
-35.000000
-37.000000
-52.000000
-53.000000
-58.000000
17.000000
5.000000
-17.000000
8.000000
7.000000
31.000000
30.000000
26.000000
37.000000
75.000000
-26.000000
-66.000000
105.000000
-43.000000
-102.000000
-35.000000
-98.000000
-148.000000
189.000000
-202.000000
80.000000
20.000000
40.000000
31.000000
11.000000
5.000000
-7.000000
-1.000000
-6.000000
-1.000000
-37.000000
-75.000000
-56.000000
-47.000000
-24.000000
-39.000000
-74.000000
60.000000
-164.000000
83.000000
-180.000000
75.000000
-58.000000
-92.000000
-294.000000
28.000000
-91.000000
-149.000000
309.000000
-281.000000
56.000000
-49.000000
-103.000000
39.000000
-10.000000
-31.000000
-26.000000
2.000000
56.000000
60.000000
63.000000
181.000000
207.000000
170.000000
85.000000
43.000000
31.000000
46.000000
120.000000
75.000000
69.000000
56.000000
112.000000
82.000000
-49.000000
143.000000
3.000000
-50.000000
-89.000000
131.000000
81.000000
53.000000
31.000000
-30.000000
-6.000000
30.000000
55.000000
10.000000
-43.000000
-46.000000
-19.000000
-18.000000
-34.000000
-46.000000
-52.000000
-37.000000
17.000000
-101.000000
-5.000000
2.000000
-26.000000
-26.000000
35.000000
48.000000
-7.000000
59.000000
4.000000
-8.000000
22.000000
33.000000
28.000000
23.000000
35.000000
21.000000
26.000000
23.000000
45.000000
23.000000
-2.000000
6.000000
17.000000
-26.000000
-36.000000
-49.000000
-19.000000
11.000000
71.000000
-77.000000
17.000000
32.000000
-28.000000
-59.000000
-21.000000
1.000000
12.000000
-15.000000
7.000000
13.000000
1.000000
-18.000000
-51.000000
-11.000000
46.000000
-6.000000
-6.000000
-3.000000
2.000000
-3.000000
-28.000000
-3.000000
16.000000
4.000000
8.000000
23.000000
14.000000
17.000000
-10.000000
15.000000
36.000000
37.000000
-12.000000
-39.000000
-31.000000
-8.000000
-10.000000
-25.000000
-5.000000
-2.000000
-1.000000
-40.000000
-66.000000
-45.000000
11.000000
-38.000000
-41.000000
-38.000000
-11.000000
-24.000000
-37.000000
-18.000000
-48.000000
-40.000000
-37.000000
-17.000000
-12.000000
-54.000000
-90.000000
-1.000000
-29.000000
-24.000000
-21.000000
9.000000
36.000000
29.000000
2.000000
30.000000
-4.000000
12.000000
37.000000
20.000000
5.000000
-22.000000
-4.000000
-11.000000
-24.000000
-11.000000
20.000000
35.000000
10.000000
21.000000
6.000000
-22.000000
-33.000000
-17.000000
-13.000000
-2.000000
-11.000000
12.000000
-13.000000
-36.000000
-15.000000
12.000000
21.000000
-9.000000
-80.000000
54.000000
-5.000000
-10.000000
6.000000
30.000000
11.000000
-9.000000
-50.000000
23.000000
-16.000000
2.000000
32.000000
35.000000
23.000000
12.000000
51.000000
33.000000
22.000000
27.000000
29.000000
43.000000
60.000000
34.000000
25.000000
22.000000
8.000000
-7.000000
-16.000000
-47.000000
-69.000000
12.000000
-23.000000
-37.000000
-10.000000
-6.000000
-24.000000
-14.000000
-34.000000
42.000000
-6.000000
-26.000000
-13.000000
-5.000000
-23.000000
-8.000000
