5245.000000
5548.000000
5654.000000
5499.000000
6085.000000
6039.000000
6266.000000
6400.000000
6106.000000
3604.000000
1832.000000
4529.000000
5696.000000
2771.000000
4566.000000
4937.000000
4839.000000
3021.000000
1328.000000
2402.000000
2635.000000
7423.000000
2262.000000
2494.000000
3140.000000
3416.000000
2790.000000
2705.000000
2724.000000
3243.000000
6361.000000
3820.000000
3040.000000
3536.000000
4340.000000
3302.000000
2448.000000
2513.000000
5237.000000
6217.000000
5795.000000
2032.000000
4117.000000
4229.000000
4707.000000
3534.000000
6350.000000
5473.000000
6588.000000
6062.000000
5624.000000
3667.000000
3841.000000
3688.000000
3419.000000
6768.000000
1984.000000
7370.000000
5324.000000
4445.000000
3809.000000
4621.000000
4040.000000
4468.000000
3606.000000
2601.000000
6384.000000
5550.000000
5585.000000
3513.000000
3550.000000
4064.000000
3492.000000
2801.000000
4429.000000
2003.000000
2802.000000
3558.000000
2822.000000
3463.000000
2326.000000
