1466.000000
1471.000000
1524.000000
1536.000000
1439.000000
1398.000000
1577.000000
1463.000000
1413.000000
1384.000000
903.000000
495.000000
569.000000
425.000000
457.000000
1713.000000
420.000000
1358.000000
1433.000000
1537.000000
1653.000000
1474.000000
1533.000000
1610.000000
1503.000000
1583.000000
1563.000000
1440.000000
366.000000
1448.000000
323.000000
1409.000000
1280.000000
869.000000
1202.000000
1385.000000
1248.000000
1408.000000
995.000000
959.000000
614.000000
1322.000000
1203.000000
1415.000000
1185.000000
1330.000000
691.000000
1445.000000
1481.000000
1490.000000
1545.000000
1374.000000
1242.000000
1529.000000
1222.000000
936.000000
634.000000
976.000000
515.000000
491.000000
539.000000
699.000000
712.000000
443.000000
1312.000000
1304.000000
1363.000000
1324.000000
1515.000000
1453.000000
714.000000
1111.000000
503.000000
1152.000000
1159.000000
165.000000
437.000000
474.000000
927.000000
249.000000
615.000000
1450.000000
1544.000000
1280.000000
1366.000000
1176.000000
253.000000
1276.000000
1175.000000
1574.000000
1347.000000
118.000000
198.000000
63.000000
132.000000
235.000000
1227.000000
362.000000
465.000000
966.000000
1264.000000
1297.000000
59.000000
1549.000000
1062.000000
132.000000
1354.000000
1217.000000
592.000000
1148.000000
1245.000000
1053.000000
1390.000000
1240.000000
208.000000
1148.000000
1388.000000
1354.000000
1433.000000
1391.000000
156.000000
1273.000000
1408.000000
447.000000
986.000000
1378.000000
1239.000000
1317.000000
1066.000000
1154.000000
1199.000000
1063.000000
1280.000000
1346.000000
1383.000000
1402.000000
1355.000000
1325.000000
1416.000000
1321.000000
1430.000000
1328.000000
113.000000
1034.000000
1256.000000
1375.000000
1233.000000
1430.000000
1352.000000
1387.000000
1237.000000
1266.000000
1251.000000
