2603.000000
2676.000000
2936.000000
3071.000000
3172.000000
3344.000000
3336.000000
3126.000000
3056.000000
2994.000000
3096.000000
2816.000000
2767.000000
2892.000000
2771.000000
2511.000000
2388.000000
2063.000000
2100.000000
2496.000000
2315.000000
3038.000000
2913.000000
3021.000000
3096.000000
3168.000000
3179.000000
3191.000000
3058.000000
3016.000000
3199.000000
3030.000000
3101.000000
3156.000000
3172.000000
3077.000000
2993.000000
3111.000000
3033.000000
3188.000000
2876.000000
2933.000000
2973.000000
3385.000000
3060.000000
3099.000000
3132.000000
3059.000000
3351.000000
3179.000000
3149.000000
3165.000000
3300.000000
3243.000000
3302.000000
3364.000000
3341.000000
3262.000000
3264.000000
3307.000000
3141.000000
3492.000000
3325.000000
3517.000000
3847.000000
3585.000000
3582.000000
3433.000000
3532.000000
3463.000000
3448.000000
3135.000000
2375.000000
1508.000000
3264.000000
1584.000000
2038.000000
3043.000000
3315.000000
3095.000000
3435.000000
3145.000000
3338.000000
3299.000000
3474.000000
3176.000000
3385.000000
3425.000000
3428.000000
3191.000000
3330.000000
3279.000000
3731.000000
2813.000000
1307.000000
3525.000000
998.000000
2800.000000
3489.000000
3637.000000
3643.000000
3009.000000
2918.000000
3459.000000
3148.000000
3959.000000
3745.000000
3696.000000
3777.000000
3222.000000
3529.000000
3179.000000
4311.000000
3310.000000
3637.000000
1219.000000
2551.000000
1259.000000
3314.000000
3377.000000
3636.000000
3565.000000
3509.000000
3353.000000
3709.000000
3351.000000
3697.000000
3513.000000
3326.000000
3582.000000
2057.000000
4305.000000
3449.000000
3708.000000
3672.000000
3295.000000
4406.000000
2671.000000
3237.000000
2573.000000
2296.000000
2967.000000
3240.000000
3238.000000
3229.000000
3454.000000
2495.000000
3687.000000
3395.000000
3278.000000
4239.000000
2503.000000
3470.000000
3433.000000
3230.000000
3786.000000
3354.000000
3853.000000
4850.000000
3183.000000
3407.000000
3642.000000
3629.000000
3209.000000
3595.000000
3465.000000
2956.000000
3726.000000
3549.000000
3495.000000
3997.000000
3855.000000
3731.000000
2890.000000
3898.000000
3176.000000
3112.000000
3786.000000
4167.000000
4382.000000
3429.000000
3521.000000
3926.000000
3032.000000
3384.000000
3080.000000
3767.000000
4037.000000
4065.000000
3543.000000
3442.000000
4494.000000
3531.000000
4253.000000
4538.000000
3576.000000
2430.000000
2874.000000
3672.000000
4519.000000
1870.000000
3269.000000
3764.000000
3279.000000
4452.000000
3055.000000
3758.000000
3552.000000
2899.000000
3371.000000
4024.000000
2988.000000
3017.000000
2714.000000
3402.000000
3517.000000
3491.000000
3189.000000
2544.000000
3116.000000
3870.000000
2181.000000
3096.000000
3072.000000
3467.000000
3595.000000
3812.000000
3639.000000
3442.000000
2743.000000
3426.000000
2949.000000
3403.000000
3006.000000
3395.000000
2896.000000
3460.000000
3371.000000
4628.000000
4032.000000
3841.000000
3462.000000
2479.000000
2626.000000
3235.000000
3179.000000
3697.000000
2787.000000
3982.000000
3831.000000
3456.000000
3904.000000
3419.000000
2961.000000
3454.000000
3406.000000
4065.000000
3948.000000
3748.000000
3969.000000
3725.000000
3990.000000
3167.000000
2621.000000
2807.000000
3651.000000
3816.000000
3631.000000
3522.000000
3673.000000
3472.000000
3202.000000
3878.000000
3444.000000
3448.000000
3749.000000
3628.000000
3681.000000
3356.000000
3829.000000
3385.000000
3458.000000
4902.000000
3123.000000
2850.000000
2587.000000
3439.000000
3474.000000
3434.000000
3580.000000
3608.000000
2324.000000
3507.000000
3166.000000
4100.000000
3691.000000
3681.000000
3168.000000
3266.000000
3393.000000
3915.000000
3366.000000
3630.000000
4300.000000
3029.000000
2922.000000
2583.000000
3920.000000
3871.000000
3352.000000
3429.000000
3569.000000
3474.000000
3630.000000
3397.000000
3116.000000
2808.000000
3462.000000
3388.000000
3531.000000
3757.000000
3529.000000
3657.000000
3830.000000
3984.000000
3029.000000
3338.000000
2271.000000
3475.000000
3652.000000
3711.000000
3524.000000
3490.000000
3370.000000
3657.000000
3549.000000
3526.000000
2901.000000
3247.000000
3134.000000
3460.000000
3828.000000
3243.000000
3462.000000
3385.000000
4117.000000
3731.000000
3536.000000
2283.000000
3651.000000
3787.000000
3287.000000
3570.000000
3591.000000
3579.000000
3843.000000
3820.000000
2984.000000
3411.000000
3491.000000
3404.000000
3435.000000
3456.000000
3626.000000
3446.000000
3533.000000
4643.000000
3965.000000
3214.000000
2431.000000
3667.000000
3576.000000
3067.000000
3048.000000
3094.000000
3836.000000
3522.000000
3612.000000
3299.000000
3815.000000
3828.000000
2231.000000
4043.000000
3830.000000
4291.000000
3929.000000
3601.000000
4611.000000
3623.000000
3164.000000
2664.000000
2848.000000
3352.000000
3219.000000
3880.000000
3130.000000
2995.000000
3470.000000
3026.000000
3628.000000
3599.000000
3616.000000
3529.000000
3600.000000
3752.000000
3374.000000
3279.000000
4310.000000
4467.000000
3425.000000
2945.000000
2786.000000
3957.000000
3273.000000
3255.000000
3448.000000
2858.000000
3571.000000
3270.000000
3322.000000
3688.000000
3453.000000
3193.000000
3485.000000
3789.000000
3499.000000
3841.000000
3761.000000
5174.000000
4363.000000
3441.000000
2630.000000
2989.000000
3706.000000
3880.000000
3504.000000
3566.000000
3358.000000
3493.000000
4359.000000
3254.000000
3175.000000
3627.000000
3707.000000
3720.000000
3443.000000
3365.000000
3444.000000
4018.000000
4895.000000
4445.000000
2740.000000
2182.000000
2655.000000
3253.000000
3799.000000
3539.000000
3479.000000
3226.000000
3522.000000
3581.000000
3850.000000
3224.000000
3324.000000
3224.000000
3169.000000
3182.000000
3386.000000
3680.000000
4181.000000
4528.000000
4049.000000
1801.000000
1819.000000
2606.000000
2688.000000
3837.000000
3366.000000
3233.000000
3418.000000
3118.000000
3259.000000
3258.000000
3545.000000
3424.000000
3434.000000
3517.000000
3428.000000
3679.000000
3542.000000
4231.000000
4006.000000
2543.000000
1824.000000
1963.000000
1329.000000
1665.000000
3601.000000
3576.000000
3195.000000
3591.000000
3482.000000
3448.000000
3360.000000
3757.000000
3348.000000
3415.000000
3303.000000
3224.000000
3577.000000
3992.000000
4445.000000
4057.000000
1721.000000
2443.000000
2315.000000
1824.000000
1808.000000
3114.000000
3462.000000
3510.000000
3245.000000
2150.000000
2922.000000
3324.000000
3522.000000
3571.000000
3926.000000
3715.000000
3515.000000
3380.000000
3438.000000
3895.000000
4310.000000
2005.000000
1786.000000
2068.000000
1613.000000
2046.000000
3355.000000
3368.000000
3723.000000
3391.000000
3299.000000
3190.000000
3087.000000
3257.000000
3845.000000
3858.000000
3584.000000
3781.000000
3711.000000
3699.000000
4084.000000
3951.000000
2013.000000
1687.000000
1972.000000
1718.000000
2125.000000
3231.000000
3756.000000
3462.000000
3248.000000
3183.000000
3197.000000
2985.000000
3703.000000
3567.000000
3832.000000
3443.000000
3211.000000
3034.000000
3691.000000
3949.000000
4064.000000
2206.000000
2211.000000
2226.000000
2113.000000
2374.000000
3417.000000
2906.000000
3292.000000
3133.000000
3240.000000
2760.000000
3003.000000
3008.000000
3379.000000
2913.000000
3132.000000
3824.000000
3400.000000
3607.000000
3471.000000
4158.000000
2379.000000
2380.000000
2262.000000
2418.000000
2288.000000
3921.000000
2040.000000
4329.000000
3447.000000
4029.000000
3555.000000
3625.000000
2892.000000
2940.000000
3533.000000
2598.000000
3408.000000
3516.000000
3529.000000
3375.000000
4888.000000
2437.000000
2317.000000
2253.000000
2911.000000
2475.000000
3727.000000
3548.000000
3787.000000
3574.000000
3540.000000
3436.000000
3212.000000
2871.000000
2995.000000
3618.000000
3101.000000
3178.000000
3577.000000
3165.000000
3285.000000
4812.000000
4178.000000
2403.000000
2318.000000
3381.000000
2606.000000
3566.000000
3674.000000
3890.000000
3481.000000
3429.000000
3308.000000
3394.000000
3822.000000
3599.000000
3698.000000
3363.000000
3383.000000
3284.000000
3568.000000
3503.000000
5158.000000
3876.000000
1859.000000
4072.000000
3205.000000
2899.000000
2532.000000
2999.000000
3678.000000
3666.000000
3592.000000
3532.000000
3544.000000
3074.000000
3161.000000
2596.000000
2627.000000
3416.000000
3603.000000
3413.000000
3304.000000
5179.000000
3732.000000
1765.000000
3246.000000
3940.000000
3184.000000
3038.000000
3339.000000
3597.000000
3602.000000
2980.000000
2613.000000
3323.000000
3148.000000
3110.000000
2941.000000
3410.000000
3034.000000
3096.000000
3361.000000
3302.000000
4177.000000
2484.000000
1679.000000
2800.000000
3378.000000
3613.000000
3155.000000
3014.000000
3058.000000
3215.000000
2637.000000
2738.000000
2917.000000
2870.000000
3018.000000
2783.000000
2909.000000
2252.000000
2836.000000
2804.000000
4143.000000
4739.000000
3016.000000
2368.000000
2093.000000
2044.000000
3790.000000
3360.000000
2713.000000
2562.000000
2578.000000
2418.000000
2574.000000
3309.000000
2940.000000
3177.000000
2877.000000
2710.000000
2992.000000
2578.000000
2949.000000
2897.000000
2818.000000
4816.000000
2412.000000
2741.000000
2607.000000
2746.000000
4382.000000
2891.000000
2918.000000
2767.000000
2906.000000
2184.000000
3992.000000
2887.000000
3064.000000
2788.000000
2652.000000
2741.000000
3045.000000
2805.000000
2548.000000
3013.000000
2769.000000
2908.000000
3222.000000
2635.000000
4893.000000
3591.000000
2971.000000
2698.000000
3086.000000
3146.000000
2947.000000
2195.000000
2691.000000
2797.000000
2743.000000
3082.000000
2423.000000
2526.000000
2826.000000
2579.000000
3098.000000
2860.000000
2995.000000
3042.000000
3030.000000
1927.000000
3527.000000
2687.000000
2467.000000
3637.000000
2998.000000
2997.000000
3247.000000
2365.000000
2824.000000
4747.000000
3571.000000
3085.000000
2974.000000
3053.000000
3282.000000
4820.000000
3873.000000
3348.000000
3028.000000
2730.000000
3081.000000
3255.000000
2884.000000
3094.000000
3231.000000
2980.000000
3255.000000
3149.000000
3094.000000
2579.000000
2089.000000
2940.000000
2599.000000
3021.000000
2895.000000
4080.000000
3472.000000
3393.000000
3258.000000
2835.000000
3215.000000
2955.000000
2773.000000
2781.000000
3146.000000
3117.000000
3100.000000
2996.000000
2901.000000
2680.000000
2806.000000
3031.000000
3551.000000
3233.000000
3302.000000
3558.000000
3137.000000
3066.000000
2924.000000
2994.000000
2647.000000
2669.000000
2819.000000
3106.000000
3206.000000
2996.000000
2822.000000
2676.000000
2278.000000
2467.000000
2402.000000
3254.000000
3022.000000
3001.000000
2677.000000
2932.000000
2892.000000
2316.000000
2917.000000
3040.000000
3237.000000
3112.000000
3279.000000
2881.000000
3394.000000
2830.000000
2860.000000
3109.000000
3004.000000
3682.000000
2296.000000
2813.000000
2598.000000
2858.000000
3037.000000
3053.000000
3230.000000
3186.000000
3510.000000
3259.000000
3230.000000
2891.000000
2687.000000
3156.000000
2869.000000
3295.000000
2964.000000
2994.000000
2932.000000
3232.000000
3092.000000
2773.000000
