10992.000000
10826.000000
10891.000000
10834.000000
10854.000000
10875.000000
10900.000000
10743.000000
10376.000000
10643.000000
10699.000000
10687.000000
10407.000000
10335.000000
10297.000000
10282.000000
10563.000000
9906.000000
10038.000000
9967.000000
9940.000000
10049.000000
10028.000000
10002.000000
9576.000000
9373.000000
9349.000000
9177.000000
5587.000000
8104.000000
9294.000000
9196.000000
8974.000000
8814.000000
8528.000000
8402.000000
8007.000000
7995.000000
7506.000000
7906.000000
7532.000000
7473.000000
8508.000000
8465.000000
7518.000000
7296.000000
7395.000000
7104.000000
7556.000000
4646.000000
2987.000000
7838.000000
7245.000000
6940.000000
6755.000000
6646.000000
6513.000000
6559.000000
7004.000000
7996.000000
7230.000000
7117.000000
7034.000000
6814.000000
6699.000000
6594.000000
6865.000000
6708.000000
6769.000000
7704.000000
6584.000000
5513.000000
7057.000000
6650.000000
6666.000000
6832.000000
7354.000000
7374.000000
6532.000000
7919.000000
8701.000000
8824.000000
9057.000000
9362.000000
7000.000000
7136.000000
7317.000000
7225.000000
7417.000000
7669.000000
6239.000000
4462.000000
6382.000000
8209.000000
7913.000000
8016.000000
9229.000000
8537.000000
9035.000000
8656.000000
9162.000000
9830.000000
8651.000000
7929.000000
8502.000000
9257.000000
8669.000000
9258.000000
9399.000000
9469.000000
6496.000000
5024.000000
4289.000000
4162.000000
8541.000000
9677.000000
9634.000000
9720.000000
10022.000000
9892.000000
10377.000000
9551.000000
9659.000000
6647.000000
6797.000000
8333.000000
9727.000000
10016.000000
9958.000000
10135.000000
9811.000000
9147.000000
9112.000000
7757.000000
5619.000000
5238.000000
9417.000000
9142.000000
9156.000000
8774.000000
9038.000000
9222.000000
8388.000000
7520.000000
7297.000000
6302.000000
7004.000000
8092.000000
9611.000000
9943.000000
9267.000000
8889.000000
7645.000000
8673.000000
9318.000000
6021.000000
4318.000000
5530.000000
8110.000000
8657.000000
9484.000000
7940.000000
7740.000000
6525.000000
6499.000000
7091.000000
5946.000000
7312.000000
6980.000000
7264.000000
7850.000000
7578.000000
6379.000000
6815.000000
7341.000000
10005.000000
6929.000000
5393.000000
5351.000000
3851.000000
5962.000000
7530.000000
6738.000000
6189.000000
5276.000000
6030.000000
6735.000000
6219.000000
7397.000000
8787.000000
8758.000000
8194.000000
8978.000000
8399.000000
9015.000000
8410.000000
9624.000000
7964.000000
4419.000000
5451.000000
4334.000000
3944.000000
4246.000000
9070.000000
8935.000000
8894.000000
9227.000000
9093.000000
9706.000000
9486.000000
9323.000000
8526.000000
8373.000000
8553.000000
8471.000000
8354.000000
8206.000000
7995.000000
5871.000000
4200.000000
5424.000000
4389.000000
3913.000000
4313.000000
4514.000000
8142.000000
8230.000000
7388.000000
8416.000000
8907.000000
8087.000000
8975.000000
9215.000000
9033.000000
9304.000000
9236.000000
9361.000000
9436.000000
7884.000000
8923.000000
6113.000000
5804.000000
5237.000000
7407.000000
5967.000000
4316.000000
4282.000000
8129.000000
8139.000000
8979.000000
9305.000000
9133.000000
8794.000000
9069.000000
8753.000000
8459.000000
8493.000000
8723.000000
8991.000000
5951.000000
8762.000000
6248.000000
6121.000000
7245.000000
4613.000000
3001.000000
3810.000000
2877.000000
6736.000000
8064.000000
8343.000000
8347.000000
8481.000000
9014.000000
8823.000000
8805.000000
8980.000000
8997.000000
8923.000000
8510.000000
3040.000000
8879.000000
8769.000000
7463.000000
6918.000000
5852.000000
3489.000000
1650.000000
3347.000000
4858.000000
8066.000000
8054.000000
7974.000000
8106.000000
7405.000000
6984.000000
6441.000000
6221.000000
6803.000000
6576.000000
7299.000000
7050.000000
7788.000000
2419.000000
6274.000000
6944.000000
5759.000000
4691.000000
4466.000000
3967.000000
3574.000000
7034.000000
7276.000000
7720.000000
7455.000000
8063.000000
8338.000000
8557.000000
8014.000000
8184.000000
8151.000000
7486.000000
7303.000000
6834.000000
6327.000000
6522.000000
6975.000000
5415.000000
4016.000000
3299.000000
2872.000000
3098.000000
7420.000000
7865.000000
8232.000000
8033.000000
7464.000000
7468.000000
7747.000000
7366.000000
7418.000000
7348.000000
8057.000000
7588.000000
7847.000000
4633.000000
7538.000000
7663.000000
3141.000000
4037.000000
2567.000000
866.000000
3180.000000
7408.000000
7627.000000
7316.000000
7678.000000
6858.000000
7358.000000
6984.000000
7616.000000
7676.000000
7044.000000
7373.000000
7234.000000
7252.000000
7022.000000
7286.000000
8731.000000
6479.000000
4724.000000
3592.000000
4485.000000
4159.000000
5137.000000
6757.000000
6411.000000
5799.000000
5786.000000
6192.000000
6696.000000
6598.000000
5911.000000
5579.000000
5267.000000
6233.000000
5835.000000
5663.000000
6102.000000
8098.000000
6394.000000
6670.000000
6798.000000
7172.000000
4005.000000
4499.000000
6044.000000
6785.000000
6579.000000
6032.000000
6386.000000
6579.000000
6109.000000
6368.000000
5986.000000
6401.000000
6405.000000
7073.000000
6521.000000
7027.000000
6232.000000
7964.000000
5673.000000
4948.000000
4877.000000
6184.000000
4907.000000
5959.000000
6026.000000
6317.000000
7032.000000
5696.000000
6005.000000
5005.000000
6788.000000
5801.000000
6543.000000
6464.000000
6291.000000
6416.000000
6318.000000
5704.000000
6415.000000
6614.000000
6283.000000
6732.000000
7325.000000
7007.000000
7018.000000
5876.000000
5893.000000
