1697.000000
1701.000000
1701.000000
1707.000000
1767.000000
1731.000000
1701.000000
1659.000000
1681.000000
1694.000000
1694.000000
1694.000000
1695.000000
987.000000
1709.000000
1324.000000
1375.000000
1406.000000
1397.000000
1388.000000
1371.000000
1383.000000
1451.000000
1284.000000
549.000000
1286.000000
1379.000000
1397.000000
1280.000000
1406.000000
1224.000000
992.000000
803.000000
1031.000000
1315.000000
636.000000
834.000000
1477.000000
1010.000000
1116.000000
1226.000000
1433.000000
1253.000000
985.000000
552.000000
1758.000000
1095.000000
1226.000000
927.000000
1089.000000
1059.000000
1401.000000
612.000000
1246.000000
1069.000000
1017.000000
807.000000
1241.000000
1066.000000
1258.000000
1199.000000
1335.000000
1295.000000
1227.000000
