5741.000000
4282.000000
7180.000000
7253.000000
6865.000000
7758.000000
7661.000000
7084.000000
5805.000000
5762.000000
5917.000000
5322.000000
5762.000000
6777.000000
6916.000000
7605.000000
5950.000000
7995.000000
7375.000000
5747.000000
6945.000000
4858.000000
4930.000000
5447.000000
4469.000000
7427.000000
7692.000000
7394.000000
2775.000000
8031.000000
5896.000000
4964.000000
7874.000000
4844.000000
5270.000000
5167.000000
4470.000000
7502.000000
7944.000000
8212.000000
4505.000000
8076.000000
5587.000000
6573.000000
6719.000000
5356.000000
6492.000000
6038.000000
4643.000000
7531.000000
8109.000000
7298.000000
3080.000000
7191.000000
5311.000000
7485.000000
7872.000000
5745.000000
6439.000000
5975.000000
4121.000000
6879.000000
8571.000000
6052.000000
2999.000000
3438.000000
7805.000000
7435.000000
8003.000000
6086.000000
5929.000000
6449.000000
5343.000000
7458.000000
4944.000000
6001.000000
4177.000000
1595.000000
4732.000000
7583.000000
4729.000000
2573.000000
5715.000000
5387.000000
4320.000000
6785.000000
8413.000000
3311.000000
2038.000000
1458.000000
1535.000000
2588.000000
2221.000000
3610.000000
6074.000000
4064.000000
4691.000000
7563.000000
8430.000000
3248.000000
1529.000000
1829.000000
1840.000000
3173.000000
2118.000000
5972.000000
5766.000000
3811.000000
4735.000000
6568.000000
8149.000000
2526.000000
2617.000000
1602.000000
3089.000000
3081.000000
3356.000000
6026.000000
6320.000000
3440.000000
4468.000000
6517.000000
3599.000000
6439.000000
2631.000000
2160.000000
3362.000000
7358.000000
7632.000000
5934.000000
6129.000000
3903.000000
4349.000000
6242.000000
3138.000000
6715.000000
3938.000000
5804.000000
3003.000000
7542.000000
8378.000000
6175.000000
5335.000000
5743.000000
3859.000000
4850.000000
2046.000000
3683.000000
3240.000000
6322.000000
3452.000000
8144.000000
8957.000000
6973.000000
5272.000000
5548.000000
5036.000000
2798.000000
5706.000000
4009.000000
2276.000000
7614.000000
3640.000000
5812.000000
8607.000000
5785.000000
5451.000000
5532.000000
5876.000000
2085.000000
3637.000000
4336.000000
3035.000000
2329.000000
3296.000000
4704.000000
6233.000000
7766.000000
5300.000000
5759.000000
5820.000000
2657.000000
2525.000000
3613.000000
2677.000000
1658.000000
4087.000000
4542.000000
5226.000000
8479.000000
5876.000000
5936.000000
3522.000000
1947.000000
3012.000000
3074.000000
1682.000000
3146.000000
2669.000000
4497.000000
4417.000000
8560.000000
5839.000000
6511.000000
2325.000000
3496.000000
8294.000000
4133.000000
1556.000000
2386.000000
2891.000000
3218.000000
4639.000000
7148.000000
5469.000000
6345.000000
2487.000000
7135.000000
8935.000000
3708.000000
1788.000000
2629.000000
3225.000000
3684.000000
4933.000000
7450.000000
7939.000000
4171.000000
5029.000000
6095.000000
8160.000000
3873.000000
2250.000000
2144.000000
3174.000000
2954.000000
4222.000000
4384.000000
6146.000000
3908.000000
4406.000000
3714.000000
7720.000000
3277.000000
3083.000000
2175.000000
2002.000000
5508.000000
1490.000000
4260.000000
6361.000000
4102.000000
3402.000000
6225.000000
7781.000000
4438.000000
5787.000000
2276.000000
2162.000000
4828.000000
1506.000000
1327.000000
5035.000000
5820.000000
4428.000000
5651.000000
7412.000000
4140.000000
4343.000000
3250.000000
2248.000000
3286.000000
1978.000000
3709.000000
7004.000000
7517.000000
1652.000000
1761.000000
3173.000000
3625.000000
3531.000000
3344.000000
2127.000000
4392.000000
2342.000000
3417.000000
5681.000000
7119.000000
