480.000000
454.000000
781.000000
1240.000000
1845.000000
2048.000000
1481.000000
4380.000000
1974.000000
888.000000
965.000000
1187.000000
1236.000000
2659.000000
7149.000000
6509.000000
5488.000000
4897.000000
5882.000000
1040.000000
249.000000
5342.000000
6070.000000
5038.000000
3880.000000
2797.000000
3717.000000
1968.000000
360.000000
646.000000
6668.000000
7590.000000
370.000000
1504.000000
1348.000000
1635.000000
1167.000000
1613.000000
5155.000000
4955.000000
5743.000000
412.000000
281.000000
1852.000000
2868.000000
5613.000000
5258.000000
4052.000000
3189.000000
2385.000000
1141.000000
401.000000
4042.000000
2402.000000
3813.000000
4829.000000
3131.000000
2630.000000
1531.000000
1849.000000
467.000000
1094.000000
3340.000000
2315.000000
2492.000000
3454.000000
3062.000000
3782.000000
3928.000000
4289.000000
3256.000000
4127.000000
4231.000000
3175.000000
2669.000000
2049.000000
2139.000000
2803.000000
3656.000000
3575.000000
5110.000000
