1610.000000
1652.000000
1739.000000
1910.000000
1781.000000
1717.000000
2164.000000
2478.000000
2665.000000
2716.000000
2688.000000
1457.000000
1655.000000
1620.000000
1428.000000
1252.000000
1634.000000
1675.000000
1748.000000
1823.000000
1634.000000
1813.000000
2231.000000
1758.000000
1648.000000
1539.000000
1363.000000
1036.000000
816.000000
1361.000000
1602.000000
1450.000000
1508.000000
1621.000000
1572.000000
504.000000
2253.000000
2235.000000
1329.000000
1433.000000
1493.000000
1517.000000
1667.000000
1730.000000
1666.000000
1729.000000
1451.000000
1520.000000
1493.000000
1566.000000
1518.000000
598.000000
3513.000000
3302.000000
3008.000000
2592.000000
1701.000000
1620.000000
1663.000000
1730.000000
1771.000000
1812.000000
1383.000000
732.000000
1445.000000
1381.000000
1520.000000
1320.000000
1074.000000
2505.000000
2455.000000
2497.000000
2301.000000
1576.000000
1614.000000
1725.000000
1594.000000
1322.000000
785.000000
829.000000
1337.000000
1389.000000
1221.000000
1039.000000
854.000000
832.000000
1603.000000
1435.000000
479.000000
1715.000000
1709.000000
1405.000000
1228.000000
457.000000
1107.000000
1118.000000
1281.000000
1326.000000
834.000000
617.000000
381.000000
332.000000
462.000000
546.000000
877.000000
1322.000000
1325.000000
1081.000000
618.000000
1234.000000
1506.000000
851.000000
1265.000000
800.000000
319.000000
623.000000
111.000000
276.000000
182.000000
803.000000
1071.000000
1129.000000
677.000000
1029.000000
1337.000000
1483.000000
1232.000000
1433.000000
1228.000000
735.000000
551.000000
312.000000
334.000000
250.000000
426.000000
1712.000000
829.000000
706.000000
1512.000000
1601.000000
1524.000000
1442.000000
1290.000000
1326.000000
1300.000000
1223.000000
524.000000
290.000000
348.000000
908.000000
1644.000000
1046.000000
774.000000
1464.000000
1580.000000
1548.000000
1552.000000
1520.000000
1408.000000
1355.000000
1530.000000
1378.000000
317.000000
1876.000000
1463.000000
1411.000000
874.000000
757.000000
1527.000000
1448.000000
1453.000000
1415.000000
1527.000000
1571.000000
1627.000000
1492.000000
1564.000000
1466.000000
934.000000
1441.000000
1105.000000
567.000000
763.000000
1409.000000
1455.000000
1479.000000
1418.000000
1368.000000
1427.000000
1833.000000
1890.000000
1571.000000
1730.000000
1866.000000
1165.000000
844.000000
618.000000
874.000000
1046.000000
1185.000000
1426.000000
1500.000000
1466.000000
1418.000000
1489.000000
2108.000000
2200.000000
1847.000000
1198.000000
1058.000000
1035.000000
376.000000
761.000000
943.000000
898.000000
989.000000
1386.000000
1584.000000
1542.000000
1523.000000
1698.000000
2140.000000
2203.000000
2026.000000
1459.000000
865.000000
452.000000
116.000000
750.000000
1009.000000
879.000000
916.000000
1323.000000
1603.000000
1641.000000
1771.000000
2028.000000
2241.000000
2068.000000
2053.000000
733.000000
690.000000
608.000000
639.000000
1066.000000
996.000000
897.000000
940.000000
1131.000000
1479.000000
1887.000000
2109.000000
2210.000000
2181.000000
2044.000000
2272.000000
