4949.000000
4480.000000
4055.000000
3976.000000
3987.000000
4061.000000
3912.000000
4448.000000
5225.000000
5505.000000
5596.000000
5973.000000
5848.000000
5705.000000
5565.000000
5375.000000
5402.000000
5236.000000
5001.000000
4672.000000
4207.000000
4118.000000
3874.000000
3650.000000
3620.000000
3478.000000
3417.000000
3407.000000
3186.000000
3129.000000
3116.000000
3042.000000
2913.000000
2760.000000
2823.000000
2773.000000
2681.000000
2598.000000
2670.000000
2725.000000
2683.000000
2732.000000
2792.000000
2864.000000
2904.000000
2947.000000
3002.000000
2993.000000
3026.000000
3097.000000
3082.000000
4524.000000
4143.000000
4006.000000
4022.000000
4093.000000
4040.000000
3907.000000
4524.000000
5266.000000
5560.000000
5869.000000
6165.000000
5873.000000
5811.000000
5685.000000
5546.000000
5513.000000
5336.000000
4999.000000
4600.000000
4425.000000
4158.000000
3832.000000
3771.000000
3689.000000
3382.000000
3411.000000
3338.000000
3248.000000
3069.000000
3045.000000
3034.000000
2935.000000
2779.000000
2751.000000
2741.000000
2681.000000
2620.000000
2686.000000
2764.000000
2829.000000
2860.000000
2869.000000
2933.000000
2990.000000
3066.000000
3166.000000
3090.000000
3068.000000
3098.000000
3115.000000
4245.000000
4018.000000
4002.000000
4000.000000
4017.000000
3963.000000
3952.000000
4582.000000
5319.000000
5613.000000
6021.000000
6135.000000
6040.000000
6027.000000
5810.000000
5709.000000
5540.000000
5329.000000
4962.000000
4739.000000
4507.000000
4139.000000
4056.000000
4062.000000
3675.000000
3316.000000
3329.000000
4496.000000
5755.000000
5401.000000
4692.000000
3406.000000
2913.000000
2872.000000
2834.000000
2755.000000
2687.000000
2831.000000
2836.000000
2965.000000
2952.000000
2970.000000
3004.000000
3055.000000
3088.000000
3136.000000
3250.000000
3185.000000
3167.000000
3156.000000
3271.000000
4104.000000
4008.000000
3971.000000
3967.000000
4010.000000
3932.000000
3979.000000
4752.000000
5388.000000
5831.000000
6155.000000
6205.000000
6230.000000
6140.000000
6008.000000
5875.000000
5696.000000
5380.000000
5068.000000
4849.000000
4495.000000
4308.000000
2478.000000
1361.000000
1702.000000
4690.000000
6132.000000
7540.000000
8758.000000
8280.000000
8256.000000
8430.000000
8491.000000
7059.000000
5634.000000
3156.000000
3054.000000
3052.000000
3049.000000
3225.000000
3357.000000
3286.000000
3365.000000
3273.000000
3187.000000
3251.000000
3276.000000
3218.000000
3285.000000
3326.000000
3429.000000
4061.000000
3898.000000
3851.000000
3857.000000
3862.000000
3872.000000
4133.000000
4929.000000
5673.000000
6061.000000
6413.000000
6544.000000
6390.000000
6299.000000
6300.000000
5963.000000
5793.000000
5377.000000
5193.000000
4820.000000
4552.000000
1649.000000
979.000000
2888.000000
6573.000000
6268.000000
5116.000000
5184.000000
4721.000000
5425.000000
5437.000000
5521.000000
5512.000000
5782.000000
5941.000000
6991.000000
6694.000000
4224.000000
3426.000000
3482.000000
3520.000000
3714.000000
3664.000000
3534.000000
3407.000000
3385.000000
3426.000000
3377.000000
3306.000000
3346.000000
3452.000000
3964.000000
3811.000000
3725.000000
3829.000000
3815.000000
3887.000000
4284.000000
5119.000000
5914.000000
6298.000000
6679.000000
6771.000000
6622.000000
6555.000000
6377.000000
6129.000000
5846.000000
5545.000000
5299.000000
4968.000000
1648.000000
1031.000000
790.000000
6582.000000
6324.000000
6141.000000
5607.000000
5669.000000
5447.000000
4424.000000
5179.000000
5293.000000
5437.000000
5319.000000
5368.000000
5750.000000
5643.000000
6306.000000
6525.000000
3725.000000
3985.000000
3800.000000
3738.000000
3641.000000
3548.000000
3456.000000
3387.000000
3380.000000
3330.000000
3373.000000
3495.000000
3806.000000
3701.000000
3654.000000
3728.000000
3803.000000
3969.000000
4475.000000
5418.000000
6146.000000
6630.000000
6843.000000
6999.000000
6912.000000
6695.000000
6473.000000
6240.000000
5839.000000
5638.000000
5239.000000
3100.000000
1662.000000
838.000000
845.000000
8767.000000
6586.000000
6358.000000
6442.000000
4472.000000
5390.000000
4904.000000
5080.000000
5332.000000
5546.000000
6321.000000
5640.000000
5317.000000
5596.000000
5572.000000
6440.000000
7121.000000
4784.000000
4055.000000
3926.000000
3853.000000
3797.000000
3557.000000
3429.000000
3357.000000
3349.000000
3410.000000
3545.000000
3735.000000
3647.000000
3596.000000
3694.000000
3764.000000
4160.000000
4999.000000
5783.000000
6431.000000
6802.000000
6970.000000
7097.000000
7079.000000
6786.000000
6558.000000
6199.000000
6009.000000
5141.000000
4882.000000
1647.000000
1031.000000
907.000000
842.000000
6589.000000
7449.000000
7592.000000
8834.000000
6920.000000
4501.000000
4863.000000
4988.000000
4813.000000
4660.000000
4786.000000
6442.000000
7785.000000
6548.000000
3984.000000
3196.000000
3713.000000
5755.000000
4626.000000
4253.000000
4073.000000
3864.000000
3697.000000
3561.000000
3422.000000
3277.000000
3313.000000
3414.000000
3700.000000
3605.000000
3619.000000
3709.000000
3798.000000
4414.000000
5288.000000
5912.000000
6563.000000
6929.000000
7089.000000
7118.000000
6989.000000
6798.000000
6528.000000
6188.000000
5428.000000
5353.000000
3889.000000
2615.000000
1963.000000
1713.000000
1833.000000
1981.000000
6928.000000
8251.000000
8706.000000
9416.000000
4556.000000
3967.000000
3588.000000
3374.000000
3662.000000
3974.000000
4659.000000
5911.000000
6956.000000
7358.000000
5351.000000
3166.000000
3621.000000
4371.000000
4354.000000
4197.000000
3926.000000
3876.000000
3643.000000
3490.000000
3272.000000
3308.000000
3338.000000
3655.000000
3586.000000
3630.000000
3751.000000
3942.000000
4712.000000
5626.000000
6163.000000
6706.000000
7082.000000
7084.000000
7014.000000
6913.000000
6731.000000
6422.000000
6156.000000
4582.000000
3764.000000
3515.000000
3268.000000
2875.000000
2693.000000
2507.000000
2341.000000
2281.000000
5591.000000
9105.000000
9297.000000
6613.000000
3757.000000
3528.000000
3371.000000
3314.000000
3451.000000
3366.000000
3362.000000
3502.000000
4092.000000
4321.000000
4257.000000
3005.000000
4147.000000
4411.000000
4155.000000
3937.000000
3832.000000
3622.000000
3345.000000
3174.000000
3196.000000
3259.000000
3632.000000
3588.000000
3579.000000
3711.000000
4321.000000
5142.000000
5727.000000
6258.000000
6766.000000
7150.000000
7024.000000
6768.000000
6766.000000
6591.000000
6410.000000
4202.000000
3653.000000
3437.000000
3150.000000
3276.000000
3463.000000
3564.000000
3531.000000
3372.000000
3467.000000
2868.000000
4672.000000
9392.000000
6844.000000
3554.000000
3392.000000
3373.000000
3352.000000
3402.000000
3440.000000
3430.000000
3425.000000
3966.000000
4307.000000
4405.000000
4526.000000
4497.000000
4311.000000
4130.000000
3926.000000
3779.000000
3532.000000
3216.000000
3192.000000
3150.000000
3275.000000
3609.000000
3556.000000
3648.000000
3790.000000
4620.000000
5259.000000
5738.000000
6215.000000
6618.000000
6927.000000
6818.000000
6479.000000
6447.000000
6505.000000
3853.000000
3900.000000
3255.000000
3140.000000
3500.000000
3363.000000
3453.000000
3434.000000
3687.000000
3470.000000
3160.000000
3105.000000
3148.000000
5333.000000
5870.000000
3452.000000
3412.000000
3409.000000
3395.000000
3434.000000
3483.000000
3529.000000
3481.000000
3773.000000
3970.000000
4227.000000
4351.000000
4215.000000
4072.000000
3940.000000
3815.000000
3623.000000
3398.000000
3069.000000
3145.000000
3093.000000
3263.000000
3598.000000
3546.000000
3666.000000
3786.000000
4750.000000
5293.000000
5560.000000
6029.000000
6363.000000
6598.000000
6396.000000
6177.000000
6479.000000
5860.000000
4731.000000
4103.000000
4272.000000
3798.000000
3366.000000
3305.000000
3313.000000
3180.000000
2989.000000
3061.000000
2926.000000
2763.000000
2913.000000
5332.000000
4024.000000
3422.000000
3405.000000
3422.000000
3368.000000
3367.000000
3373.000000
3398.000000
3468.000000
3609.000000
3851.000000
4009.000000
4084.000000
4051.000000
3916.000000
3873.000000
3780.000000
3492.000000
3266.000000
3022.000000
2999.000000
3080.000000
3260.000000
3564.000000
3587.000000
3633.000000
3902.000000
4788.000000
5105.000000
5306.000000
5588.000000
5848.000000
5883.000000
6009.000000
6471.000000
5422.000000
4246.000000
3812.000000
3573.000000
3665.000000
3411.000000
2937.000000
2901.000000
2852.000000
2865.000000
2627.000000
2687.000000
2691.000000
2006.000000
2160.000000
4794.000000
3442.000000
3347.000000
3330.000000
3294.000000
3346.000000
3248.000000
3237.000000
3317.000000
3382.000000
3479.000000
3670.000000
3777.000000
3924.000000
3917.000000
3873.000000
3870.000000
3839.000000
3598.000000
3230.000000
3067.000000
3042.000000
3116.000000
3301.000000
3622.000000
3617.000000
3694.000000
3992.000000
4672.000000
5004.000000
5103.000000
5195.000000
5268.000000
5445.000000
5863.000000
4647.000000
3728.000000
3387.000000
3297.000000
3302.000000
3208.000000
3026.000000
2822.000000
2605.000000
2584.000000
2503.000000
2388.000000
2030.000000
2198.000000
1818.000000
4226.000000
4213.000000
3823.000000
3437.000000
3313.000000
3229.000000
3140.000000
3074.000000
3050.000000
3060.000000
3183.000000
3321.000000
3407.000000
3495.000000
3619.000000
3635.000000
3772.000000
3881.000000
3943.000000
3657.000000
3311.000000
3274.000000
3388.000000
3437.000000
3576.000000
3662.000000
3659.000000
3819.000000
4057.000000
4488.000000
4749.000000
4665.000000
4474.000000
4760.000000
5141.000000
3964.000000
3738.000000
3174.000000
3092.000000
3168.000000
2953.000000
2765.000000
2503.000000
2369.000000
2590.000000
2605.000000
1914.000000
1915.000000
1331.000000
1336.000000
4753.000000
4844.000000
4638.000000
4416.000000
3944.000000
3561.000000
3206.000000
3113.000000
2960.000000
2913.000000
2899.000000
3035.000000
3150.000000
3352.000000
3483.000000
3623.000000
3744.000000
3750.000000
3851.000000
3943.000000
3762.000000
3642.000000
3789.000000
3873.000000
3925.000000
4027.000000
3821.000000
3728.000000
3915.000000
4319.000000
4539.000000
4312.000000
4079.000000
3974.000000
4732.000000
3031.000000
3645.000000
3360.000000
2985.000000
2984.000000
2678.000000
2518.000000
2452.000000
2376.000000
2368.000000
1986.000000
1617.000000
1173.000000
591.000000
852.000000
5115.000000
5284.000000
5201.000000
5082.000000
4914.000000
4515.000000
4074.000000
3591.000000
3060.000000
2914.000000
2754.000000
2804.000000
2938.000000
2999.000000
3187.000000
3471.000000
3726.000000
3897.000000
4045.000000
4086.000000
4136.000000
4123.000000
4149.000000
4328.000000
4394.000000
4442.000000
4462.000000
3726.000000
3905.000000
4091.000000
4541.000000
4613.000000
4235.000000
4028.000000
4178.000000
2654.000000
3083.000000
3344.000000
2836.000000
2742.000000
2641.000000
2500.000000
2250.000000
2200.000000
2037.000000
1278.000000
968.000000
1222.000000
1736.000000
3767.000000
5926.000000
5692.000000
5811.000000
5608.000000
5468.000000
5266.000000
4777.000000
4405.000000
3766.000000
3160.000000
2847.000000
2658.000000
2678.000000
2791.000000
2803.000000
3110.000000
3463.000000
3813.000000
4078.000000
4271.000000
4391.000000
4432.000000
4437.000000
4552.000000
4767.000000
4813.000000
4882.000000
4915.000000
7077.000000
5227.000000
4691.000000
4846.000000
4570.000000
4093.000000
3903.000000
4546.000000
1544.000000
2893.000000
3006.000000
2732.000000
2724.000000
2413.000000
2110.000000
2339.000000
1235.000000
944.000000
1262.000000
1304.000000
1944.000000
5122.000000
6148.000000
6156.000000
6102.000000
6149.000000
5998.000000
5664.000000
5333.000000
4914.000000
4463.000000
4163.000000
3733.000000
3112.000000
2740.000000
2630.000000
2685.000000
2743.000000
3102.000000
3614.000000
4082.000000
4292.000000
4432.000000
4523.000000
4658.000000
4636.000000
4816.000000
5044.000000
5193.000000
5296.000000
5242.000000
1496.000000
4809.000000
7315.000000
6925.000000
4610.000000
4097.000000
3919.000000
4497.000000
2700.000000
3222.000000
3419.000000
2795.000000
2341.000000
2641.000000
1488.000000
890.000000
701.000000
1106.000000
1235.000000
1387.000000
2012.000000
6357.000000
6305.000000
6426.000000
6441.000000
6365.000000
6188.000000
5836.000000
5427.000000
5153.000000
4835.000000
4518.000000
4000.000000
3535.000000
2999.000000
2866.000000
2936.000000
3186.000000
3511.000000
3819.000000
4188.000000
4452.000000
4572.000000
4677.000000
4834.000000
4879.000000
5057.000000
5301.000000
5411.000000
5440.000000
5348.000000
3923.000000
2139.000000
1555.000000
4051.000000
5514.000000
7059.000000
6618.000000
6716.000000
5546.000000
3417.000000
6040.000000
10180.000000
7680.000000
4025.000000
720.000000
860.000000
996.000000
1268.000000
1799.000000
1838.000000
5445.000000
6288.000000
6601.000000
6595.000000
6627.000000
6620.000000
6424.000000
6239.000000
6004.000000
5733.000000
5341.000000
4781.000000
4502.000000
4007.000000
3647.000000
3471.000000
3669.000000
3694.000000
3682.000000
4044.000000
4381.000000
4637.000000
4908.000000
4983.000000
5040.000000
5227.000000
5394.000000
5605.000000
5733.000000
5724.000000
5586.000000
4084.000000
4650.000000
4821.000000
3686.000000
2624.000000
1749.000000
4793.000000
5090.000000
3999.000000
4127.000000
4488.000000
5891.000000
5634.000000
5719.000000
5267.000000
4706.000000
5649.000000
1025.000000
2120.000000
3385.000000
8621.000000
8707.000000
8750.000000
8607.000000
6880.000000
7105.000000
7192.000000
7150.000000
6477.000000
6933.000000
6789.000000
5677.000000
4716.000000
4325.000000
4152.000000
4143.000000
4105.000000
4092.000000
4832.000000
6768.000000
6456.000000
5477.000000
5207.000000
5395.000000
5499.000000
5627.000000
5768.000000
5887.000000
5937.000000
5893.000000
5790.000000
4050.000000
4242.000000
4621.000000
4372.000000
4030.000000
4677.000000
4686.000000
5382.000000
3993.000000
3107.000000
3091.000000
4783.000000
1714.000000
3806.000000
1736.000000
3203.000000
3342.000000
3365.000000
1156.000000
3483.000000
5687.000000
8836.000000
8577.000000
8095.000000
3581.000000
3503.000000
2714.000000
3225.000000
2625.000000
2917.000000
3617.000000
4569.000000
5223.000000
6019.000000
6841.000000
6283.000000
5031.000000
6061.000000
4461.000000
3821.000000
3486.000000
5049.000000
7386.000000
7559.000000
7544.000000
6241.000000
6089.000000
6067.000000
6134.000000
5979.000000
5949.000000
3816.000000
4167.000000
4433.000000
4123.000000
4764.000000
4657.000000
6069.000000
4592.000000
3480.000000
4509.000000
4014.000000
6423.000000
2758.000000
4879.000000
4287.000000
3837.000000
3882.000000
3276.000000
2258.000000
1936.000000
3272.000000
4014.000000
7762.000000
6956.000000
6526.000000
6980.000000
6960.000000
6658.000000
6369.000000
6037.000000
5698.000000
5638.000000
5368.000000
4678.000000
4182.000000
3631.000000
3777.000000
4919.000000
5066.000000
5198.000000
5211.000000
5205.000000
3999.000000
3902.000000
3091.000000
5167.000000
6985.000000
7103.000000
7617.000000
7087.000000
5749.000000
3853.000000
3877.000000
4173.000000
4503.000000
4900.000000
5807.000000
6398.000000
3125.000000
3282.000000
4555.000000
4513.000000
4108.000000
3464.000000
5874.000000
4819.000000
4797.000000
5251.000000
5503.000000
5811.000000
5957.000000
6319.000000
4189.000000
7841.000000
7048.000000
6583.000000
6669.000000
6728.000000
6464.000000
6275.000000
6035.000000
5906.000000
5877.000000
5653.000000
5477.000000
5364.000000
5088.000000
5004.000000
5023.000000
5138.000000
5095.000000
5052.000000
5224.000000
5509.000000
5751.000000
5897.000000
6112.000000
4492.000000
4259.000000
2813.000000
4785.000000
7571.000000
