%0
2 1 1 
0 2 1 
1 1 1 
1 0 0 
0 2 2 
#
0 1 1 
1 0 2 
2 2 0 
2 2 1 
0 1 0 
#
1 2 0 
2 2 0 
0 0 2 
1 0 2 
0 0 0 
%1
2 1 
1 1 
0 2 
#
1 1 
1 2 
0 0 
#
0 2 
0 0 
1 0 
%2
2 0 
1 1 
#
1 2 
1 1 
#
1 1 
2 0 
%3
0 2 2 2 
2 2 0 1 
#
2 1 2 2 
0 2 1 0 
#
0 2 1 1 
2 0 1 0 
%4
2 1 1 2 
2 0 1 1 
2 1 2 2 
0 1 0 1 
0 2 2 2 
#
1 1 0 0 
2 0 1 2 
2 0 2 1 
2 2 1 0 
2 1 2 0 
#
1 1 1 1 
1 1 2 0 
1 1 2 1 
2 1 2 0 
0 1 0 0 
%5
0 0 1 1 1 
1 2 0 0 2 
1 1 2 0 1 
#
2 0 2 2 0 
1 1 0 2 2 
2 2 0 2 0 
#
1 2 2 0 0 
1 0 1 0 0 
0 0 2 0 2 
%6
0 2 0 0 2 
1 2 0 2 1 
1 0 0 1 2 
2 2 2 0 0 
0 2 2 2 0 
#
1 2 2 1 1 
2 2 2 2 2 
0 2 1 1 1 
1 0 1 2 0 
1 2 2 2 0 
#
2 0 0 0 0 
2 1 1 2 0 
2 0 0 2 2 
0 0 1 0 0 
0 1 2 0 0 
%7
2 0 2 2 
1 2 1 2 
1 0 2 2 
1 1 0 1 
0 0 0 0 
#
0 2 0 0 
2 0 0 1 
1 2 0 2 
1 0 2 2 
0 0 1 0 
#
2 2 1 2 
0 2 0 0 
0 2 2 1 
1 1 1 1 
2 2 1 1 
%8
1 2 2 
0 2 2 
0 2 0 
1 1 1 
#
1 1 2 
0 2 0 
0 2 1 
0 0 2 
#
2 1 2 
0 0 1 
2 0 2 
1 0 1 
%9
0 2 
1 0 
1 2 
1 2 
2 1 
#
1 2 
1 2 
2 2 
1 0 
1 2 
#
0 1 
0 0 
0 2 
2 2 
1 2 
%10
1 1 0 
2 1 0 
#
1 2 2 
2 0 0 
#
1 1 0 
1 2 1 
%11
2 0 1 2 2 
1 0 0 0 0 
#
0 0 0 2 1 
0 0 0 0 0 
#
2 1 1 1 1 
0 1 1 2 2 
%12
0 0 
1 0 
#
2 2 
1 1 
#
0 0 
1 1 
%13
2 1 
0 2 
#
1 1 
0 1 
#
2 2 
2 0 
%14
2 2 2 2 
0 1 0 0 
1 0 2 2 
#
2 2 2 1 
2 0 2 0 
0 0 0 1 
#
0 2 2 0 
1 1 1 2 
0 0 2 2 
%15
1 1 2 
2 1 0 
0 1 2 
1 1 0 
2 1 1 
#
2 1 1 
0 2 1 
0 1 2 
2 0 0 
1 1 1 
#
0 0 2 
0 2 0 
1 0 1 
0 0 1 
2 0 0 
%16
0 2 1 0 
0 0 2 0 
0 0 1 1 
#
0 0 1 1 
0 1 1 2 
2 0 2 1 
#
0 0 2 2 
0 1 0 2 
0 1 0 0 
%17
2 0 
1 2 
0 1 
2 2 
2 1 
#
1 0 
2 2 
2 1 
1 2 
1 1 
#
1 0 
2 0 
1 0 
2 1 
0 2 
%18
2 0 
1 1 
#
0 2 
2 2 
#
1 0 
2 2 
%19
2 0 0 0 1 
1 0 2 1 1 
0 2 1 2 1 
#
2 1 2 1 2 
0 0 0 2 0 
2 0 0 0 0 
#
1 2 1 2 2 
2 1 2 1 1 
2 1 0 0 2 
%20
2 2 
1 1 
#
0 1 
2 2 
#
0 1 
1 2 
%21
2 0 0 0 2 
0 1 2 1 2 
1 1 1 1 1 
0 1 1 2 1 
1 0 0 2 2 
#
1 0 1 0 2 
1 0 2 2 2 
1 0 2 2 0 
0 0 0 1 1 
0 1 2 0 2 
#
2 1 1 2 2 
2 2 0 0 2 
1 2 1 0 1 
0 2 2 2 2 
0 1 1 1 2 
%22
2 2 2 2 2 
0 0 1 2 0 
2 0 2 0 0 
1 2 0 1 0 
2 0 0 2 0 
#
1 1 0 1 2 
0 0 0 2 1 
2 2 2 1 2 
2 0 2 2 1 
0 0 1 0 0 
#
2 1 2 0 0 
0 2 1 1 0 
0 1 0 0 1 
0 1 1 2 1 
0 0 0 1 2 
%23
2 1 2 
1 2 1 
0 2 0 
#
1 1 1 
2 2 0 
0 1 1 
#
1 2 0 
0 0 2 
1 0 1 
%24
2 2 2 
2 2 1 
#
0 2 2 
2 0 2 
#
0 1 1 
1 2 2 
%25
0 2 1 
2 0 0 
2 0 1 
1 0 2 
#
0 1 1 
1 2 1 
1 2 2 
0 2 2 
#
2 1 0 
0 0 1 
0 2 1 
0 1 0 
%26
1 1 2 2 
2 2 2 0 
1 1 0 1 
2 0 0 1 
0 1 1 2 
#
2 2 0 0 
2 2 2 2 
2 0 1 0 
0 1 0 0 
0 2 0 0 
#
2 1 0 1 
1 1 2 2 
1 2 1 2 
1 2 0 0 
1 2 0 2 
%27
0 1 1 0 
0 2 1 0 
1 0 0 1 
#
0 2 0 0 
1 1 0 2 
2 2 2 2 
#
1 1 2 1 
2 0 0 2 
2 0 0 1 
%28
1 1 
2 1 
0 1 
#
1 1 
0 2 
0 1 
#
2 0 
0 0 
2 2 
%29
2 0 
1 2 
1 1 
2 2 
#
1 0 
0 0 
0 1 
1 0 
#
0 0 
1 2 
2 0 
2 0 
%30
1 2 0 
0 0 1 
0 1 0 
2 0 1 
#
2 1 2 
1 1 2 
2 2 1 
2 0 0 
#
1 0 0 
1 0 1 
1 1 1 
0 2 0 
%31
0 0 1 
0 2 0 
#
1 1 2 
1 0 0 
#
0 2 0 
0 2 0 
%32
2 1 2 1 
2 2 2 2 
2 0 2 1 
#
1 2 1 0 
1 2 1 0 
0 0 0 0 
#
0 2 2 1 
2 0 0 1 
1 2 0 2 
%33
1 1 2 0 
2 0 1 0 
2 0 0 0 
2 0 0 0 
#
2 1 2 0 
2 2 2 1 
2 0 2 1 
2 2 1 0 
#
1 2 0 2 
2 1 0 1 
2 0 1 1 
1 1 1 0 
%34
2 1 0 0 
0 1 1 0 
#
0 0 0 2 
0 2 1 1 
#
0 0 1 2 
1 1 0 1 
%35
1 1 
0 0 
2 1 
2 0 
1 0 
#
1 1 
1 1 
1 1 
0 0 
0 0 
#
2 2 
0 2 
2 2 
1 2 
1 2 
%36
0 1 2 
0 1 1 
0 1 2 
0 0 1 
0 1 2 
#
1 1 2 
1 2 0 
1 2 0 
1 0 0 
0 0 1 
#
1 0 0 
2 2 1 
2 1 2 
2 1 1 
0 1 0 
%37
2 2 1 1 
2 0 1 1 
1 2 0 0 
2 0 1 0 
1 2 2 1 
#
1 2 0 0 
1 1 2 1 
2 1 1 2 
1 1 1 0 
2 0 2 2 
#
1 2 2 1 
2 0 2 2 
1 0 2 1 
2 1 1 2 
2 1 2 0 
%38
1 1 1 1 0 
2 2 2 2 1 
#
0 1 1 1 0 
2 1 1 0 1 
#
0 0 1 1 2 
2 1 0 1 1 
%39
2 0 1 2 
0 2 2 0 
2 2 1 1 
1 2 1 2 
0 0 0 0 
#
2 1 1 0 
0 0 1 0 
2 2 2 1 
2 1 1 1 
0 2 1 1 
#
0 1 0 0 
1 1 1 1 
1 0 0 1 
2 0 1 1 
0 2 1 0 
%40
1 2 
2 2 
1 0 
1 1 
#
2 1 
0 1 
1 0 
2 0 
#
0 1 
0 1 
1 1 
2 2 
%41
1 1 2 1 
2 0 1 2 
2 2 2 2 
0 2 0 1 
#
2 1 1 2 
2 0 1 0 
0 1 1 1 
0 2 0 0 
#
1 1 1 2 
0 2 0 0 
1 1 0 1 
2 0 1 0 
%42
2 0 
1 2 
2 2 
#
2 0 
2 1 
1 0 
#
2 0 
2 0 
2 1 
%43
0 2 0 1 
0 2 1 2 
1 0 2 2 
1 2 2 0 
#
2 0 0 1 
0 1 1 0 
1 2 0 0 
0 0 2 2 
#
0 1 0 1 
0 1 0 2 
1 0 0 2 
1 1 0 1 
%44
0 1 
2 0 
0 0 
1 0 
#
1 0 
1 2 
1 2 
1 2 
#
1 0 
0 2 
2 0 
0 0 
%45
2 2 1 
2 1 1 
2 0 1 
2 2 2 
#
2 1 1 
2 0 1 
2 2 0 
0 1 2 
#
0 1 1 
2 1 0 
0 2 2 
0 1 2 
%46
2 1 1 1 1 
1 1 0 2 1 
1 0 0 0 2 
#
0 1 2 1 2 
1 0 2 1 2 
2 1 1 1 0 
#
2 2 2 2 0 
0 1 0 1 2 
2 0 0 2 0 
%47
0 1 1 0 
0 2 1 1 
#
0 0 0 1 
1 2 2 0 
#
1 2 2 1 
2 2 1 0 
%48
2 0 1 
2 2 2 
#
0 1 0 
1 1 2 
#
1 2 1 
2 2 1 
%49
1 2 0 1 2 
0 2 2 0 2 
#
0 2 2 0 2 
1 0 1 2 0 
#
1 1 2 0 2 
0 2 1 1 2 
%50
2 1 0 0 0 
0 2 1 1 1 
1 0 0 1 2 
2 1 1 0 1 
1 2 2 2 2 
#
1 0 1 0 0 
2 0 2 1 2 
1 0 0 0 1 
0 1 0 0 0 
0 2 2 0 0 
#
0 0 1 0 2 
0 2 2 1 0 
1 0 2 2 0 
0 2 2 1 1 
1 1 2 1 0 
%51
2 2 2 
2 2 1 
1 2 0 
#
2 0 1 
0 0 2 
1 2 1 
#
2 2 2 
2 2 2 
2 0 1 
%52
1 2 0 
0 2 1 
#
0 2 0 
2 1 2 
#
0 2 2 
2 2 2 
%53
2 2 2 2 
0 1 2 0 
2 0 2 1 
2 0 0 1 
0 0 2 2 
#
1 0 0 2 
2 2 1 1 
2 1 1 1 
2 0 2 1 
1 2 2 2 
#
1 0 2 2 
2 1 1 1 
1 1 2 0 
0 1 2 0 
2 1 2 0 
%54
0 2 1 1 
0 0 1 0 
#
2 2 0 2 
2 1 2 0 
#
0 0 0 0 
2 0 1 2 
%55
2 1 
2 0 
2 1 
2 2 
2 0 
#
0 2 
2 2 
2 0 
2 1 
1 0 
#
2 1 
2 0 
0 1 
2 1 
1 0 
%56
2 0 0 2 1 
2 1 1 1 1 
1 2 2 2 2 
#
1 2 1 1 2 
0 1 2 0 1 
1 1 0 2 1 
#
1 1 1 1 1 
1 1 2 1 0 
2 2 1 0 2 
%57
0 0 2 0 
2 2 2 1 
2 0 0 0 
1 0 1 0 
#
2 0 0 1 
0 0 2 1 
2 2 1 1 
1 2 1 0 
#
0 2 0 0 
0 1 0 2 
0 0 2 0 
0 2 0 0 
%58
2 0 0 2 2 
1 2 0 1 0 
0 2 0 0 1 
#
1 1 2 2 0 
0 2 2 0 0 
1 1 1 0 1 
#
2 1 0 1 0 
1 0 0 0 2 
0 2 0 0 0 
%59
0 1 0 2 
2 2 0 0 
#
2 2 2 2 
2 1 2 0 
#
0 0 1 1 
0 1 1 2 
%60
1 1 
2 2 
1 0 
0 1 
1 0 
#
2 0 
1 2 
2 0 
1 1 
2 1 
#
1 2 
0 1 
1 1 
2 1 
0 0 
%61
1 0 1 0 
1 0 1 2 
0 1 0 1 
0 1 0 2 
#
0 2 2 0 
0 1 0 2 
2 2 2 1 
0 1 0 0 
#
2 1 2 1 
1 1 1 2 
0 1 1 1 
2 0 1 2 
%62
2 2 0 1 1 
0 0 2 2 2 
#
1 0 0 1 1 
0 1 0 2 1 
#
2 1 0 0 0 
0 1 1 0 0 
%63
2 1 2 1 
2 1 2 2 
2 1 2 1 
#
0 2 2 2 
1 0 1 0 
2 1 0 2 
#
0 2 0 1 
1 0 2 2 
2 0 0 2 
%64
0 2 0 2 1 
2 2 0 2 1 
#
0 1 2 1 0 
0 0 0 2 1 
#
0 0 1 2 1 
1 1 2 2 0 
%65
2 1 0 
0 0 2 
2 1 2 
#
2 2 2 
0 2 1 
2 2 1 
#
0 2 1 
2 1 1 
2 1 1 
%66
1 0 2 2 
2 0 0 2 
2 1 1 1 
#
1 0 2 2 
1 0 2 0 
0 2 2 0 
#
0 1 2 0 
0 1 2 1 
2 1 2 0 
%67
2 1 2 
2 0 0 
0 2 0 
#
0 0 1 
2 0 2 
1 0 2 
#
1 2 0 
1 1 2 
2 2 2 
%68
2 1 2 1 
1 2 1 2 
0 2 2 1 
#
2 2 2 1 
2 0 2 1 
0 2 2 2 
#
1 1 2 2 
0 0 1 2 
2 2 1 1 
%69
1 1 0 
2 1 2 
2 2 0 
#
2 0 1 
1 2 0 
0 1 1 
#
0 1 1 
2 2 2 
0 2 0 
%70
1 2 0 
2 1 1 
0 1 0 
0 1 1 
#
2 0 0 
1 1 2 
1 0 2 
0 0 0 
#
2 0 2 
2 1 1 
1 0 0 
2 0 0 
%71
0 1 
2 1 
1 1 
1 2 
#
1 1 
2 0 
1 0 
2 0 
#
1 0 
2 2 
1 1 
0 1 
%72
2 1 
0 0 
#
2 1 
2 2 
#
1 1 
2 1 
%73
0 2 1 1 
0 0 1 2 
0 1 0 1 
#
1 2 0 1 
1 2 1 0 
2 0 2 2 
#
1 2 1 2 
2 1 0 2 
1 0 0 1 
%74
1 1 
0 1 
1 1 
#
1 1 
1 1 
2 2 
#
1 0 
1 2 
0 2 
%75
1 0 0 2 
1 0 1 1 
2 2 1 2 
2 0 1 1 
0 1 1 2 
#
1 1 1 0 
0 1 2 2 
1 0 1 0 
2 1 1 1 
0 1 1 0 
#
2 1 1 1 
2 1 0 2 
0 1 1 2 
1 2 0 0 
1 1 0 1 
%76
0 0 0 2 0 
2 0 0 1 1 
#
1 1 0 0 0 
1 2 0 1 1 
#
0 2 1 1 0 
1 1 1 2 1 
%77
1 2 1 2 0 
1 1 2 0 1 
#
1 1 2 1 2 
2 1 0 2 2 
#
1 1 0 2 2 
2 0 2 0 2 
%78
0 0 2 2 
2 0 0 1 
#
1 2 1 1 
2 2 1 2 
#
0 1 2 0 
0 2 1 2 
%79
0 2 2 
0 1 0 
1 1 2 
#
2 0 1 
1 0 1 
2 0 2 
#
0 2 2 
1 1 1 
0 0 1 
%80
2 0 0 1 
0 0 0 2 
1 2 0 2 
0 2 1 1 
#
1 2 0 0 
0 0 1 0 
0 2 2 2 
0 2 0 0 
#
1 1 2 2 
0 1 2 2 
2 2 0 1 
2 2 1 2 
%81
0 2 0 2 
2 1 0 2 
#
2 1 0 2 
0 1 1 0 
#
0 1 2 2 
1 0 1 1 
%82
1 2 2 2 1 
1 0 0 1 0 
#
0 1 2 2 0 
1 1 0 2 2 
#
2 2 0 1 2 
2 1 0 0 1 
%83
2 1 1 0 1 
1 2 0 1 1 
1 0 0 1 2 
1 1 2 1 0 
#
0 2 1 2 1 
1 0 0 1 1 
2 0 0 0 1 
2 1 0 2 2 
#
2 2 0 2 1 
1 2 2 1 0 
1 2 1 0 0 
2 2 2 2 1 
%84
0 0 0 1 
2 0 1 2 
#
0 0 1 2 
0 0 0 2 
#
2 1 1 1 
2 2 2 0 
%85
2 0 1 
0 1 0 
0 1 2 
#
2 0 0 
2 0 0 
2 2 1 
#
2 2 0 
0 1 0 
2 2 1 
%86
1 0 2 2 1 
0 2 0 0 2 
0 1 1 0 0 
0 0 1 1 2 
2 2 1 1 0 
#
2 2 1 1 2 
1 1 2 0 2 
1 2 0 0 2 
2 0 0 2 0 
2 0 1 2 0 
#
0 1 1 2 1 
2 1 0 2 1 
1 1 2 1 0 
0 1 2 0 2 
2 2 1 1 1 
%87
2 0 
0 1 
2 2 
0 1 
#
1 1 
1 0 
0 1 
0 1 
#
0 2 
2 2 
2 1 
1 0 
%88
2 2 2 
1 2 1 
0 1 0 
2 1 0 
#
2 0 0 
1 1 0 
0 2 1 
2 2 2 
#
0 2 0 
0 1 1 
0 0 2 
1 0 1 
%89
0 0 
1 0 
#
0 2 
1 2 
#
1 1 
1 2 
%90
0 0 2 
0 1 0 
#
1 2 0 
0 0 0 
#
2 1 0 
2 2 0 
%91
1 1 
0 0 
1 0 
2 1 
2 0 
#
0 1 
0 0 
2 1 
1 0 
1 1 
#
1 2 
1 2 
0 0 
2 0 
1 1 
%92
2 1 2 1 0 
0 0 0 1 0 
0 2 0 0 0 
2 2 2 1 1 
#
0 1 1 0 2 
0 1 2 0 0 
2 2 0 1 1 
1 2 2 0 1 
#
0 0 1 0 0 
0 0 0 2 1 
2 0 2 1 1 
0 0 2 2 0 
%93
1 1 0 
2 1 2 
1 0 2 
1 1 0 
#
2 2 2 
1 1 1 
2 0 0 
1 2 1 
#
2 1 0 
0 1 1 
1 0 1 
0 0 0 
%94
2 1 2 0 1 
2 2 0 2 1 
2 0 2 2 2 
#
2 2 1 1 1 
2 0 1 1 2 
0 0 0 2 0 
#
1 0 0 0 2 
2 0 2 1 2 
0 1 2 1 1 
%95
1 2 1 1 
2 1 1 2 
#
1 1 1 2 
0 0 2 1 
#
1 1 1 2 
0 2 2 2 
%96
0 2 2 1 
2 1 0 1 
2 2 0 2 
#
1 2 2 0 
2 0 2 2 
0 0 1 2 
#
2 0 2 1 
0 0 2 1 
1 2 0 1 
%97
2 2 0 2 
0 2 0 2 
#
0 0 2 0 
0 0 2 1 
#
1 0 0 2 
0 2 2 1 
%98
2 1 
2 1 
0 1 
0 1 
2 2 
#
1 2 
2 0 
1 0 
2 2 
1 1 
#
1 2 
0 0 
0 2 
0 0 
2 2 
%99
0 2 2 0 
2 2 0 2 
1 2 1 1 
0 1 0 1 
1 0 2 0 
#
2 2 0 0 
0 1 0 2 
2 2 0 1 
1 0 1 1 
2 0 0 0 
#
1 2 0 1 
2 2 2 2 
0 2 2 0 
2 2 1 1 
1 1 0 2 
%100
0 0 0 2 
0 2 1 2 
2 2 0 0 
0 2 1 2 
#
2 2 0 2 
0 0 2 1 
1 2 0 2 
1 1 2 1 
#
2 1 1 0 
2 0 0 2 
0 2 1 2 
2 1 0 0 
